gaze_0_x,gaze_0_y,gaze_0_z,gaze_1_x,gaze_1_y,gaze_1_z,gaze_angle_x,gaze_angle_y,eye_lmk_x_0,eye_lmk_x_1,eye_lmk_x_2,eye_lmk_x_3,eye_lmk_x_4,eye_lmk_x_5,eye_lmk_x_6,eye_lmk_x_7,eye_lmk_x_8,eye_lmk_x_9,eye_lmk_x_10,eye_lmk_x_11,eye_lmk_x_12,eye_lmk_x_13,eye_lmk_x_14,eye_lmk_x_15,eye_lmk_x_16,eye_lmk_x_17,eye_lmk_x_18,eye_lmk_x_19,eye_lmk_x_20,eye_lmk_x_21,eye_lmk_x_22,eye_lmk_x_23,eye_lmk_x_24,eye_lmk_x_25,eye_lmk_x_26,eye_lmk_x_27,eye_lmk_x_28,eye_lmk_x_29,eye_lmk_x_30,eye_lmk_x_31,eye_lmk_x_32,eye_lmk_x_33,eye_lmk_x_34,eye_lmk_x_35,eye_lmk_x_36,eye_lmk_x_37,eye_lmk_x_38,eye_lmk_x_39,eye_lmk_x_40,eye_lmk_x_41,eye_lmk_x_42,eye_lmk_x_43,eye_lmk_x_44,eye_lmk_x_45,eye_lmk_x_46,eye_lmk_x_47,eye_lmk_x_48,eye_lmk_x_49,eye_lmk_x_50,eye_lmk_x_51,eye_lmk_x_52,eye_lmk_x_53,eye_lmk_x_54,eye_lmk_x_55,eye_lmk_y_0,eye_lmk_y_1,eye_lmk_y_2,eye_lmk_y_3,eye_lmk_y_4,eye_lmk_y_5,eye_lmk_y_6,eye_lmk_y_7,eye_lmk_y_8,eye_lmk_y_9,eye_lmk_y_10,eye_lmk_y_11,eye_lmk_y_12,eye_lmk_y_13,eye_lmk_y_14,eye_lmk_y_15,eye_lmk_y_16,eye_lmk_y_17,eye_lmk_y_18,eye_lmk_y_19,eye_lmk_y_20,eye_lmk_y_21,eye_lmk_y_22,eye_lmk_y_23,eye_lmk_y_24,eye_lmk_y_25,eye_lmk_y_26,eye_lmk_y_27,eye_lmk_y_28,eye_lmk_y_29,eye_lmk_y_30,eye_lmk_y_31,eye_lmk_y_32,eye_lmk_y_33,eye_lmk_y_34,eye_lmk_y_35,eye_lmk_y_36,eye_lmk_y_37,eye_lmk_y_38,eye_lmk_y_39,eye_lmk_y_40,eye_lmk_y_41,eye_lmk_y_42,eye_lmk_y_43,eye_lmk_y_44,eye_lmk_y_45,eye_lmk_y_46,eye_lmk_y_47,eye_lmk_y_48,eye_lmk_y_49,eye_lmk_y_50,eye_lmk_y_51,eye_lmk_y_52,eye_lmk_y_53,eye_lmk_y_54,eye_lmk_y_55,eye_lmk_X_0,eye_lmk_X_1,eye_lmk_X_2,eye_lmk_X_3,eye_lmk_X_4,eye_lmk_X_5,eye_lmk_X_6,eye_lmk_X_7,eye_lmk_X_8,eye_lmk_X_9,eye_lmk_X_10,eye_lmk_X_11,eye_lmk_X_12,eye_lmk_X_13,eye_lmk_X_14,eye_lmk_X_15,eye_lmk_X_16,eye_lmk_X_17,eye_lmk_X_18,eye_lmk_X_19,eye_lmk_X_20,eye_lmk_X_21,eye_lmk_X_22,eye_lmk_X_23,eye_lmk_X_24,eye_lmk_X_25,eye_lmk_X_26,eye_lmk_X_27,eye_lmk_X_28,eye_lmk_X_29,eye_lmk_X_30,eye_lmk_X_31,eye_lmk_X_32,eye_lmk_X_33,eye_lmk_X_34,eye_lmk_X_35,eye_lmk_X_36,eye_lmk_X_37,eye_lmk_X_38,eye_lmk_X_39,eye_lmk_X_40,eye_lmk_X_41,eye_lmk_X_42,eye_lmk_X_43,eye_lmk_X_44,eye_lmk_X_45,eye_lmk_X_46,eye_lmk_X_47,eye_lmk_X_48,eye_lmk_X_49,eye_lmk_X_50,eye_lmk_X_51,eye_lmk_X_52,eye_lmk_X_53,eye_lmk_X_54,eye_lmk_X_55,eye_lmk_Y_0,eye_lmk_Y_1,eye_lmk_Y_2,eye_lmk_Y_3,eye_lmk_Y_4,eye_lmk_Y_5,eye_lmk_Y_6,eye_lmk_Y_7,eye_lmk_Y_8,eye_lmk_Y_9,eye_lmk_Y_10,eye_lmk_Y_11,eye_lmk_Y_12,eye_lmk_Y_13,eye_lmk_Y_14,eye_lmk_Y_15,eye_lmk_Y_16,eye_lmk_Y_17,eye_lmk_Y_18,eye_lmk_Y_19,eye_lmk_Y_20,eye_lmk_Y_21,eye_lmk_Y_22,eye_lmk_Y_23,eye_lmk_Y_24,eye_lmk_Y_25,eye_lmk_Y_26,eye_lmk_Y_27,eye_lmk_Y_28,eye_lmk_Y_29,eye_lmk_Y_30,eye_lmk_Y_31,eye_lmk_Y_32,eye_lmk_Y_33,eye_lmk_Y_34,eye_lmk_Y_35,eye_lmk_Y_36,eye_lmk_Y_37,eye_lmk_Y_38,eye_lmk_Y_39,eye_lmk_Y_40,eye_lmk_Y_41,eye_lmk_Y_42,eye_lmk_Y_43,eye_lmk_Y_44,eye_lmk_Y_45,eye_lmk_Y_46,eye_lmk_Y_47,eye_lmk_Y_48,eye_lmk_Y_49,eye_lmk_Y_50,eye_lmk_Y_51,eye_lmk_Y_52,eye_lmk_Y_53,eye_lmk_Y_54,eye_lmk_Y_55,eye_lmk_Z_0,eye_lmk_Z_1,eye_lmk_Z_2,eye_lmk_Z_3,eye_lmk_Z_4,eye_lmk_Z_5,eye_lmk_Z_6,eye_lmk_Z_7,eye_lmk_Z_8,eye_lmk_Z_9,eye_lmk_Z_10,eye_lmk_Z_11,eye_lmk_Z_12,eye_lmk_Z_13,eye_lmk_Z_14,eye_lmk_Z_15,eye_lmk_Z_16,eye_lmk_Z_17,eye_lmk_Z_18,eye_lmk_Z_19,eye_lmk_Z_20,eye_lmk_Z_21,eye_lmk_Z_22,eye_lmk_Z_23,eye_lmk_Z_24,eye_lmk_Z_25,eye_lmk_Z_26,eye_lmk_Z_27,eye_lmk_Z_28,eye_lmk_Z_29,eye_lmk_Z_30,eye_lmk_Z_31,eye_lmk_Z_32,eye_lmk_Z_33,eye_lmk_Z_34,eye_lmk_Z_35,eye_lmk_Z_36,eye_lmk_Z_37,eye_lmk_Z_38,eye_lmk_Z_39,eye_lmk_Z_40,eye_lmk_Z_41,eye_lmk_Z_42,eye_lmk_Z_43,eye_lmk_Z_44,eye_lmk_Z_45,eye_lmk_Z_46,eye_lmk_Z_47,eye_lmk_Z_48,eye_lmk_Z_49,eye_lmk_Z_50,eye_lmk_Z_51,eye_lmk_Z_52,eye_lmk_Z_53,eye_lmk_Z_54,eye_lmk_Z_55,pose_Tx,pose_Ty,pose_Tz,pose_Rx,pose_Ry,pose_Rz,AU01_r,AU02_r,AU04_r,AU05_r,AU06_r,AU07_r,AU09_r,AU10_r,AU12_r,AU14_r,AU15_r,AU17_r,AU20_r,AU23_r,AU25_r,AU26_r
0.149258,0.194993,-0.969381,-0.004023,0.189123,-0.981945,0.074,0.194,361.1,362.8,366.9,371.0,372.6,371.2,366.8,362.8,355.7,358.2,361.8,366.1,370.5,373.9,376.4,373.7,369.9,365.8,361.8,358.3,365.1,366.9,368.6,369.4,368.7,366.9,365.1,364.4,414.8,416.2,420.1,424.2,426.2,424.7,420.8,416.4,410.8,413.5,417.1,421.5,425.6,428.7,430.8,428.8,425.8,422.1,417.9,413.9,418.7,420.5,422.2,422.8,422.0,420.2,418.5,417.8,148.1,144.1,142.4,144.1,148.1,152.5,153.9,152.2,150.2,148.0,146.5,145.8,146.5,148.2,150.6,151.8,152.1,152.2,152.1,151.5,150.1,150.8,150.1,148.3,146.6,145.8,146.6,148.3,148.3,144.1,142.4,144.1,148.2,152.3,154.0,152.7,150.7,148.3,146.5,145.8,146.6,148.1,150.4,151.6,152.2,152.3,152.1,151.9,150.2,151.0,150.2,148.4,146.6,145.9,146.7,148.5,-63.5,-61.8,-57.6,-53.3,-51.5,-53.0,-57.4,-61.7,-69.7,-66.7,-62.7,-58.1,-53.6,-50.1,-47.7,-50.4,-54.2,-58.4,-62.7,-66.6,-59.4,-57.5,-55.7,-55.0,-55.7,-57.6,-59.5,-60.2,-7.4,-5.9,-1.9,2.3,4.3,2.8,-1.2,-5.7,-11.5,-8.7,-5.0,-0.5,3.7,7.0,9.1,7.1,3.9,0.1,-4.2,-8.3,-3.4,-1.6,0.2,0.8,-0.0,-1.9,-3.7,-4.3,-81.3,-85.6,-87.4,-85.6,-81.2,-76.5,-75.1,-76.9,-79.7,-81.6,-82.9,-83.5,-82.8,-81.1,-78.8,-77.4,-76.9,-76.6,-77.0,-77.9,-79.2,-78.4,-79.2,-81.1,-83.0,-83.8,-83.1,-81.1,-79.9,-84.3,-86.3,-84.6,-80.3,-75.9,-73.9,-75.3,-77.4,-79.8,-81.5,-82.4,-81.9,-80.7,-78.7,-77.0,-76.0,-75.6,-75.7,-76.1,-78.0,-77.3,-78.1,-80.1,-81.9,-82.7,-81.8,-79.9,589.6,590.5,590.9,590.4,589.4,588.7,588.2,588.7,593.7,591.2,589.0,587.9,588.3,589.5,590.9,589.1,587.5,587.2,588.4,590.8,589.9,589.7,589.9,590.3,590.7,590.9,590.8,590.4,580.6,581.9,583.3,583.8,583.2,581.9,580.5,580.1,581.2,580.3,579.9,580.5,582.5,585.4,588.3,584.9,581.8,579.8,579.2,579.9,581.8,582.1,582.7,583.3,583.5,583.3,582.7,582.1,-31.8,-43.9,623.9,0.096,-0.056,0.018,0.0,0.13,1.92,0.03,0.0,0.0,0.0,0.43,0.0,0.0,0.43,0.86,0.0,0.6,0.14,0.63
0.149502,0.195638,-0.969214,-0.00141,0.188725,-0.982029,0.076,0.194,360.9,362.6,366.6,370.7,372.3,370.9,366.5,362.5,355.5,358.0,361.6,365.9,370.2,373.6,376.1,373.4,369.6,365.5,361.5,358.0,364.8,366.6,368.4,369.1,368.4,366.6,364.9,364.1,414.5,415.8,419.7,423.8,425.7,424.4,420.5,416.1,410.5,413.2,416.8,421.1,425.2,428.3,430.3,428.4,425.4,421.7,417.6,413.5,418.3,420.1,421.8,422.4,421.5,419.8,418.1,417.5,148.2,144.1,142.5,144.1,148.2,152.6,153.9,152.2,150.2,148.1,146.6,145.8,146.5,148.3,150.6,151.8,152.1,152.3,152.1,151.5,150.1,150.9,150.1,148.4,146.6,145.9,146.6,148.4,148.3,144.2,142.5,144.1,148.2,152.3,154.0,152.7,150.8,148.3,146.6,145.8,146.6,148.1,150.3,151.6,152.1,152.3,152.1,151.9,150.2,151.0,150.2,148.4,146.6,145.9,146.7,148.5,-64.1,-62.4,-58.2,-53.9,-52.1,-53.5,-58.0,-62.3,-70.2,-67.3,-63.3,-58.7,-54.2,-50.7,-48.3,-51.0,-54.7,-59.0,-63.3,-67.2,-60.0,-58.1,-56.3,-55.5,-56.3,-58.2,-60.0,-60.8,-7.8,-6.4,-2.4,1.9,3.9,2.4,-1.6,-6.1,-11.9,-9.1,-5.4,-0.9,3.3,6.5,8.7,6.6,3.5,-0.3,-4.5,-8.7,-3.8,-2.0,-0.2,0.4,-0.5,-2.3,-4.1,-4.7,-81.6,-86.0,-87.8,-85.9,-81.6,-76.9,-75.4,-77.3,-80.0,-82.0,-83.2,-83.8,-83.1,-81.5,-79.2,-77.7,-77.2,-77.0,-77.3,-78.3,-79.6,-78.8,-79.6,-81.5,-83.4,-84.2,-83.4,-81.5,-80.1,-84.6,-86.6,-84.9,-80.6,-76.2,-74.2,-75.5,-77.6,-80.0,-81.8,-82.7,-82.2,-81.0,-79.1,-77.3,-76.3,-75.9,-76.0,-76.3,-78.3,-77.6,-78.4,-80.4,-82.3,-83.0,-82.1,-80.2,592.7,593.6,593.8,593.3,592.4,591.7,591.2,591.7,596.8,594.3,592.0,590.9,591.3,592.4,593.9,592.1,590.5,590.2,591.4,593.9,593.0,592.8,592.9,593.3,593.7,593.9,593.8,593.4,582.7,584.1,585.5,586.0,585.4,584.0,582.7,582.2,583.3,582.5,582.1,582.7,584.7,587.6,590.5,587.1,584.0,581.9,581.3,582.1,584.0,584.2,584.8,585.5,585.7,585.5,584.9,584.3,-31.9,-44.0,623.6,0.094,-0.06,0.016,0.01,0.07,1.97,0.01,0.0,0.0,0.0,0.58,0.0,0.09,0.39,0.95,0.0,0.58,0.14,0.55
0.147151,0.200051,-0.968672,-0.002655,0.193066,-0.981182,0.074,0.199,361.1,362.8,366.9,370.9,372.5,371.1,366.7,362.7,355.7,358.2,361.8,366.1,370.4,373.8,376.3,373.6,369.8,365.7,361.7,358.3,365.0,366.8,368.6,369.3,368.6,366.9,365.1,364.3,414.6,416.0,419.8,423.9,425.9,424.5,420.6,416.2,410.6,413.3,416.9,421.3,425.3,428.4,430.5,428.5,425.5,421.8,417.7,413.6,418.4,420.2,421.9,422.5,421.7,419.9,418.2,417.6,148.1,144.1,142.4,144.1,148.1,152.5,153.8,152.2,150.1,148.0,146.5,145.8,146.5,148.2,150.6,151.8,152.1,152.2,152.1,151.5,150.1,150.8,150.1,148.3,146.6,145.8,146.5,148.3,148.3,144.2,142.5,144.2,148.2,152.3,154.1,152.7,150.8,148.4,146.6,145.9,146.6,148.2,150.4,151.6,152.2,152.3,152.2,151.9,150.3,151.0,150.3,148.5,146.7,146.0,146.7,148.5,-63.9,-62.1,-57.9,-53.7,-51.9,-53.3,-57.8,-62.0,-70.0,-67.0,-63.1,-58.4,-53.9,-50.5,-48.0,-50.7,-54.5,-58.8,-63.1,-67.0,-59.7,-57.9,-56.0,-55.3,-56.1,-57.9,-59.8,-60.5,-7.6,-6.2,-2.2,2.0,4.0,2.5,-1.5,-6.0,-11.8,-9.0,-5.3,-0.7,3.4,6.7,8.8,6.8,3.7,-0.2,-4.4,-8.6,-3.7,-1.9,-0.1,0.5,-0.3,-2.2,-4.0,-4.6,-81.7,-86.0,-87.8,-86.0,-81.6,-76.9,-75.5,-77.3,-80.1,-82.0,-83.3,-83.9,-83.2,-81.5,-79.2,-77.8,-77.2,-77.0,-77.4,-78.3,-79.6,-78.8,-79.6,-81.5,-83.4,-84.2,-83.5,-81.6,-80.0,-84.4,-86.4,-84.7,-80.4,-76.0,-74.1,-75.4,-77.5,-79.9,-81.6,-82.5,-82.0,-80.8,-78.9,-77.1,-76.1,-75.7,-75.8,-76.2,-78.1,-77.4,-78.3,-80.2,-82.1,-82.8,-81.9,-80.0,592.5,593.4,593.6,593.2,592.2,591.5,591.1,591.6,596.6,594.1,591.9,590.7,591.1,592.3,593.7,591.9,590.3,590.1,591.3,593.7,592.8,592.6,592.7,593.1,593.5,593.7,593.6,593.2,581.7,583.1,584.5,585.0,584.5,583.1,581.7,581.3,582.3,581.5,581.1,581.7,583.7,586.6,589.6,586.2,583.0,581.0,580.3,581.1,583.0,583.3,583.9,584.5,584.7,584.5,583.9,583.3,-31.9,-44.0,623.9,0.1,-0.057,0.019,0.01,0.03,2.04,0.0,0.0,0.0,0.0,0.68,0.0,0.15,0.39,1.06,0.0,0.6,0.14,0.49
0.14695,0.201176,-0.96847,-0.002838,0.193977,-0.981002,0.074,0.2,361.1,362.9,366.9,370.9,372.5,371.1,366.8,362.8,355.7,358.3,361.8,366.1,370.5,373.9,376.3,373.6,369.8,365.7,361.8,358.3,365.1,366.8,368.6,369.4,368.6,366.9,365.1,364.4,414.6,416.0,419.9,424.0,425.9,424.5,420.6,416.2,410.6,413.3,416.9,421.3,425.3,428.4,430.5,428.5,425.5,421.9,417.7,413.7,418.4,420.2,421.9,422.5,421.7,419.9,418.2,417.6,148.1,144.1,142.4,144.1,148.1,152.5,153.8,152.1,150.1,148.0,146.5,145.8,146.5,148.2,150.6,151.8,152.0,152.2,152.0,151.4,150.1,150.8,150.1,148.3,146.6,145.8,146.5,148.3,148.3,144.2,142.5,144.2,148.3,152.4,154.1,152.8,150.8,148.4,146.6,145.9,146.7,148.2,150.4,151.7,152.2,152.4,152.2,151.9,150.3,151.0,150.3,148.5,146.7,146.0,146.7,148.5,-63.9,-62.2,-57.9,-53.7,-51.9,-53.3,-57.8,-62.1,-70.0,-67.1,-63.1,-58.5,-54.0,-50.5,-48.1,-50.8,-54.6,-58.8,-63.1,-67.0,-59.8,-57.9,-56.1,-55.3,-56.1,-58.0,-59.8,-60.6,-7.6,-6.2,-2.2,2.0,4.0,2.6,-1.4,-6.0,-11.8,-9.0,-5.2,-0.7,3.5,6.7,8.8,6.8,3.7,-0.1,-4.4,-8.6,-3.7,-1.8,-0.1,0.5,-0.3,-2.2,-3.9,-4.6,-81.8,-86.1,-87.9,-86.1,-81.7,-77.0,-75.6,-77.4,-80.2,-82.1,-83.4,-83.9,-83.2,-81.6,-79.3,-77.9,-77.3,-77.1,-77.5,-78.4,-79.7,-78.9,-79.7,-81.6,-83.5,-84.3,-83.6,-81.7,-80.0,-84.4,-86.4,-84.8,-80.5,-76.1,-74.1,-75.4,-77.5,-79.9,-81.7,-82.5,-82.0,-80.8,-78.9,-77.2,-76.2,-75.8,-75.9,-76.2,-78.2,-77.4,-78.3,-80.2,-82.1,-82.8,-82.0,-80.0,593.2,594.0,594.3,593.8,592.8,592.2,591.7,592.2,597.3,594.8,592.5,591.4,591.7,592.9,594.3,592.5,591.0,590.7,591.9,594.4,593.5,593.3,593.4,593.7,594.2,594.4,594.3,593.9,582.2,583.6,585.0,585.6,585.0,583.6,582.2,581.8,582.8,582.0,581.6,582.2,584.2,587.2,590.1,586.7,583.6,581.5,580.9,581.6,583.5,583.8,584.4,585.0,585.2,585.0,584.4,583.8,-31.9,-44.0,623.9,0.1,-0.056,0.02,0.0,0.0,2.03,0.0,0.0,0.0,0.0,0.66,0.0,0.11,0.48,1.15,0.0,0.49,0.13,0.46
0.153383,0.217523,-0.963928,-0.004418,0.213201,-0.976998,0.077,0.218,361.9,363.5,367.4,371.3,373.0,371.7,367.5,363.6,356.6,359.1,362.6,366.7,370.9,374.2,376.6,374.0,370.5,366.5,362.6,359.2,365.8,367.5,369.2,369.9,369.1,367.4,365.7,365.0,414.1,415.6,419.4,423.3,425.1,423.7,419.9,415.6,410.3,412.9,416.5,420.7,424.6,427.7,429.7,427.7,424.8,421.2,417.1,413.2,417.9,419.6,421.3,421.9,421.1,419.4,417.7,417.1,150.3,146.3,144.6,146.2,150.1,154.4,155.8,154.2,152.1,150.3,149.0,148.4,148.9,150.3,152.2,153.4,153.7,154.0,153.9,153.3,152.1,152.8,152.0,150.3,148.6,147.9,148.6,150.4,150.0,146.0,144.3,146.0,149.9,153.9,155.6,154.3,152.2,150.1,148.6,148.0,148.7,150.0,151.8,153.1,153.6,153.7,153.6,153.3,151.9,152.6,151.9,150.1,148.4,147.7,148.4,150.1,-65.6,-64.0,-59.8,-55.5,-53.6,-54.9,-59.4,-63.7,-71.9,-68.8,-64.8,-60.2,-55.7,-52.2,-49.8,-52.4,-56.1,-60.4,-64.7,-68.7,-61.5,-59.6,-57.7,-57.0,-57.9,-59.7,-61.6,-62.3,-8.4,-6.9,-2.8,1.4,3.4,1.8,-2.2,-6.8,-12.6,-9.7,-5.9,-1.4,2.8,6.1,8.3,6.2,3.0,-0.9,-5.2,-9.4,-4.4,-2.6,-0.8,-0.1,-1.0,-2.8,-4.6,-5.3,-82.7,-87.1,-89.0,-87.3,-82.9,-78.1,-76.6,-78.3,-81.2,-82.8,-83.9,-84.5,-84.1,-82.7,-80.8,-79.3,-78.7,-78.4,-78.6,-79.5,-80.8,-80.0,-80.8,-82.8,-84.7,-85.5,-84.6,-82.7,-81.4,-85.9,-87.8,-86.1,-81.8,-77.3,-75.4,-76.8,-79.2,-81.2,-82.8,-83.5,-83.0,-82.0,-80.4,-78.7,-77.7,-77.3,-77.4,-77.8,-79.5,-78.8,-79.7,-81.6,-83.5,-84.2,-83.4,-81.4,617.1,617.9,618.2,618.0,617.2,616.6,616.0,616.3,621.1,618.6,616.4,615.3,615.9,617.3,618.9,617.0,615.3,614.9,616.0,618.3,617.6,617.5,617.6,618.0,618.3,618.5,618.3,617.9,605.2,606.4,607.7,608.2,607.7,606.4,605.2,604.8,605.9,604.9,604.4,604.9,606.9,609.8,612.8,609.4,606.4,604.4,603.8,604.7,606.5,606.7,607.2,607.8,608.0,607.8,607.2,606.7,-32.2,-44.1,630.4,0.095,-0.059,0.017,0.0,0.0,2.04,0.0,0.0,0.02,0.0,0.62,0.0,0.08,0.52,1.19,0.0,0.47,0.09,0.43
0.152261,0.205642,-0.96671,-0.001006,0.199559,-0.979885,0.078,0.205,361.5,363.2,367.1,371.1,372.8,371.4,367.2,363.2,356.1,358.7,362.2,366.4,370.7,374.1,376.5,373.9,370.2,366.1,362.2,358.7,365.4,367.2,368.9,369.6,368.9,367.1,365.4,364.7,414.7,416.1,420.0,424.0,425.9,424.4,420.6,416.2,410.7,413.4,417.0,421.4,425.3,428.4,430.4,428.5,425.5,421.8,417.7,413.7,418.5,420.2,421.9,422.5,421.7,420.0,418.3,417.7,148.8,144.7,143.1,144.7,148.7,153.1,154.4,152.8,150.7,148.7,147.3,146.6,147.2,148.8,151.0,152.2,152.5,152.7,152.6,152.0,150.7,151.4,150.7,148.9,147.2,146.4,147.2,148.9,148.8,144.7,143.0,144.7,148.8,152.8,154.5,153.2,151.1,148.9,147.2,146.6,147.3,148.8,150.8,152.1,152.6,152.7,152.6,152.3,150.8,151.5,150.7,149.0,147.2,146.5,147.2,149.0,-64.4,-62.7,-58.5,-54.2,-52.4,-53.8,-58.3,-62.5,-70.6,-67.6,-63.6,-59.0,-54.5,-51.0,-48.6,-51.2,-55.0,-59.3,-63.6,-67.5,-60.3,-58.4,-56.6,-55.8,-56.6,-58.5,-60.4,-61.1,-7.6,-6.2,-2.1,2.1,4.0,2.6,-1.5,-6.0,-11.8,-9.0,-5.2,-0.7,3.5,6.7,8.9,6.8,3.7,-0.2,-4.4,-8.6,-3.7,-1.9,-0.1,0.6,-0.3,-2.1,-3.9,-4.6,-82.2,-86.6,-88.5,-86.7,-82.3,-77.6,-76.1,-77.9,-80.7,-82.5,-83.7,-84.3,-83.7,-82.2,-80.0,-78.6,-78.0,-77.7,-78.0,-78.9,-80.2,-79.5,-80.3,-82.2,-84.1,-84.9,-84.1,-82.2,-80.7,-85.1,-87.1,-85.4,-81.1,-76.6,-74.7,-76.0,-78.3,-80.5,-82.2,-83.0,-82.5,-81.4,-79.6,-77.8,-76.9,-76.5,-76.6,-77.0,-78.8,-78.1,-78.9,-80.9,-82.8,-83.5,-82.6,-80.7,601.7,602.5,602.8,602.4,601.6,600.9,600.4,600.8,605.7,603.2,601.0,599.9,600.3,601.6,603.2,601.3,599.7,599.3,600.5,602.8,602.1,601.9,602.0,602.4,602.8,603.0,602.8,602.4,590.5,591.9,593.2,593.7,593.2,591.9,590.5,590.1,591.2,590.3,589.8,590.4,592.4,595.3,598.3,594.9,591.8,589.8,589.2,589.9,591.8,592.1,592.7,593.2,593.5,593.2,592.7,592.1,-31.9,-44.1,625.4,0.094,-0.061,0.019,0.0,0.0,2.01,0.0,0.0,0.02,0.0,0.64,0.0,0.03,0.46,1.18,0.0,0.4,0.06,0.54
0.150761,0.205728,-0.966927,-0.001878,0.19979,-0.979837,0.076,0.205,361.5,363.2,367.2,371.2,372.8,371.4,367.2,363.2,356.2,358.7,362.2,366.4,370.7,374.1,376.5,373.9,370.2,366.2,362.2,358.7,365.4,367.2,368.9,369.7,368.9,367.2,365.4,364.7,414.7,416.1,420.0,424.0,425.9,424.5,420.6,416.2,410.8,413.4,417.0,421.4,425.4,428.4,430.4,428.5,425.5,421.9,417.8,413.8,418.5,420.2,421.9,422.6,421.7,420.0,418.3,417.7,148.7,144.7,143.0,144.6,148.6,153.0,154.3,152.7,150.6,148.6,147.2,146.5,147.2,148.7,150.9,152.1,152.4,152.6,152.5,151.9,150.6,151.3,150.6,148.8,147.1,146.4,147.1,148.8,148.7,144.6,142.9,144.6,148.6,152.7,154.4,153.1,151.0,148.8,147.1,146.5,147.2,148.6,150.7,151.9,152.5,152.6,152.4,152.2,150.6,151.4,150.6,148.8,147.1,146.3,147.1,148.9,-64.4,-62.8,-58.6,-54.3,-52.4,-53.8,-58.3,-62.6,-70.7,-67.6,-63.7,-59.0,-54.5,-51.1,-48.6,-51.2,-55.0,-59.3,-63.6,-67.6,-60.3,-58.4,-56.6,-55.9,-56.7,-58.6,-60.4,-61.1,-7.6,-6.2,-2.1,2.1,4.1,2.6,-1.5,-6.0,-11.8,-8.9,-5.2,-0.7,3.5,6.8,8.9,6.8,3.7,-0.1,-4.4,-8.6,-3.7,-1.8,-0.1,0.6,-0.3,-2.1,-3.9,-4.5,-82.4,-86.8,-88.7,-86.9,-82.5,-77.8,-76.3,-78.0,-80.9,-82.7,-83.8,-84.4,-83.9,-82.3,-80.2,-78.8,-78.2,-77.9,-78.2,-79.1,-80.4,-79.6,-80.4,-82.4,-84.3,-85.1,-84.3,-82.3,-80.9,-85.3,-87.3,-85.6,-81.3,-76.8,-74.9,-76.2,-78.5,-80.7,-82.4,-83.2,-82.7,-81.6,-79.8,-78.0,-77.1,-76.7,-76.8,-77.2,-79.0,-78.3,-79.1,-81.1,-83.0,-83.7,-82.8,-80.9,602.3,603.2,603.5,603.1,602.2,601.6,601.1,601.5,606.4,603.9,601.7,600.6,601.0,602.3,603.8,602.0,600.4,600.0,601.2,603.5,602.7,602.6,602.7,603.1,603.5,603.6,603.5,603.1,591.0,592.4,593.7,594.2,593.7,592.4,591.0,590.6,591.7,590.8,590.3,590.9,592.9,595.8,598.8,595.4,592.3,590.3,589.7,590.4,592.3,592.6,593.2,593.7,594.0,593.7,593.1,592.6,-31.8,-44.1,625.3,0.094,-0.059,0.018,0.0,0.0,2.11,0.0,0.0,0.02,0.0,0.69,0.0,0.03,0.38,1.22,0.0,0.48,0.03,0.54
0.148927,0.20256,-0.967879,-0.002339,0.196012,-0.980599,0.075,0.202,361.3,363.0,367.0,371.0,372.6,371.3,367.0,363.0,355.9,358.5,362.0,366.2,370.5,374.0,376.4,373.7,370.0,365.9,362.0,358.5,365.2,367.0,368.7,369.5,368.8,367.0,365.2,364.5,414.7,416.1,420.0,424.0,425.9,424.5,420.7,416.3,410.7,413.4,417.0,421.4,425.4,428.5,430.5,428.6,425.6,421.9,417.8,413.8,418.5,420.3,422.0,422.6,421.8,420.0,418.3,417.7,148.2,144.1,142.5,144.1,148.1,152.5,153.8,152.2,150.2,148.1,146.7,145.9,146.6,148.2,150.5,151.6,152.0,152.2,152.0,151.4,150.1,150.8,150.1,148.3,146.6,145.8,146.6,148.3,148.2,144.2,142.5,144.1,148.2,152.3,154.0,152.6,150.6,148.3,146.6,145.9,146.7,148.2,150.3,151.5,152.1,152.2,152.0,151.8,150.2,150.9,150.2,148.4,146.6,145.9,146.7,148.4,-64.2,-62.5,-58.3,-54.0,-52.1,-53.6,-58.0,-62.3,-70.3,-67.3,-63.4,-58.8,-54.3,-50.8,-48.3,-51.0,-54.8,-59.0,-63.3,-67.3,-60.0,-58.2,-56.3,-55.6,-56.4,-58.3,-60.1,-60.8,-7.6,-6.1,-2.1,2.1,4.1,2.6,-1.4,-6.0,-11.7,-8.9,-5.2,-0.6,3.6,6.8,9.0,6.9,3.7,-0.1,-4.4,-8.6,-3.6,-1.8,-0.0,0.6,-0.2,-2.1,-3.9,-4.5,-82.3,-86.7,-88.5,-86.7,-82.3,-77.6,-76.1,-77.9,-80.7,-82.6,-83.8,-84.4,-83.7,-82.2,-80.0,-78.5,-78.0,-77.7,-78.1,-79.0,-80.3,-79.5,-80.3,-82.2,-84.1,-84.9,-84.1,-82.2,-80.8,-85.2,-87.2,-85.5,-81.2,-76.8,-74.8,-76.1,-78.4,-80.6,-82.4,-83.1,-82.7,-81.5,-79.7,-77.9,-77.0,-76.6,-76.7,-77.0,-78.9,-78.2,-79.0,-81.0,-82.9,-83.6,-82.7,-80.8,597.3,598.2,598.5,598.0,597.1,596.4,595.9,596.4,601.4,598.9,596.6,595.5,595.9,597.2,598.6,596.8,595.2,594.9,596.1,598.5,597.7,597.5,597.6,598.0,598.4,598.6,598.4,598.1,587.0,588.4,589.8,590.3,589.7,588.3,587.0,586.6,587.6,586.8,586.4,586.9,588.9,591.9,594.8,591.4,588.3,586.2,585.7,586.4,588.3,588.6,589.1,589.7,590.0,589.8,589.2,588.6,-31.7,-44.2,623.7,0.096,-0.059,0.018,0.0,0.0,2.23,0.0,0.0,0.0,0.0,0.8,0.0,0.01,0.3,1.2,0.0,0.49,0.03,0.51
0.147715,0.20282,-0.96801,-0.002772,0.196061,-0.980588,0.074,0.202,361.1,362.8,366.8,370.9,372.5,371.1,366.8,362.8,355.7,358.3,361.8,366.1,370.4,373.8,376.3,373.6,369.9,365.8,361.8,358.3,365.1,366.8,368.6,369.3,368.6,366.9,365.1,364.4,414.9,416.3,420.2,424.2,426.1,424.7,420.8,416.4,410.9,413.6,417.2,421.6,425.6,428.7,430.7,428.8,425.8,422.1,417.9,413.9,418.7,420.5,422.2,422.8,422.0,420.2,418.5,417.8,148.1,144.0,142.4,144.0,148.1,152.5,153.8,152.1,150.1,148.0,146.6,145.8,146.5,148.2,150.4,151.6,151.9,152.1,152.0,151.4,150.0,150.8,150.0,148.3,146.5,145.8,146.5,148.3,148.1,144.0,142.3,144.0,148.1,152.2,153.9,152.6,150.6,148.2,146.5,145.8,146.6,148.1,150.2,151.5,152.0,152.1,152.0,151.7,150.1,150.9,150.1,148.3,146.5,145.8,146.5,148.3,-64.0,-62.3,-58.1,-53.8,-52.0,-53.4,-57.9,-62.2,-70.2,-67.2,-63.2,-58.6,-54.1,-50.6,-48.2,-50.8,-54.6,-58.9,-63.2,-67.1,-59.9,-58.0,-56.2,-55.4,-56.2,-58.1,-60.0,-60.7,-7.4,-5.9,-1.9,2.3,4.3,2.8,-1.2,-5.8,-11.5,-8.7,-5.0,-0.4,3.7,7.0,9.2,7.1,3.9,0.1,-4.2,-8.4,-3.4,-1.6,0.2,0.8,-0.0,-1.9,-3.7,-4.3,-81.9,-86.3,-88.1,-86.3,-81.9,-77.2,-75.8,-77.6,-80.4,-82.2,-83.4,-84.1,-83.4,-81.8,-79.7,-78.2,-77.6,-77.4,-77.7,-78.6,-79.9,-79.1,-79.9,-81.9,-83.8,-84.6,-83.8,-81.9,-80.4,-84.9,-86.8,-85.2,-80.9,-76.4,-74.5,-75.8,-78.0,-80.3,-82.0,-82.8,-82.3,-81.2,-79.4,-77.6,-76.6,-76.2,-76.3,-76.7,-78.6,-77.8,-78.7,-80.6,-82.5,-83.3,-82.4,-80.5,594.4,595.2,595.5,595.0,594.1,593.5,593.0,593.5,598.5,596.0,593.7,592.6,593.0,594.2,595.6,593.8,592.3,592.0,593.2,595.6,594.7,594.5,594.6,595.0,595.4,595.6,595.5,595.1,583.9,585.3,586.6,587.2,586.6,585.2,583.9,583.5,584.5,583.7,583.2,583.8,585.8,588.8,591.7,588.3,585.2,583.1,582.5,583.3,585.2,585.4,586.0,586.6,586.9,586.6,586.0,585.4,-31.7,-44.2,623.2,0.097,-0.057,0.018,0.0,0.0,2.28,0.0,0.0,0.0,0.0,0.87,0.0,0.04,0.31,1.24,0.0,0.5,0.01,0.42
0.148598,0.203441,-0.967745,-0.001574,0.196558,-0.980491,0.075,0.202,361.3,363.0,367.0,371.0,372.6,371.2,366.9,362.9,355.9,358.4,362.0,366.2,370.5,373.9,376.4,373.7,370.0,365.9,361.9,358.5,365.2,367.0,368.7,369.5,368.7,367.0,365.2,364.5,414.8,416.2,420.0,424.1,426.0,424.6,420.7,416.3,410.8,413.5,417.1,421.5,425.5,428.5,430.6,428.6,425.7,422.0,417.9,413.8,418.6,420.4,422.0,422.7,421.8,420.1,418.4,417.7,148.1,144.1,142.4,144.1,148.1,152.5,153.8,152.2,150.1,148.1,146.6,145.9,146.6,148.2,150.5,151.7,152.0,152.2,152.0,151.4,150.1,150.8,150.1,148.3,146.6,145.8,146.6,148.3,148.2,144.1,142.5,144.1,148.2,152.3,154.0,152.6,150.6,148.3,146.6,145.9,146.7,148.2,150.3,151.5,152.1,152.2,152.0,151.8,150.2,150.9,150.2,148.4,146.6,145.9,146.6,148.4,-64.1,-62.5,-58.2,-54.0,-52.1,-53.6,-58.0,-62.3,-70.3,-67.3,-63.4,-58.8,-54.2,-50.8,-48.3,-51.0,-54.8,-59.0,-63.3,-67.3,-60.0,-58.2,-56.3,-55.6,-56.4,-58.2,-60.1,-60.8,-7.5,-6.1,-2.0,2.2,4.2,2.7,-1.3,-5.9,-11.6,-8.8,-5.1,-0.6,3.6,6.8,9.0,6.9,3.8,-0.0,-4.3,-8.5,-3.6,-1.7,0.0,0.7,-0.2,-2.0,-3.8,-4.4,-82.3,-86.7,-88.5,-86.7,-82.3,-77.6,-76.1,-77.9,-80.7,-82.6,-83.8,-84.4,-83.8,-82.2,-80.0,-78.5,-78.0,-77.7,-78.0,-79.0,-80.3,-79.5,-80.3,-82.2,-84.1,-84.9,-84.1,-82.2,-80.7,-85.1,-87.1,-85.4,-81.1,-76.7,-74.8,-76.1,-78.3,-80.6,-82.3,-83.1,-82.6,-81.4,-79.6,-77.8,-76.9,-76.5,-76.6,-77.0,-78.8,-78.1,-79.0,-80.9,-82.8,-83.5,-82.7,-80.7,597.2,598.0,598.3,597.9,596.9,596.3,595.8,596.2,601.3,598.8,596.5,595.4,595.8,597.0,598.5,596.6,595.1,594.7,596.0,598.4,597.5,597.3,597.4,597.8,598.2,598.4,598.3,597.9,586.4,587.8,589.1,589.7,589.1,587.8,586.4,586.0,587.0,586.2,585.7,586.3,588.4,591.3,594.2,590.8,587.7,585.6,585.1,585.8,587.7,588.0,588.5,589.1,589.4,589.2,588.6,588.0,-31.7,-44.2,623.7,0.098,-0.058,0.018,0.0,0.0,2.28,0.0,0.0,0.0,0.0,0.92,0.0,0.04,0.27,1.19,0.0,0.47,0.0,0.42
0.148324,0.204408,-0.967583,-0.002593,0.197754,-0.980248,0.075,0.204,361.2,362.9,366.9,370.9,372.6,371.2,366.8,362.8,355.8,358.3,361.8,366.1,370.5,373.9,376.3,373.6,369.9,365.8,361.8,358.3,365.1,366.9,368.6,369.4,368.7,366.9,365.1,364.4,414.8,416.2,420.1,424.2,426.1,424.7,420.8,416.4,410.8,413.5,417.2,421.6,425.6,428.7,430.7,428.8,425.8,422.1,417.9,413.9,418.7,420.4,422.1,422.8,421.9,420.1,418.4,417.8,148.2,144.1,142.4,144.1,148.1,152.5,153.9,152.2,150.2,148.1,146.6,145.9,146.6,148.2,150.5,151.7,152.0,152.2,152.0,151.5,150.1,150.8,150.1,148.3,146.6,145.8,146.6,148.3,148.2,144.1,142.4,144.0,148.1,152.2,153.9,152.6,150.6,148.3,146.6,145.9,146.6,148.1,150.2,151.5,152.0,152.2,152.0,151.8,150.2,150.9,150.1,148.4,146.6,145.8,146.6,148.4,-64.0,-62.3,-58.1,-53.8,-52.0,-53.4,-57.9,-62.1,-70.1,-67.2,-63.2,-58.6,-54.1,-50.6,-48.1,-50.8,-54.6,-58.9,-63.1,-67.1,-59.8,-58.0,-56.1,-55.4,-56.2,-58.1,-59.9,-60.6,-7.4,-6.0,-1.9,2.3,4.3,2.8,-1.2,-5.8,-11.5,-8.7,-5.0,-0.5,3.7,6.9,9.1,7.0,3.9,0.1,-4.2,-8.4,-3.5,-1.6,0.2,0.8,-0.1,-1.9,-3.7,-4.3,-81.8,-86.2,-88.0,-86.2,-81.8,-77.1,-75.7,-77.5,-80.3,-82.1,-83.4,-84.0,-83.3,-81.7,-79.6,-78.1,-77.5,-77.3,-77.6,-78.5,-79.8,-79.0,-79.8,-81.8,-83.7,-84.5,-83.7,-81.8,-80.3,-84.7,-86.7,-85.0,-80.7,-76.3,-74.4,-75.7,-77.9,-80.2,-81.9,-82.7,-82.2,-81.1,-79.2,-77.5,-76.5,-76.1,-76.2,-76.5,-78.4,-77.7,-78.6,-80.5,-82.4,-83.1,-82.3,-80.3,594.2,595.0,595.3,594.8,593.9,593.3,592.8,593.2,598.3,595.7,593.5,592.3,592.7,594.0,595.4,593.6,592.0,591.7,593.0,595.4,594.5,594.3,594.4,594.8,595.2,595.4,595.3,594.9,583.1,584.5,585.8,586.4,585.8,584.5,583.1,582.7,583.7,582.9,582.4,583.0,585.1,588.0,591.0,587.6,584.4,582.4,581.8,582.5,584.4,584.7,585.3,585.9,586.1,585.9,585.3,584.7,-31.7,-44.2,623.2,0.099,-0.057,0.018,0.0,0.0,2.24,0.0,0.0,0.0,0.0,0.91,0.0,0.05,0.27,1.16,0.0,0.46,0.0,0.47
0.148522,0.206289,-0.967154,-0.001663,0.199578,-0.979881,0.075,0.206,361.2,362.9,366.9,370.9,372.6,371.2,366.9,362.9,355.8,358.4,361.9,366.2,370.5,373.9,376.3,373.7,369.9,365.8,361.9,358.4,365.2,366.9,368.7,369.4,368.7,366.9,365.2,364.4,414.8,416.2,420.1,424.2,426.0,424.6,420.8,416.4,410.8,413.5,417.1,421.5,425.5,428.6,430.6,428.7,425.7,422.0,417.9,413.8,418.6,420.4,422.1,422.7,421.9,420.1,418.4,417.8,148.1,144.1,142.4,144.1,148.1,152.5,153.8,152.1,150.1,148.0,146.6,145.9,146.5,148.2,150.4,151.6,152.0,152.1,152.0,151.4,150.1,150.8,150.0,148.3,146.5,145.8,146.5,148.3,148.2,144.1,142.4,144.1,148.1,152.2,153.9,152.6,150.6,148.3,146.5,145.9,146.6,148.1,150.2,151.5,152.0,152.2,152.0,151.7,150.2,150.9,150.1,148.4,146.6,145.8,146.6,148.4,-64.1,-62.4,-58.2,-53.9,-52.1,-53.5,-58.0,-62.2,-70.3,-67.3,-63.3,-58.7,-54.2,-50.7,-48.3,-50.9,-54.7,-59.0,-63.3,-67.2,-60.0,-58.1,-56.3,-55.5,-56.3,-58.2,-60.0,-60.8,-7.5,-6.0,-2.0,2.3,4.2,2.7,-1.3,-5.8,-11.6,-8.8,-5.0,-0.5,3.7,6.9,9.1,7.0,3.8,0.0,-4.2,-8.4,-3.5,-1.7,0.1,0.7,-0.1,-2.0,-3.7,-4.4,-82.1,-86.5,-88.3,-86.5,-82.1,-77.4,-76.0,-77.8,-80.6,-82.4,-83.7,-84.3,-83.6,-82.0,-79.8,-78.4,-77.8,-77.6,-77.9,-78.8,-80.1,-79.3,-80.1,-82.0,-84.0,-84.8,-84.0,-82.0,-80.5,-84.9,-86.9,-85.3,-80.9,-76.5,-74.6,-75.9,-78.1,-80.4,-82.1,-82.9,-82.4,-81.3,-79.4,-77.7,-76.7,-76.3,-76.4,-76.8,-78.6,-77.9,-78.8,-80.7,-82.6,-83.3,-82.5,-80.5,595.9,596.7,597.0,596.6,595.7,595.0,594.5,595.0,600.0,597.5,595.2,594.1,594.5,595.7,597.2,595.4,593.8,593.5,594.7,597.1,596.2,596.0,596.2,596.5,596.9,597.1,597.0,596.6,584.7,586.0,587.4,587.9,587.4,586.0,584.7,584.2,585.3,584.4,584.0,584.6,586.6,589.5,592.5,589.1,586.0,583.9,583.3,584.0,586.0,586.2,586.8,587.4,587.6,587.4,586.8,586.2,-31.7,-44.2,623.1,0.102,-0.058,0.018,0.0,0.0,2.21,0.0,0.0,0.0,0.0,0.84,0.0,0.01,0.33,1.2,0.0,0.48,0.0,0.51
0.145053,0.201655,-0.968656,-0.003675,0.194864,-0.980823,0.072,0.201,361.2,362.9,366.9,370.9,372.6,371.2,366.8,362.8,355.8,358.3,361.8,366.1,370.5,373.9,376.3,373.6,369.9,365.8,361.8,358.3,365.1,366.9,368.6,369.4,368.7,366.9,365.1,364.4,414.9,416.3,420.2,424.3,426.1,424.7,420.8,416.4,410.9,413.6,417.2,421.6,425.6,428.7,430.7,428.8,425.8,422.1,418.0,413.9,418.7,420.5,422.2,422.8,422.0,420.2,418.5,417.9,147.9,143.8,142.1,143.8,147.8,152.2,153.6,151.9,149.9,147.8,146.3,145.6,146.2,147.9,150.2,151.4,151.7,151.9,151.8,151.2,149.8,150.5,149.8,148.0,146.3,145.5,146.3,148.1,148.0,143.9,142.2,143.9,147.9,152.0,153.7,152.4,150.4,148.0,146.3,145.6,146.4,147.9,150.1,151.3,151.9,152.0,151.8,151.5,149.9,150.7,149.9,148.2,146.4,145.6,146.4,148.2,-64.0,-62.3,-58.1,-53.8,-52.0,-53.4,-57.9,-62.1,-70.1,-67.1,-63.2,-58.6,-54.1,-50.6,-48.1,-50.8,-54.6,-58.9,-63.1,-67.1,-59.8,-58.0,-56.1,-55.4,-56.2,-58.1,-59.9,-60.6,-7.4,-5.9,-1.9,2.3,4.3,2.8,-1.2,-5.8,-11.5,-8.7,-5.0,-0.4,3.8,7.0,9.1,7.0,3.9,0.1,-4.2,-8.3,-3.4,-1.6,0.2,0.8,-0.0,-1.9,-3.6,-4.3,-82.1,-86.5,-88.3,-86.5,-82.2,-77.5,-76.0,-77.8,-80.6,-82.5,-83.7,-84.3,-83.7,-82.1,-79.8,-78.4,-77.8,-77.6,-77.9,-78.8,-80.1,-79.4,-80.1,-82.1,-84.0,-84.8,-84.0,-82.1,-80.7,-85.1,-87.0,-85.4,-81.0,-76.6,-74.7,-76.0,-78.2,-80.5,-82.2,-83.0,-82.5,-81.4,-79.5,-77.7,-76.8,-76.4,-76.5,-76.9,-78.8,-78.0,-78.9,-80.8,-82.7,-83.4,-82.6,-80.7,594.2,595.0,595.3,594.8,593.9,593.2,592.8,593.3,598.3,595.8,593.5,592.4,592.7,593.9,595.4,593.6,592.0,591.7,593.0,595.4,594.5,594.3,594.4,594.8,595.2,595.4,595.3,594.9,584.0,585.3,586.7,587.2,586.7,585.3,584.0,583.5,584.6,583.7,583.3,583.9,585.9,588.8,591.8,588.4,585.3,583.2,582.6,583.4,585.3,585.5,586.1,586.7,586.9,586.7,586.1,585.5,-31.6,-44.3,623.2,0.097,-0.053,0.017,0.0,0.0,2.16,0.0,0.0,0.04,0.0,0.8,0.0,0.0,0.42,1.26,0.0,0.5,0.0,0.57
0.147421,0.202826,-0.968054,-0.002308,0.195869,-0.980627,0.074,0.202,361.2,362.9,366.9,370.9,372.6,371.2,366.9,362.8,355.8,358.3,361.9,366.1,370.5,373.9,376.3,373.6,369.9,365.8,361.8,358.4,365.1,366.9,368.6,369.4,368.7,366.9,365.1,364.4,414.8,416.2,420.1,424.2,426.1,424.6,420.8,416.4,410.8,413.5,417.1,421.5,425.5,428.6,430.7,428.7,425.7,422.0,417.9,413.9,418.6,420.4,422.1,422.7,421.9,420.1,418.4,417.8,147.9,143.9,142.2,143.8,147.9,152.3,153.6,151.9,149.9,147.8,146.4,145.6,146.3,148.0,150.3,151.4,151.8,152.0,151.8,151.2,149.9,150.6,149.8,148.1,146.3,145.6,146.3,148.1,148.0,143.9,142.2,143.9,148.0,152.1,153.8,152.4,150.4,148.1,146.4,145.7,146.5,148.0,150.1,151.4,151.9,152.0,151.9,151.6,150.0,150.7,150.0,148.2,146.4,145.7,146.4,148.2,-64.0,-62.4,-58.1,-53.9,-52.0,-53.5,-57.9,-62.2,-70.2,-67.2,-63.3,-58.7,-54.2,-50.7,-48.2,-50.9,-54.7,-58.9,-63.2,-67.2,-59.9,-58.1,-56.2,-55.5,-56.3,-58.1,-60.0,-60.7,-7.4,-6.0,-2.0,2.3,4.2,2.7,-1.3,-5.8,-11.6,-8.8,-5.0,-0.5,3.7,6.9,9.1,7.0,3.9,0.0,-4.2,-8.4,-3.5,-1.7,0.1,0.8,-0.1,-2.0,-3.7,-4.4,-82.2,-86.6,-88.4,-86.6,-82.2,-77.5,-76.1,-77.9,-80.7,-82.6,-83.8,-84.4,-83.7,-82.2,-79.9,-78.5,-77.9,-77.7,-78.0,-78.9,-80.2,-79.4,-80.2,-82.2,-84.1,-84.9,-84.1,-82.2,-80.8,-85.2,-87.1,-85.5,-81.2,-76.7,-74.8,-76.1,-78.3,-80.6,-82.3,-83.1,-82.6,-81.5,-79.6,-77.9,-76.9,-76.5,-76.6,-77.0,-78.9,-78.1,-79.0,-80.9,-82.8,-83.6,-82.7,-80.8,595.2,596.0,596.3,595.8,594.9,594.3,593.8,594.3,599.3,596.8,594.5,593.4,593.7,595.0,596.4,594.6,593.1,592.8,594.0,596.4,595.5,595.3,595.4,595.8,596.2,596.4,596.3,595.9,585.2,586.6,587.9,588.5,587.9,586.6,585.2,584.8,585.8,585.0,584.6,585.1,587.2,590.1,593.0,589.6,586.5,584.5,583.9,584.6,586.5,586.8,587.4,587.9,588.2,588.0,587.4,586.8,-31.6,-44.3,623.0,0.097,-0.056,0.017,0.0,0.0,2.18,0.0,0.0,0.05,0.0,0.79,0.0,0.0,0.43,1.34,0.0,0.52,0.0,0.57
0.148384,0.202197,-0.968039,-0.001807,0.195428,-0.980716,0.075,0.201,361.1,362.8,366.8,370.9,372.5,371.1,366.8,362.8,355.7,358.2,361.8,366.1,370.4,373.8,376.3,373.6,369.8,365.7,361.8,358.3,365.1,366.8,368.6,369.3,368.6,366.8,365.1,364.3,414.9,416.3,420.2,424.3,426.1,424.7,420.8,416.4,410.9,413.6,417.2,421.6,425.6,428.7,430.8,428.8,425.8,422.1,418.0,413.9,418.7,420.5,422.2,422.8,422.0,420.2,418.5,417.9,147.9,143.8,142.2,143.8,147.9,152.3,153.6,151.9,149.9,147.8,146.4,145.6,146.3,148.0,150.2,151.4,151.8,152.0,151.8,151.2,149.8,150.6,149.8,148.1,146.3,145.6,146.3,148.1,148.0,143.9,142.2,143.9,148.0,152.0,153.8,152.4,150.4,148.1,146.4,145.7,146.4,147.9,150.1,151.3,151.9,152.0,151.8,151.6,150.0,150.7,150.0,148.2,146.4,145.7,146.4,148.2,-63.9,-62.3,-58.0,-53.8,-51.9,-53.3,-57.8,-62.1,-70.1,-67.1,-63.2,-58.5,-54.0,-50.6,-48.1,-50.8,-54.6,-58.8,-63.1,-67.1,-59.8,-58.0,-56.1,-55.4,-56.2,-58.0,-59.9,-60.6,-7.4,-5.9,-1.9,2.3,4.3,2.8,-1.2,-5.7,-11.5,-8.7,-5.0,-0.4,3.8,7.0,9.2,7.1,3.9,0.1,-4.2,-8.3,-3.4,-1.6,0.2,0.8,-0.0,-1.9,-3.6,-4.3,-82.0,-86.4,-88.2,-86.4,-82.0,-77.3,-75.8,-77.6,-80.4,-82.3,-83.5,-84.1,-83.5,-81.9,-79.7,-78.2,-77.7,-77.4,-77.7,-78.7,-80.0,-79.2,-80.0,-81.9,-83.8,-84.6,-83.8,-81.9,-80.5,-84.9,-86.9,-85.2,-80.9,-76.5,-74.5,-75.9,-78.1,-80.4,-82.1,-82.9,-82.4,-81.2,-79.4,-77.6,-76.6,-76.2,-76.3,-76.7,-78.6,-77.9,-78.7,-80.7,-82.6,-83.3,-82.4,-80.5,593.4,594.2,594.5,594.0,593.1,592.5,592.0,592.4,597.5,595.0,592.7,591.6,592.0,593.2,594.6,592.8,591.3,591.0,592.2,594.6,593.7,593.5,593.6,594.0,594.4,594.6,594.5,594.1,583.1,584.5,585.8,586.4,585.8,584.5,583.1,582.7,583.7,582.9,582.5,583.0,585.1,588.0,591.0,587.5,584.4,582.4,581.8,582.5,584.4,584.7,585.3,585.9,586.1,585.9,585.3,584.7,-31.6,-44.2,622.3,0.097,-0.058,0.018,0.0,0.0,2.2,0.0,0.0,0.05,0.0,0.77,0.0,0.0,0.4,1.3,0.0,0.53,0.0,0.56
0.147608,0.202704,-0.968051,-0.001643,0.196051,-0.980592,0.075,0.202,361.1,362.8,366.8,370.9,372.5,371.1,366.8,362.8,355.7,358.3,361.8,366.1,370.4,373.8,376.3,373.6,369.9,365.8,361.8,358.3,365.1,366.8,368.6,369.3,368.6,366.9,365.1,364.4,414.8,416.3,420.2,424.2,426.1,424.7,420.8,416.4,410.9,413.6,417.2,421.6,425.6,428.7,430.7,428.8,425.8,422.1,417.9,413.9,418.7,420.5,422.2,422.8,421.9,420.2,418.5,417.8,147.9,143.9,142.2,143.8,147.9,152.3,153.6,151.9,149.9,147.8,146.3,145.6,146.3,148.0,150.3,151.4,151.8,152.0,151.8,151.2,149.8,150.6,149.8,148.1,146.3,145.6,146.3,148.1,148.0,143.9,142.2,143.9,148.0,152.1,153.8,152.5,150.5,148.1,146.4,145.7,146.4,147.9,150.1,151.4,151.9,152.1,151.9,151.6,150.0,150.7,150.0,148.2,146.4,145.7,146.4,148.2,-64.0,-62.3,-58.1,-53.8,-52.0,-53.4,-57.9,-62.1,-70.1,-67.1,-63.2,-58.6,-54.1,-50.6,-48.1,-50.8,-54.6,-58.8,-63.1,-67.1,-59.8,-58.0,-56.1,-55.4,-56.2,-58.1,-59.9,-60.6,-7.4,-5.9,-1.9,2.3,4.3,2.8,-1.2,-5.8,-11.5,-8.7,-5.0,-0.4,3.7,7.0,9.1,7.0,3.9,0.1,-4.2,-8.4,-3.4,-1.6,0.2,0.8,-0.1,-1.9,-3.7,-4.3,-82.1,-86.4,-88.2,-86.4,-82.1,-77.4,-75.9,-77.7,-80.5,-82.4,-83.6,-84.2,-83.6,-82.0,-79.7,-78.3,-77.7,-77.5,-77.8,-78.7,-80.1,-79.3,-80.1,-82.0,-83.9,-84.7,-83.9,-82.0,-80.5,-84.9,-86.9,-85.2,-80.9,-76.5,-74.5,-75.8,-78.0,-80.4,-82.1,-82.9,-82.4,-81.2,-79.4,-77.6,-76.6,-76.2,-76.3,-76.7,-78.6,-77.9,-78.7,-80.7,-82.5,-83.3,-82.4,-80.5,593.7,594.6,594.8,594.4,593.4,592.8,592.3,592.8,597.8,595.3,593.1,591.9,592.3,593.5,595.0,593.2,591.6,591.3,592.5,594.9,594.0,593.8,594.0,594.3,594.7,594.9,594.8,594.4,583.2,584.5,585.9,586.4,585.9,584.5,583.2,582.7,583.7,582.9,582.5,583.1,585.1,588.0,591.0,587.6,584.5,582.4,581.8,582.5,584.5,584.7,585.3,585.9,586.1,585.9,585.3,584.7,-31.7,-44.3,622.4,0.098,-0.058,0.019,0.0,0.0,2.29,0.0,0.0,0.01,0.0,0.76,0.0,0.01,0.46,1.33,0.0,0.5,0.0,0.44
0.153991,0.2012,-0.96737,0.002649,0.194063,-0.980986,0.08,0.2,361.0,362.7,366.7,370.7,372.4,371.0,366.7,362.7,355.6,358.1,361.7,366.0,370.3,373.7,376.1,373.5,369.7,365.6,361.7,358.2,364.9,366.7,368.5,369.2,368.5,366.7,365.0,364.2,414.8,416.2,420.1,424.2,426.0,424.6,420.7,416.4,410.8,413.5,417.1,421.5,425.5,428.6,430.6,428.7,425.7,422.0,417.9,413.8,418.6,420.4,422.1,422.7,421.9,420.1,418.4,417.8,147.9,143.8,142.2,143.8,147.9,152.2,153.6,151.9,149.9,147.8,146.3,145.6,146.3,148.0,150.2,151.4,151.7,151.9,151.8,151.2,149.8,150.6,149.8,148.1,146.3,145.6,146.3,148.1,148.1,144.0,142.3,144.0,148.1,152.1,153.8,152.5,150.5,148.2,146.4,145.8,146.5,148.1,150.2,151.4,152.0,152.1,151.9,151.6,150.1,150.8,150.1,148.3,146.5,145.8,146.5,148.3,-64.3,-62.6,-58.4,-54.1,-52.3,-53.7,-58.2,-62.4,-70.4,-67.5,-63.5,-58.9,-54.4,-50.9,-48.4,-51.1,-54.9,-59.1,-63.4,-67.4,-60.2,-58.3,-56.4,-55.7,-56.5,-58.4,-60.2,-61.0,-7.5,-6.0,-2.0,2.3,4.2,2.7,-1.3,-5.8,-11.6,-8.8,-5.0,-0.5,3.7,6.9,9.1,7.0,3.8,0.0,-4.3,-8.4,-3.5,-1.7,0.1,0.7,-0.1,-2.0,-3.7,-4.4,-82.3,-86.7,-88.5,-86.7,-82.3,-77.6,-76.1,-77.9,-80.7,-82.6,-83.8,-84.4,-83.8,-82.2,-80.0,-78.5,-78.0,-77.7,-78.1,-79.0,-80.3,-79.5,-80.3,-82.2,-84.1,-84.9,-84.1,-82.2,-80.8,-85.2,-87.2,-85.5,-81.2,-76.8,-74.8,-76.2,-78.4,-80.7,-82.4,-83.2,-82.7,-81.5,-79.6,-77.9,-76.9,-76.5,-76.7,-77.0,-78.9,-78.2,-79.0,-81.0,-82.9,-83.6,-82.7,-80.8,595.4,596.3,596.6,596.1,595.2,594.5,594.0,594.4,599.4,596.9,594.7,593.6,594.0,595.3,596.8,594.9,593.3,593.0,594.2,596.5,595.7,595.5,595.7,596.1,596.5,596.7,596.5,596.1,586.0,587.3,588.7,589.2,588.7,587.3,585.9,585.5,586.5,585.7,585.3,585.9,587.9,590.8,593.8,590.4,587.2,585.2,584.6,585.3,587.2,587.5,588.1,588.7,588.9,588.7,588.1,587.5,-31.7,-44.1,620.9,0.095,-0.065,0.019,0.0,0.0,2.25,0.0,0.0,0.0,0.0,0.78,0.0,0.01,0.56,1.35,0.0,0.46,0.0,0.36
0.154368,0.202709,-0.966995,0.0034,0.195425,-0.980713,0.081,0.202,361.0,362.7,366.7,370.7,372.4,371.0,366.7,362.7,355.6,358.2,361.7,366.0,370.3,373.7,376.1,373.5,369.7,365.7,361.7,358.2,365.0,366.7,368.5,369.2,368.5,366.7,365.0,364.2,414.8,416.3,420.1,424.2,426.1,424.6,420.8,416.4,410.9,413.6,417.2,421.5,425.5,428.6,430.6,428.7,425.7,422.0,417.9,413.9,418.6,420.4,422.1,422.7,421.9,420.1,418.4,417.8,147.9,143.8,142.2,143.8,147.8,152.2,153.5,151.9,149.9,147.8,146.3,145.6,146.3,147.9,150.2,151.4,151.7,151.9,151.7,151.2,149.8,150.5,149.8,148.0,146.3,145.6,146.3,148.0,148.1,144.0,142.3,144.0,148.1,152.1,153.8,152.5,150.5,148.2,146.5,145.8,146.6,148.1,150.2,151.5,152.0,152.1,151.9,151.6,150.1,150.8,150.1,148.3,146.5,145.8,146.5,148.3,-64.4,-62.7,-58.5,-54.2,-52.4,-53.8,-58.2,-62.5,-70.5,-67.6,-63.6,-58.9,-54.5,-51.0,-48.5,-51.2,-55.0,-59.2,-63.5,-67.5,-60.2,-58.4,-56.5,-55.8,-56.6,-58.5,-60.3,-61.1,-7.4,-6.0,-1.9,2.3,4.2,2.7,-1.3,-5.8,-11.6,-8.8,-5.0,-0.5,3.7,6.9,9.1,7.0,3.9,0.0,-4.2,-8.4,-3.5,-1.7,0.1,0.8,-0.1,-1.9,-3.7,-4.4,-82.5,-86.9,-88.7,-86.9,-82.5,-77.8,-76.3,-78.1,-80.9,-82.8,-84.0,-84.6,-84.0,-82.4,-80.2,-78.7,-78.2,-77.9,-78.2,-79.2,-80.5,-79.7,-80.5,-82.4,-84.3,-85.1,-84.3,-82.4,-81.0,-85.4,-87.3,-85.6,-81.3,-76.9,-75.0,-76.3,-78.5,-80.8,-82.5,-83.3,-82.8,-81.6,-79.8,-78.0,-77.1,-76.7,-76.8,-77.2,-79.1,-78.3,-79.2,-81.1,-83.0,-83.7,-82.9,-80.9,596.5,597.4,597.8,597.3,596.4,595.7,595.2,595.6,600.6,598.1,595.9,594.8,595.2,596.5,597.9,596.1,594.5,594.1,595.3,597.7,596.9,596.7,596.9,597.2,597.7,597.8,597.7,597.3,587.1,588.5,589.9,590.4,589.8,588.4,587.1,586.6,587.7,586.9,586.4,587.0,589.1,592.0,594.9,591.5,588.4,586.3,585.7,586.5,588.4,588.6,589.2,589.8,590.1,589.9,589.3,588.7,-31.7,-44.1,620.9,0.096,-0.066,0.02,0.0,0.0,2.28,0.0,0.0,0.0,0.0,0.78,0.0,0.01,0.69,1.4,0.0,0.42,0.0,0.26
0.152985,0.201295,-0.96751,0.003054,0.194048,-0.980987,0.08,0.2,361.1,362.8,366.8,370.8,372.5,371.1,366.8,362.8,355.7,358.3,361.8,366.1,370.4,373.8,376.2,373.6,369.8,365.8,361.8,358.3,365.1,366.8,368.6,369.3,368.6,366.8,365.1,364.3,414.6,416.0,419.9,423.9,425.8,424.4,420.5,416.1,410.6,413.3,416.9,421.3,425.3,428.3,430.4,428.4,425.5,421.8,417.7,413.7,418.4,420.2,421.9,422.5,421.7,419.9,418.2,417.6,148.0,143.9,142.3,143.9,147.9,152.3,153.6,152.0,150.0,147.9,146.4,145.7,146.4,148.0,150.3,151.5,151.8,152.0,151.8,151.3,149.9,150.6,149.9,148.1,146.4,145.6,146.4,148.1,148.2,144.1,142.4,144.1,148.1,152.2,153.9,152.6,150.6,148.2,146.5,145.8,146.6,148.1,150.3,151.5,152.0,152.2,152.0,151.7,150.1,150.9,150.1,148.4,146.6,145.9,146.6,148.4,-64.3,-62.6,-58.4,-54.1,-52.3,-53.7,-58.2,-62.5,-70.5,-67.5,-63.5,-58.9,-54.4,-50.9,-48.5,-51.1,-54.9,-59.2,-63.5,-67.4,-60.2,-58.3,-56.5,-55.7,-56.5,-58.4,-60.3,-61.0,-7.7,-6.2,-2.2,2.0,4.0,2.5,-1.5,-6.1,-11.8,-9.0,-5.3,-0.8,3.4,6.6,8.8,6.7,3.6,-0.2,-4.5,-8.7,-3.8,-1.9,-0.2,0.5,-0.4,-2.2,-4.0,-4.6,-82.5,-86.8,-88.7,-86.9,-82.5,-77.8,-76.3,-78.1,-80.9,-82.8,-84.0,-84.6,-84.0,-82.4,-80.2,-78.7,-78.1,-77.9,-78.2,-79.1,-80.5,-79.7,-80.5,-82.4,-84.3,-85.1,-84.3,-82.4,-81.0,-85.4,-87.3,-85.7,-81.3,-76.9,-75.0,-76.3,-78.5,-80.8,-82.5,-83.3,-82.8,-81.7,-79.8,-78.0,-77.1,-76.7,-76.8,-77.2,-79.1,-78.3,-79.2,-81.1,-83.0,-83.7,-82.9,-80.9,597.1,598.0,598.3,597.9,597.0,596.3,595.8,596.2,601.2,598.7,596.5,595.4,595.8,597.0,598.5,596.7,595.1,594.7,595.9,598.3,597.5,597.3,597.4,597.8,598.2,598.4,598.3,597.9,587.7,589.0,590.4,591.0,590.4,589.0,587.6,587.2,588.2,587.4,587.0,587.6,589.6,592.5,595.5,592.1,589.0,586.9,586.3,587.0,589.0,589.2,589.8,590.4,590.6,590.4,589.8,589.2,-31.6,-43.9,620.3,0.093,-0.065,0.018,0.0,0.0,2.31,0.0,0.0,0.0,0.0,0.76,0.0,0.0,0.72,1.41,0.0,0.42,0.0,0.28
0.152989,0.200021,-0.967774,0.001446,0.192554,-0.981285,0.079,0.199,361.2,362.9,366.9,370.9,372.6,371.2,366.9,362.9,355.8,358.4,361.9,366.2,370.5,373.9,376.3,373.7,370.0,365.9,361.9,358.4,365.2,366.9,368.7,369.4,368.7,366.9,365.2,364.4,414.8,416.2,420.1,424.2,426.1,424.6,420.8,416.4,410.8,413.5,417.2,421.5,425.5,428.6,430.6,428.7,425.7,422.0,417.9,413.9,418.6,420.4,422.1,422.7,421.9,420.1,418.4,417.8,148.2,144.1,142.5,144.1,148.2,152.5,153.9,152.2,150.2,148.1,146.6,145.9,146.6,148.3,150.5,151.7,152.0,152.2,152.1,151.5,150.1,150.9,150.1,148.4,146.6,145.9,146.6,148.4,148.4,144.3,142.7,144.3,148.4,152.5,154.2,152.8,150.8,148.5,146.8,146.1,146.9,148.4,150.6,151.8,152.3,152.5,152.3,152.0,150.4,151.1,150.4,148.6,146.8,146.1,146.8,148.6,-64.0,-62.4,-58.1,-53.9,-52.0,-53.5,-57.9,-62.2,-70.2,-67.2,-63.2,-58.6,-54.1,-50.7,-48.2,-50.9,-54.7,-58.9,-63.2,-67.2,-59.9,-58.1,-56.2,-55.5,-56.3,-58.1,-60.0,-60.7,-7.4,-6.0,-2.0,2.3,4.2,2.7,-1.3,-5.8,-11.6,-8.8,-5.0,-0.5,3.7,6.9,9.1,7.0,3.9,0.0,-4.2,-8.4,-3.5,-1.7,0.1,0.8,-0.1,-2.0,-3.7,-4.4,-82.0,-86.4,-88.2,-86.4,-82.0,-77.3,-75.8,-77.6,-80.5,-82.3,-83.5,-84.1,-83.5,-81.9,-79.7,-78.2,-77.7,-77.4,-77.7,-78.7,-80.0,-79.2,-80.0,-81.9,-83.8,-84.6,-83.8,-81.9,-80.4,-84.8,-86.7,-85.1,-80.7,-76.3,-74.4,-75.7,-77.9,-80.2,-82.0,-82.7,-82.2,-81.1,-79.2,-77.4,-76.5,-76.1,-76.2,-76.6,-78.5,-77.7,-78.6,-80.5,-82.4,-83.1,-82.3,-80.4,595.5,596.3,596.7,596.2,595.3,594.7,594.2,594.6,599.5,597.0,594.8,593.7,594.2,595.4,596.9,595.1,593.5,593.1,594.3,596.7,595.9,595.7,595.8,596.2,596.6,596.8,596.6,596.3,585.4,586.7,588.1,588.6,588.1,586.7,585.4,584.9,586.0,585.1,584.7,585.3,587.3,590.2,593.2,589.8,586.7,584.6,584.0,584.7,586.7,586.9,587.5,588.1,588.3,588.1,587.5,586.9,-31.6,-43.7,620.8,0.091,-0.063,0.019,0.0,0.0,2.3,0.0,0.0,0.0,0.0,0.69,0.0,0.0,0.77,1.42,0.0,0.45,0.0,0.31
0.149015,0.200345,-0.968326,-0.001213,0.192733,-0.981251,0.076,0.199,361.2,362.9,367.0,371.0,372.6,371.2,366.9,362.9,355.8,358.4,361.9,366.2,370.5,373.9,376.4,373.7,369.9,365.9,361.9,358.4,365.2,366.9,368.7,369.4,368.7,367.0,365.2,364.5,414.7,416.1,420.0,424.1,426.0,424.5,420.6,416.2,410.7,413.4,417.0,421.4,425.4,428.5,430.5,428.6,425.6,421.9,417.8,413.7,418.5,420.3,422.0,422.6,421.8,420.0,418.3,417.7,148.2,144.2,142.5,144.2,148.2,152.6,153.9,152.2,150.2,148.1,146.6,145.9,146.6,148.3,150.6,151.8,152.1,152.3,152.1,151.5,150.2,150.9,150.2,148.4,146.6,145.9,146.6,148.4,148.5,144.4,142.7,144.4,148.5,152.6,154.2,152.9,150.9,148.6,146.8,146.2,146.9,148.5,150.6,151.9,152.4,152.5,152.3,152.0,150.5,151.2,150.5,148.7,146.9,146.2,146.9,148.7,-63.9,-62.2,-58.0,-53.8,-51.9,-53.4,-57.9,-62.1,-70.1,-67.1,-63.2,-58.5,-54.0,-50.6,-48.1,-50.8,-54.6,-58.9,-63.1,-67.1,-59.8,-58.0,-56.1,-55.4,-56.2,-58.0,-59.9,-60.6,-7.6,-6.1,-2.1,2.2,4.1,2.6,-1.4,-5.9,-11.7,-8.9,-5.1,-0.6,3.6,6.8,9.0,6.9,3.7,-0.1,-4.4,-8.5,-3.6,-1.8,-0.0,0.6,-0.2,-2.1,-3.8,-4.5,-81.9,-86.3,-88.1,-86.2,-81.8,-77.1,-75.7,-77.5,-80.3,-82.2,-83.4,-84.0,-83.4,-81.8,-79.5,-78.0,-77.5,-77.3,-77.6,-78.6,-79.9,-79.1,-79.9,-81.8,-83.7,-84.5,-83.7,-81.8,-80.2,-84.6,-86.5,-84.9,-80.5,-76.1,-74.2,-75.5,-77.7,-80.1,-81.8,-82.6,-82.0,-80.9,-79.0,-77.2,-76.3,-75.9,-76.0,-76.4,-78.3,-77.5,-78.4,-80.3,-82.2,-82.9,-82.1,-80.2,594.7,595.6,595.9,595.4,594.5,593.8,593.3,593.8,598.8,596.3,594.1,592.9,593.3,594.6,596.0,594.2,592.6,592.3,593.5,595.9,595.1,594.9,595.0,595.4,595.8,596.0,595.8,595.5,584.4,585.8,587.1,587.7,587.1,585.7,584.4,584.0,585.0,584.2,583.7,584.3,586.4,589.3,592.2,588.8,585.7,583.6,583.0,583.8,585.7,585.9,586.5,587.1,587.4,587.1,586.6,586.0,-31.6,-43.7,621.3,0.093,-0.058,0.019,0.0,0.0,2.27,0.0,0.0,0.0,0.0,0.67,0.0,0.0,0.77,1.43,0.0,0.46,0.0,0.31
0.149135,0.200936,-0.968186,-0.001945,0.193669,-0.981065,0.075,0.2,361.2,362.9,367.0,371.0,372.6,371.2,366.9,362.9,355.8,358.4,361.9,366.2,370.5,374.0,376.4,373.7,370.0,365.9,361.9,358.4,365.2,366.9,368.7,369.5,368.7,367.0,365.2,364.5,414.8,416.2,420.1,424.2,426.1,424.7,420.8,416.4,410.8,413.5,417.1,421.5,425.6,428.6,430.7,428.7,425.7,422.0,417.9,413.8,418.6,420.4,422.1,422.7,421.9,420.1,418.4,417.8,148.2,144.2,142.5,144.2,148.2,152.6,153.9,152.3,150.2,148.1,146.7,145.9,146.6,148.3,150.6,151.8,152.1,152.3,152.1,151.5,150.2,150.9,150.2,148.4,146.6,145.9,146.6,148.4,148.4,144.3,142.6,144.3,148.4,152.5,154.2,152.9,150.9,148.5,146.8,146.1,146.9,148.4,150.5,151.8,152.3,152.5,152.3,152.0,150.4,151.2,150.4,148.6,146.8,146.1,146.8,148.6,-63.8,-62.1,-57.9,-53.6,-51.8,-53.2,-57.7,-62.0,-70.0,-67.0,-63.0,-58.4,-53.9,-50.4,-48.0,-50.7,-54.5,-58.7,-63.0,-66.9,-59.7,-57.8,-56.0,-55.2,-56.0,-57.9,-59.8,-60.5,-7.4,-6.0,-2.0,2.3,4.2,2.8,-1.3,-5.8,-11.6,-8.8,-5.0,-0.5,3.7,6.9,9.1,7.0,3.9,0.0,-4.2,-8.4,-3.5,-1.7,0.1,0.8,-0.1,-2.0,-3.7,-4.4,-81.7,-86.1,-87.9,-86.1,-81.7,-77.0,-75.5,-77.3,-80.2,-82.0,-83.2,-83.8,-83.2,-81.6,-79.4,-77.9,-77.4,-77.1,-77.4,-78.4,-79.7,-78.9,-79.7,-81.6,-83.5,-84.3,-83.5,-81.6,-80.0,-84.4,-86.4,-84.7,-80.4,-76.0,-74.0,-75.4,-77.6,-79.9,-81.6,-82.4,-81.9,-80.7,-78.9,-77.1,-76.1,-75.7,-75.8,-76.2,-78.1,-77.4,-78.2,-80.2,-82.1,-82.8,-81.9,-80.0,593.5,594.4,594.6,594.2,593.3,592.6,592.1,592.6,597.6,595.1,592.8,591.7,592.1,593.4,594.8,593.0,591.4,591.1,592.3,594.7,593.9,593.7,593.8,594.2,594.6,594.8,594.6,594.3,582.8,584.1,585.5,586.0,585.5,584.1,582.8,582.3,583.4,582.5,582.1,582.7,584.7,587.6,590.6,587.2,584.1,582.0,581.4,582.1,584.1,584.3,584.9,585.5,585.7,585.5,584.9,584.3,-31.6,-43.7,621.2,0.093,-0.058,0.019,0.07,0.0,2.07,0.0,0.0,0.0,0.0,0.62,0.0,0.0,0.78,1.44,0.0,0.4,0.0,0.33
0.152778,0.208113,-0.966099,-0.002527,0.202591,-0.97926,0.077,0.208,361.6,363.3,367.2,371.2,372.9,371.5,367.3,363.3,356.3,358.8,362.3,366.5,370.7,374.1,376.5,373.9,370.3,366.3,362.3,358.8,365.5,367.3,369.0,369.7,369.0,367.2,365.5,364.8,414.5,416.0,419.8,423.8,425.7,424.2,420.3,416.0,410.6,413.3,416.9,421.2,425.2,428.2,430.3,428.3,425.3,421.6,417.5,413.5,418.3,420.0,421.7,422.4,421.6,419.8,418.1,417.5,149.9,145.9,144.2,145.8,149.8,154.1,155.5,153.9,151.8,149.9,148.6,147.9,148.4,149.9,151.9,153.1,153.5,153.7,153.6,153.0,151.7,152.5,151.7,150.0,148.2,147.5,148.2,150.0,149.8,145.8,144.1,145.8,149.8,153.9,155.6,154.2,152.1,150.0,148.4,147.8,148.5,149.9,151.8,153.1,153.6,153.7,153.5,153.2,151.8,152.5,151.8,150.0,148.3,147.5,148.3,150.0,-64.8,-63.1,-58.9,-54.6,-52.8,-54.1,-58.6,-62.9,-71.0,-68.0,-64.0,-59.4,-54.9,-51.4,-48.9,-51.6,-55.3,-59.6,-63.9,-67.9,-60.7,-58.8,-56.9,-56.2,-57.0,-58.9,-60.8,-61.5,-7.9,-6.4,-2.3,1.9,3.9,2.3,-1.7,-6.3,-12.0,-9.2,-5.4,-0.8,3.3,6.6,8.8,6.6,3.5,-0.4,-4.7,-8.9,-3.9,-2.1,-0.3,0.4,-0.5,-2.3,-4.1,-4.8,-81.7,-86.1,-88.0,-86.2,-81.8,-77.1,-75.6,-77.3,-80.2,-81.9,-83.0,-83.6,-83.1,-81.7,-79.7,-78.2,-77.6,-77.3,-77.6,-78.5,-79.8,-79.0,-79.8,-81.7,-83.7,-84.4,-83.6,-81.7,-80.1,-84.6,-86.5,-84.8,-80.4,-76.0,-74.1,-75.4,-77.9,-79.9,-81.5,-82.2,-81.7,-80.7,-79.0,-77.3,-76.3,-75.9,-76.1,-76.5,-78.2,-77.5,-78.3,-80.3,-82.2,-82.9,-82.1,-80.1,606.6,607.4,607.7,607.4,606.6,606.0,605.4,605.8,610.6,608.1,605.9,604.8,605.3,606.6,608.2,606.4,604.7,604.3,605.5,607.8,607.0,606.9,607.0,607.4,607.7,607.9,607.7,607.4,594.4,595.7,596.9,597.5,597.0,595.7,594.4,594.0,595.1,594.2,593.6,594.1,596.2,599.1,602.1,598.7,595.6,593.6,593.1,593.9,595.7,595.9,596.5,597.0,597.3,597.0,596.5,595.9,-31.8,-43.7,625.1,0.084,-0.059,0.017,0.1,0.0,1.98,0.0,0.0,0.0,0.0,0.64,0.0,0.02,0.79,1.47,0.0,0.32,0.0,0.39
0.151132,0.208833,-0.966203,-0.004012,0.203368,-0.979094,0.075,0.209,361.7,363.3,367.2,371.2,372.8,371.5,367.3,363.3,356.3,358.8,362.3,366.5,370.7,374.1,376.5,373.9,370.3,366.3,362.3,358.9,365.5,367.3,369.0,369.7,369.0,367.2,365.5,364.8,414.4,415.9,419.7,423.8,425.6,424.1,420.2,415.9,410.5,413.2,416.8,421.1,425.1,428.1,430.2,428.2,425.2,421.5,417.4,413.5,418.2,419.9,421.6,422.3,421.5,419.7,418.0,417.4,149.8,145.8,144.1,145.7,149.7,154.0,155.4,153.8,151.7,149.8,148.5,147.8,148.4,149.8,151.8,153.0,153.4,153.6,153.5,152.9,151.7,152.4,151.6,149.9,148.1,147.4,148.2,149.9,149.8,145.8,144.1,145.8,149.8,153.8,155.5,154.2,152.0,149.9,148.4,147.8,148.5,149.9,151.8,153.0,153.5,153.6,153.4,153.1,151.8,152.5,151.8,150.0,148.2,147.5,148.2,150.0,-65.0,-63.3,-59.1,-54.8,-53.0,-54.3,-58.8,-63.1,-71.3,-68.2,-64.2,-59.6,-55.1,-51.6,-49.1,-51.8,-55.5,-59.8,-64.1,-68.1,-60.9,-59.0,-57.1,-56.4,-57.2,-59.1,-61.0,-61.7,-8.0,-6.5,-2.4,1.9,3.8,2.2,-1.8,-6.4,-12.1,-9.3,-5.5,-0.9,3.3,6.5,8.7,6.6,3.4,-0.5,-4.8,-9.0,-4.0,-2.2,-0.4,0.3,-0.6,-2.4,-4.2,-4.9,-82.1,-86.5,-88.4,-86.6,-82.2,-77.5,-75.9,-77.7,-80.6,-82.3,-83.4,-84.0,-83.4,-82.0,-80.1,-78.6,-78.0,-77.7,-78.0,-78.9,-80.1,-79.3,-80.2,-82.1,-84.0,-84.8,-84.0,-82.0,-80.5,-84.9,-86.9,-85.2,-80.8,-76.4,-74.5,-75.8,-78.2,-80.3,-81.9,-82.5,-82.1,-81.0,-79.4,-77.6,-76.7,-76.3,-76.5,-76.9,-78.6,-77.8,-78.7,-80.6,-82.5,-83.3,-82.4,-80.5,608.7,609.5,609.8,609.5,608.7,608.1,607.5,607.9,612.7,610.2,608.0,606.9,607.4,608.7,610.3,608.5,606.8,606.4,607.6,609.9,609.1,609.0,609.1,609.5,609.8,610.0,609.8,609.5,596.9,598.1,599.4,599.9,599.4,598.1,596.9,596.5,597.6,596.6,596.1,596.6,598.6,601.5,604.5,601.1,598.0,596.0,595.5,596.3,598.1,598.4,598.9,599.5,599.7,599.5,598.9,598.4,-31.8,-43.7,625.1,0.084,-0.057,0.017,0.14,0.0,1.95,0.0,0.0,0.0,0.0,0.6,0.0,0.02,0.72,1.47,0.0,0.37,0.0,0.44
0.147563,0.194164,-0.969807,-0.00064,0.186807,-0.982396,0.075,0.193,361.3,362.9,366.9,370.9,372.5,371.2,366.9,362.9,355.9,358.4,361.9,366.1,370.4,373.8,376.2,373.6,369.9,365.8,361.9,358.4,365.2,366.9,368.6,369.4,368.6,366.9,365.1,364.4,414.7,416.2,420.0,424.1,425.9,424.4,420.6,416.2,410.7,413.5,417.1,421.4,425.4,428.4,430.5,428.5,425.5,421.9,417.7,413.7,418.5,420.2,421.9,422.6,421.8,420.0,418.3,417.7,148.3,144.3,142.6,144.2,148.2,152.5,153.9,152.3,150.2,148.2,146.8,146.1,146.7,148.3,150.5,151.7,152.0,152.2,152.1,151.5,150.2,150.9,150.2,148.4,146.6,145.9,146.7,148.4,148.5,144.5,142.8,144.5,148.6,152.6,154.3,152.9,150.8,148.6,147.0,146.4,147.2,148.6,150.7,151.9,152.4,152.5,152.3,152.0,150.5,151.3,150.5,148.8,147.0,146.2,147.0,148.7,-64.7,-63.1,-58.9,-54.6,-52.7,-54.1,-58.6,-62.9,-70.9,-68.0,-64.0,-59.4,-54.9,-51.4,-48.9,-51.6,-55.3,-59.6,-63.9,-67.9,-60.6,-58.7,-56.9,-56.2,-57.0,-58.9,-60.7,-61.4,-7.6,-6.1,-2.0,2.2,4.1,2.6,-1.5,-6.0,-11.8,-8.9,-5.1,-0.6,3.6,6.8,8.9,6.8,3.7,-0.2,-4.4,-8.6,-3.7,-1.8,-0.1,0.6,-0.2,-2.1,-3.9,-4.5,-82.8,-87.2,-89.1,-87.3,-82.9,-78.2,-76.7,-78.5,-81.3,-83.1,-84.3,-84.9,-84.3,-82.8,-80.7,-79.2,-78.6,-78.3,-78.6,-79.5,-80.9,-80.1,-80.9,-82.8,-84.7,-85.5,-84.7,-82.8,-81.0,-85.4,-87.3,-85.6,-81.2,-76.8,-74.9,-76.3,-78.6,-80.8,-82.4,-83.1,-82.6,-81.5,-79.7,-78.0,-77.0,-76.7,-76.8,-77.3,-79.0,-78.3,-79.1,-81.0,-82.9,-83.7,-82.9,-80.9,602.3,603.1,603.4,603.0,602.1,601.5,601.0,601.4,606.4,603.8,601.6,600.5,600.9,602.2,603.7,601.9,600.2,599.9,601.1,603.5,602.7,602.5,602.6,603.0,603.4,603.5,603.4,603.0,590.4,591.7,593.1,593.6,593.0,591.7,590.4,589.9,591.0,590.1,589.7,590.2,592.3,595.2,598.2,594.8,591.7,589.6,589.0,589.8,591.7,591.9,592.5,593.1,593.3,593.1,592.5,591.9,-31.5,-43.9,620.0,0.071,-0.056,0.015,0.07,0.0,2.1,0.0,0.0,0.18,0.0,0.64,0.0,0.02,0.7,1.59,0.0,0.45,0.0,0.43
0.148191,0.315467,-0.937294,0.034028,0.268182,-0.962767,0.096,0.298,361.8,363.2,366.6,370.2,371.8,370.7,367.0,363.4,356.7,359.2,362.5,366.2,369.9,372.8,374.9,372.8,369.7,366.1,362.5,359.2,365.3,366.8,368.3,368.9,368.2,366.6,365.1,364.6,416.1,417.7,421.2,424.6,425.8,424.2,420.7,417.1,412.7,414.9,417.9,421.6,425.1,428.1,430.3,428.0,425.0,421.6,418.1,414.9,419.4,420.8,422.3,423.0,422.5,421.1,419.5,418.8,149.0,145.4,143.7,145.0,148.4,152.2,153.7,152.4,149.0,148.3,147.8,147.3,147.3,147.7,148.4,149.8,150.5,151.0,150.9,150.2,150.2,150.7,150.0,148.5,147.0,146.4,147.1,148.7,148.2,144.8,143.5,145.1,148.7,152.2,153.4,152.0,148.7,147.7,147.1,147.0,147.6,148.4,149.5,150.4,150.8,150.8,150.4,149.8,149.9,150.6,150.1,148.6,147.0,146.3,146.9,148.4,-74.8,-73.0,-68.7,-64.4,-62.5,-64.0,-68.6,-72.9,-81.6,-78.1,-73.9,-69.1,-64.6,-61.3,-58.9,-61.3,-65.0,-69.4,-73.9,-78.1,-70.7,-68.8,-66.9,-66.2,-67.0,-68.9,-70.7,-71.5,-7.5,-5.5,-1.0,3.3,4.9,2.8,-1.7,-6.3,-11.9,-9.0,-5.2,-0.6,4.0,7.8,10.7,7.7,3.9,-0.5,-5.0,-9.1,-3.3,-1.5,0.4,1.3,0.7,-1.2,-3.1,-4.0,-95.7,-100.1,-102.1,-100.7,-96.6,-92.0,-90.1,-91.5,-96.1,-96.7,-97.0,-97.5,-97.7,-97.5,-96.9,-95.0,-93.7,-93.1,-93.3,-94.3,-94.4,-93.8,-94.7,-96.6,-98.4,-99.0,-98.1,-96.2,-99.2,-103.6,-105.2,-103.1,-98.5,-94.2,-92.5,-94.4,-98.9,-99.9,-100.4,-100.4,-99.9,-99.2,-98.1,-96.6,-95.8,-95.7,-96.2,-97.1,-97.1,-96.2,-96.9,-98.8,-100.8,-101.7,-101.0,-99.1,702.1,701.3,701.4,702.2,703.4,704.6,704.2,703.3,705.9,703.1,701.0,700.2,701.3,703.4,705.9,704.0,702.0,701.2,701.9,703.7,703.9,704.2,704.3,703.9,703.4,703.0,703.0,703.3,720.5,720.5,720.6,720.6,720.6,720.6,720.5,720.8,722.6,720.6,719.0,718.5,719.7,722.0,724.9,722.1,719.8,718.6,719.0,720.7,721.4,721.4,721.4,721.5,721.4,721.4,721.4,721.4,-31.7,-44.9,624.1,0.049,-0.051,0.014,0.04,0.0,2.29,0.0,0.0,0.33,0.0,0.64,0.0,0.0,0.69,1.74,0.0,0.52,0.0,0.43
0.147853,0.313001,-0.938174,0.033957,0.263743,-0.963995,0.095,0.294,361.8,363.2,366.6,370.2,371.8,370.6,366.9,363.4,356.7,359.2,362.5,366.3,370.0,372.8,374.9,372.8,369.8,366.1,362.5,359.3,365.2,366.8,368.3,368.9,368.2,366.7,365.2,364.6,416.1,417.7,421.2,424.6,425.8,424.2,420.7,417.1,412.7,415.0,418.0,421.6,425.2,428.1,430.3,428.0,425.1,421.7,418.1,414.9,419.4,420.8,422.3,423.0,422.5,421.1,419.6,418.9,149.0,145.4,143.7,145.0,148.4,152.2,153.7,152.4,149.0,148.3,147.8,147.3,147.3,147.7,148.4,149.8,150.5,151.0,150.9,150.2,150.2,150.7,150.0,148.5,147.0,146.4,147.1,148.7,148.2,144.8,143.5,145.1,148.7,152.2,153.4,152.0,148.7,147.7,147.1,147.0,147.6,148.4,149.6,150.5,150.8,150.8,150.4,149.9,149.9,150.6,150.1,148.6,147.1,146.3,146.9,148.4,-74.7,-72.9,-68.6,-64.3,-62.5,-64.0,-68.5,-72.9,-81.5,-78.0,-73.7,-69.0,-64.5,-61.1,-58.8,-61.2,-64.8,-69.3,-73.8,-78.0,-70.6,-68.7,-66.9,-66.1,-66.9,-68.8,-70.6,-71.4,-7.5,-5.4,-1.0,3.3,4.8,2.8,-1.7,-6.2,-11.8,-8.9,-5.1,-0.5,4.0,7.8,10.7,7.7,3.9,-0.4,-5.0,-9.0,-3.3,-1.5,0.4,1.3,0.7,-1.2,-3.1,-4.0,-95.6,-100.0,-102.0,-100.6,-96.4,-91.9,-90.0,-91.4,-96.0,-96.6,-96.9,-97.4,-97.5,-97.4,-96.8,-94.9,-93.6,-93.0,-93.2,-94.2,-94.3,-93.7,-94.6,-96.5,-98.3,-98.9,-98.0,-96.1,-99.2,-103.5,-105.2,-103.1,-98.5,-94.1,-92.5,-94.3,-98.8,-99.8,-100.4,-100.4,-99.8,-99.1,-98.0,-96.5,-95.7,-95.6,-96.1,-97.0,-97.1,-96.2,-96.9,-98.8,-100.8,-101.7,-101.0,-99.1,701.3,700.5,700.5,701.4,702.6,703.8,703.3,702.4,704.9,702.2,700.1,699.4,700.5,702.7,705.2,703.3,701.2,700.4,701.1,702.8,703.0,703.4,703.4,703.1,702.6,702.2,702.1,702.5,720.2,720.3,720.4,720.4,720.4,720.3,720.2,720.4,722.2,720.3,718.8,718.3,719.5,721.8,724.7,721.9,719.6,718.3,718.7,720.4,721.1,721.1,721.1,721.2,721.2,721.2,721.1,721.1,-31.7,-44.8,623.7,0.047,-0.053,0.015,0.0,0.0,2.44,0.0,0.0,0.46,0.01,0.73,0.0,0.0,0.76,1.86,0.0,0.49,0.0,0.44
0.14424,0.310618,-0.939527,0.03185,0.257818,-0.965668,0.092,0.29,361.8,363.1,366.6,370.1,371.7,370.6,366.9,363.3,356.7,359.3,362.5,366.3,370.0,372.8,374.9,372.8,369.7,366.1,362.5,359.3,365.2,366.7,368.2,368.8,368.1,366.6,365.1,364.5,416.1,417.7,421.2,424.6,425.8,424.2,420.7,417.1,412.7,415.0,418.0,421.6,425.2,428.2,430.5,428.2,425.1,421.7,418.1,414.9,419.4,420.9,422.4,423.1,422.5,421.1,419.6,418.9,149.0,145.4,143.7,145.0,148.4,152.2,153.7,152.4,149.0,148.3,147.8,147.3,147.3,147.7,148.4,149.8,150.6,151.0,150.9,150.2,150.2,150.7,150.0,148.5,147.0,146.4,147.1,148.7,148.2,144.7,143.5,145.1,148.7,152.1,153.4,152.0,148.8,147.8,147.1,147.0,147.6,148.5,149.6,150.5,150.8,150.8,150.4,149.9,150.0,150.7,150.1,148.6,147.0,146.3,146.9,148.4,-74.9,-73.1,-68.8,-64.5,-62.6,-64.2,-68.7,-73.1,-81.6,-78.1,-73.9,-69.1,-64.6,-61.3,-58.9,-61.3,-65.0,-69.4,-73.9,-78.2,-70.8,-68.9,-67.1,-66.3,-67.1,-69.0,-70.8,-71.6,-7.5,-5.4,-1.0,3.3,4.9,2.8,-1.6,-6.2,-11.7,-8.9,-5.1,-0.5,4.1,7.9,10.8,7.8,4.0,-0.4,-4.9,-9.0,-3.3,-1.4,0.5,1.4,0.7,-1.2,-3.1,-4.0,-95.8,-100.1,-102.2,-100.7,-96.6,-92.0,-90.2,-91.6,-96.2,-96.8,-97.1,-97.5,-97.7,-97.6,-97.0,-95.0,-93.7,-93.1,-93.3,-94.4,-94.5,-93.9,-94.8,-96.6,-98.4,-99.1,-98.2,-96.3,-98.4,-102.8,-104.5,-102.4,-97.8,-93.4,-91.8,-93.6,-98.0,-99.0,-99.6,-99.6,-99.1,-98.3,-97.2,-95.7,-95.0,-94.9,-95.4,-96.3,-96.3,-95.4,-96.1,-98.0,-100.0,-100.9,-100.2,-98.3,702.7,701.8,701.8,702.7,703.9,705.1,704.7,703.9,706.3,703.6,701.5,700.7,701.8,703.9,706.4,704.6,702.6,701.8,702.5,704.2,704.4,704.8,704.8,704.4,703.9,703.5,703.5,703.9,715.0,715.2,715.3,715.1,714.9,714.7,714.7,715.1,717.1,715.2,713.6,713.0,714.1,716.3,719.1,716.3,714.0,712.9,713.3,715.1,715.7,715.7,715.7,715.8,715.9,716.0,715.9,715.8,-31.7,-44.8,623.3,0.045,-0.055,0.015,0.0,0.0,2.5,0.0,0.0,0.35,0.0,0.72,0.0,0.0,0.73,1.7,0.0,0.47,0.0,0.49
0.139522,0.299606,-0.943806,0.040574,0.249092,-0.96763,0.094,0.28,361.7,363.1,366.6,370.2,371.7,370.5,366.8,363.2,356.5,359.3,362.7,366.5,370.1,372.9,374.9,372.9,369.9,366.3,362.7,359.3,365.1,366.6,368.1,368.7,368.1,366.5,365.0,364.4,416.3,417.9,421.5,424.8,426.1,424.4,420.9,417.3,412.9,415.1,418.1,421.8,425.4,428.4,430.6,428.3,425.3,421.9,418.3,415.1,419.6,421.0,422.6,423.3,422.8,421.3,419.8,419.0,147.6,143.9,142.2,143.5,147.0,150.9,152.4,151.1,147.6,146.9,146.4,145.9,145.8,146.2,146.9,148.3,149.1,149.6,149.5,148.9,148.8,149.4,148.6,147.1,145.5,145.0,145.7,147.3,146.7,143.2,142.0,143.6,147.3,150.7,152.0,150.6,147.2,146.2,145.5,145.5,146.1,146.9,148.0,149.1,149.6,149.6,149.2,148.5,148.4,149.2,148.6,147.1,145.5,144.8,145.4,146.9,-74.0,-72.3,-68.0,-63.7,-62.0,-63.5,-68.0,-72.3,-80.8,-77.1,-72.8,-68.0,-63.7,-60.5,-58.3,-60.5,-64.0,-68.3,-72.9,-77.2,-70.1,-68.2,-66.4,-65.6,-66.4,-68.2,-70.1,-70.9,-7.2,-5.1,-0.7,3.6,5.1,3.1,-1.4,-6.0,-11.5,-8.6,-4.8,-0.2,4.3,8.0,10.8,7.9,4.1,-0.2,-4.7,-8.7,-3.0,-1.2,0.7,1.6,0.9,-0.9,-2.8,-3.7,-96.3,-100.7,-102.8,-101.4,-97.3,-92.7,-90.7,-92.2,-96.7,-97.3,-97.6,-98.2,-98.4,-98.4,-97.9,-95.8,-94.5,-93.7,-93.9,-94.9,-95.1,-94.4,-95.4,-97.3,-99.1,-99.7,-98.8,-96.8,-99.6,-103.9,-105.5,-103.5,-99.0,-94.6,-93.0,-94.8,-99.2,-100.3,-100.9,-100.9,-100.3,-99.6,-98.6,-96.9,-95.9,-95.7,-96.3,-97.4,-97.6,-96.7,-97.4,-99.3,-101.2,-102.1,-101.4,-99.6,694.1,693.4,693.7,694.8,696.1,697.2,696.5,695.4,697.1,694.6,692.9,692.5,693.9,696.3,699.0,696.9,694.6,693.4,693.8,695.2,696.0,696.5,696.7,696.3,695.8,695.3,695.2,695.5,709.9,709.7,709.8,709.9,710.2,710.4,710.3,710.5,711.9,710.0,708.4,707.9,709.1,711.5,714.4,711.8,709.5,708.3,708.6,710.3,711.0,711.0,711.0,711.0,710.9,710.8,710.8,710.9,-31.4,-45.6,619.9,0.028,-0.062,0.015,0.0,0.0,2.48,0.0,0.0,0.21,0.03,0.83,0.0,0.0,0.48,1.31,0.0,0.31,0.12,0.46
0.163868,0.274491,-0.947524,0.067953,0.218688,-0.973426,0.12,0.251,362.3,363.7,367.1,370.7,372.2,371.1,367.4,363.9,356.9,359.7,363.2,367.0,370.6,373.3,375.3,373.4,370.5,366.9,363.2,359.8,365.7,367.2,368.7,369.3,368.6,367.1,365.6,365.0,417.0,418.6,422.1,425.5,426.7,425.1,421.6,418.0,413.4,415.7,418.7,422.4,426.0,428.9,431.0,428.8,425.9,422.5,418.9,415.7,420.2,421.7,423.2,423.9,423.4,421.9,420.4,419.7,145.1,141.4,139.7,140.9,144.4,148.3,149.8,148.6,145.3,144.5,143.9,143.4,143.3,143.7,144.4,145.8,146.5,147.0,147.0,146.4,146.3,146.8,146.1,144.5,143.0,142.4,143.2,144.8,143.8,140.4,139.1,140.7,144.4,147.8,149.1,147.7,144.5,143.4,142.7,142.6,143.2,144.1,145.3,146.3,146.7,146.7,146.3,145.7,145.6,146.3,145.8,144.3,142.7,142.0,142.5,144.0,-73.3,-71.6,-67.4,-63.2,-61.3,-62.8,-67.3,-71.5,-80.2,-76.5,-72.1,-67.4,-63.1,-60.0,-57.8,-60.0,-63.4,-67.6,-72.2,-76.5,-69.4,-67.5,-65.7,-65.0,-65.8,-67.6,-69.4,-70.2,-6.3,-4.3,0.2,4.4,6.0,4.0,-0.5,-5.1,-10.8,-7.9,-4.1,0.5,5.0,8.7,11.4,8.6,4.9,0.7,-3.9,-8.0,-2.2,-0.4,1.6,2.5,1.8,-0.1,-2.0,-2.9,-99.3,-103.8,-106.0,-104.7,-100.6,-95.9,-93.9,-95.2,-99.6,-100.2,-100.6,-101.2,-101.5,-101.5,-101.0,-99.0,-97.7,-96.9,-97.0,-97.9,-98.1,-97.6,-98.5,-100.5,-102.2,-102.8,-101.9,-99.9,-103.5,-107.9,-109.6,-107.6,-103.0,-98.6,-96.9,-98.7,-102.9,-104.1,-104.8,-104.9,-104.3,-103.6,-102.5,-100.8,-99.9,-99.7,-100.2,-101.2,-101.5,-100.6,-101.3,-103.2,-105.2,-106.1,-105.4,-103.5,693.8,693.3,693.8,695.0,696.3,697.2,696.4,695.1,696.8,694.4,692.8,692.5,694.1,696.6,699.3,697.1,694.7,693.4,693.6,694.9,695.9,696.5,696.7,696.4,695.9,695.3,695.1,695.4,712.2,712.4,712.8,713.0,713.1,712.8,712.5,712.5,714.0,712.3,710.9,710.6,711.9,714.4,717.4,714.6,712.1,710.7,710.8,712.3,713.3,713.4,713.6,713.7,713.7,713.5,713.4,713.3,-30.6,-48.0,616.8,-0.006,-0.087,0.013,0.0,0.0,2.46,0.0,0.0,0.08,0.03,0.93,0.0,0.0,0.22,0.98,0.0,0.15,0.23,0.42
0.163631,0.283104,-0.945027,0.067241,0.224919,-0.972054,0.12,0.259,362.3,363.7,367.1,370.7,372.3,371.1,367.4,363.9,356.9,359.7,363.2,367.0,370.6,373.4,375.3,373.4,370.5,366.9,363.2,359.7,365.7,367.2,368.7,369.3,368.6,367.1,365.6,365.0,416.9,418.5,422.1,425.5,426.7,425.1,421.6,417.9,413.4,415.6,418.6,422.3,425.9,428.8,431.0,428.7,425.8,422.4,418.8,415.6,420.2,421.7,423.2,423.9,423.4,421.9,420.4,419.6,145.1,141.4,139.7,140.9,144.4,148.3,149.9,148.6,145.3,144.5,143.9,143.4,143.3,143.6,144.3,145.7,146.5,147.1,147.0,146.4,146.3,146.9,146.1,144.5,143.0,142.4,143.2,144.8,143.9,140.4,139.1,140.8,144.4,147.9,149.2,147.7,144.5,143.4,142.7,142.6,143.2,144.0,145.2,146.3,146.7,146.7,146.3,145.7,145.6,146.3,145.8,144.3,142.7,142.0,142.5,144.0,-72.9,-71.2,-67.0,-62.8,-61.0,-62.5,-66.9,-71.1,-79.9,-76.1,-71.7,-67.0,-62.7,-59.6,-57.5,-59.6,-63.0,-67.2,-71.8,-76.2,-69.0,-67.2,-65.4,-64.6,-65.4,-67.2,-69.0,-69.8,-6.4,-4.4,0.1,4.4,5.9,3.9,-0.6,-5.1,-10.9,-8.0,-4.2,0.4,4.9,8.6,11.4,8.5,4.8,0.5,-4.0,-8.0,-2.3,-0.4,1.5,2.4,1.7,-0.1,-2.1,-3.0,-98.7,-103.2,-105.4,-104.1,-100.0,-95.4,-93.3,-94.6,-99.0,-99.6,-100.1,-100.7,-101.0,-101.0,-100.6,-98.5,-97.2,-96.4,-96.4,-97.3,-97.6,-97.0,-98.0,-99.9,-101.7,-102.3,-101.3,-99.4,-103.4,-107.8,-109.5,-107.4,-102.9,-98.5,-96.8,-98.6,-102.9,-104.0,-104.7,-104.8,-104.2,-103.5,-102.4,-100.7,-99.8,-99.6,-100.1,-101.1,-101.4,-100.5,-101.2,-103.1,-105.1,-106.0,-105.3,-103.3,690.1,689.5,690.0,691.3,692.7,693.6,692.7,691.4,693.0,690.6,689.0,688.8,690.4,692.9,695.7,693.5,691.0,689.7,689.9,691.2,692.2,692.8,693.0,692.8,692.2,691.6,691.4,691.7,711.6,711.6,711.9,712.1,712.3,712.2,711.9,712.0,713.5,711.7,710.2,709.8,711.1,713.6,716.5,713.8,711.4,710.1,710.3,711.8,712.7,712.8,712.9,712.9,712.9,712.8,712.7,712.6,-30.6,-48.1,616.9,0.002,-0.085,0.013,0.0,0.0,2.39,0.0,0.0,0.02,0.03,0.96,0.0,0.0,0.0,0.84,0.0,0.01,0.3,0.47
0.155618,0.282935,-0.946431,0.063847,0.212754,-0.975018,0.114,0.252,362.6,363.9,367.5,371.1,372.8,371.7,368.0,364.3,357.6,360.2,363.6,367.4,371.2,374.1,376.2,374.2,371.1,367.4,363.7,360.3,366.2,367.7,369.3,369.8,369.1,367.5,366.0,365.4,417.2,418.8,422.3,425.7,427.0,425.4,421.8,418.2,413.7,416.0,419.1,422.8,426.3,429.2,431.3,429.1,426.2,422.8,419.2,415.9,420.4,421.9,423.4,424.1,423.6,422.1,420.6,419.9,144.1,140.3,138.5,139.8,143.3,147.3,148.8,147.6,144.3,143.5,142.9,142.3,142.3,142.6,143.3,144.7,145.5,146.0,146.0,145.4,145.3,145.8,145.0,143.4,141.9,141.3,142.1,143.7,142.6,139.1,137.8,139.5,143.1,146.6,147.8,146.4,143.3,142.2,141.5,141.3,142.0,143.0,144.3,145.1,145.3,145.2,144.8,144.4,144.4,145.1,144.5,143.1,141.5,140.8,141.3,142.8,-72.2,-70.5,-66.3,-61.9,-60.0,-61.4,-65.9,-70.3,-78.8,-75.2,-70.9,-66.2,-61.8,-58.4,-56.0,-58.4,-61.9,-66.3,-70.9,-75.2,-68.1,-66.2,-64.3,-63.6,-64.5,-66.4,-68.2,-68.9,-6.1,-4.1,0.4,4.7,6.3,4.2,-0.2,-4.8,-10.5,-7.6,-3.7,0.9,5.4,9.0,11.8,9.0,5.3,1.0,-3.5,-7.6,-2.0,-0.1,1.8,2.7,2.0,0.1,-1.8,-2.7,-99.7,-104.1,-106.3,-104.9,-100.8,-96.1,-94.1,-95.5,-99.9,-100.5,-100.9,-101.5,-101.8,-101.7,-101.2,-99.2,-97.9,-97.2,-97.3,-98.2,-98.4,-97.8,-98.8,-100.7,-102.5,-103.1,-102.2,-100.2,-105.1,-109.5,-111.2,-109.1,-104.5,-100.0,-98.4,-100.2,-104.4,-105.6,-106.3,-106.4,-105.8,-104.9,-103.6,-102.2,-101.6,-101.5,-102.0,-102.8,-102.9,-102.0,-102.7,-104.6,-106.6,-107.5,-106.8,-104.9,687.3,686.6,686.8,687.6,688.7,689.7,689.2,688.3,690.7,688.1,686.1,685.5,686.7,689.0,691.5,689.5,687.3,686.3,686.9,688.6,689.0,689.4,689.4,689.1,688.7,688.3,688.2,688.5,711.5,712.2,712.7,712.7,712.3,711.6,711.1,711.3,713.2,711.6,710.4,710.1,711.4,713.8,716.6,713.6,711.1,709.6,709.8,711.4,712.4,712.4,712.6,712.9,713.1,713.1,712.9,712.6,-30.1,-49.7,617.4,-0.006,-0.092,0.012,0.0,0.0,2.35,0.0,0.0,0.0,0.04,0.88,0.0,0.0,0.0,0.82,0.0,0.05,0.18,0.56
0.178506,0.26135,-0.948595,0.064389,0.202977,-0.977064,0.125,0.237,362.9,364.1,367.6,371.2,372.9,371.9,368.2,364.6,357.4,360.2,363.6,367.5,371.1,373.9,375.9,374.0,371.0,367.4,363.7,360.2,366.3,367.9,369.4,369.9,369.2,367.6,366.1,365.6,417.3,418.9,422.5,425.9,427.2,425.6,422.0,418.4,413.9,416.2,419.3,422.9,426.5,429.4,431.6,429.4,426.4,423.0,419.4,416.1,420.6,422.1,423.6,424.3,423.8,422.3,420.8,420.1,142.6,138.8,136.9,138.1,141.7,145.6,147.3,146.1,143.0,142.1,141.4,140.8,140.6,141.0,141.7,143.1,143.8,144.4,144.5,144.0,143.8,144.3,143.5,141.8,140.3,139.8,140.6,142.2,141.1,137.6,136.3,137.9,141.6,145.0,146.3,145.0,141.7,140.7,140.0,139.8,140.5,141.4,142.7,143.5,143.7,143.6,143.3,142.8,142.9,143.6,143.0,141.5,139.9,139.2,139.8,141.3,-71.7,-70.2,-66.0,-61.7,-59.8,-61.1,-65.5,-69.8,-78.8,-75.1,-70.8,-66.1,-61.7,-58.5,-56.3,-58.5,-61.9,-66.2,-70.7,-75.1,-67.8,-65.9,-64.1,-63.4,-64.3,-66.2,-68.0,-68.6,-5.9,-3.9,0.6,4.9,6.5,4.5,0.0,-4.6,-10.3,-7.3,-3.4,1.2,5.6,9.3,12.1,9.3,5.5,1.3,-3.3,-7.4,-1.7,0.1,2.1,2.9,2.2,0.4,-1.5,-2.4,-101.3,-105.8,-108.1,-106.8,-102.7,-98.0,-95.9,-97.1,-101.2,-101.9,-102.5,-103.2,-103.6,-103.6,-103.1,-101.1,-99.8,-99.0,-98.9,-99.6,-100.1,-99.5,-100.5,-102.5,-104.3,-104.9,-103.9,-101.9,-106.9,-111.3,-113.0,-111.0,-106.4,-101.9,-100.2,-102.0,-106.3,-107.4,-108.1,-108.2,-107.6,-106.8,-105.6,-104.2,-103.5,-103.4,-103.9,-104.6,-104.8,-103.9,-104.6,-106.5,-108.5,-109.4,-108.7,-106.7,685.9,685.5,686.0,687.1,688.2,689.0,688.1,686.9,689.0,686.6,684.9,684.5,686.0,688.4,691.0,688.8,686.4,685.2,685.6,687.0,687.8,688.3,688.5,688.4,687.9,687.4,687.2,687.4,711.2,711.8,712.2,712.2,711.8,711.3,710.9,711.1,713.0,711.3,710.0,709.7,711.0,713.3,716.2,713.2,710.7,709.3,709.5,711.1,712.1,712.1,712.3,712.5,712.7,712.7,712.5,712.2,-29.7,-51.3,615.5,-0.029,-0.097,0.009,0.0,0.0,2.32,0.0,0.0,0.0,0.08,0.78,0.0,0.0,0.0,0.83,0.0,0.08,0.07,0.68
0.177548,0.262596,-0.94843,0.067997,0.203649,-0.97668,0.127,0.238,362.9,364.1,367.6,371.2,372.9,371.9,368.2,364.6,357.4,360.2,363.6,367.5,371.1,373.9,375.9,374.0,371.0,367.4,363.7,360.2,366.3,367.9,369.4,369.9,369.2,367.6,366.1,365.6,417.4,419.0,422.5,425.9,427.2,425.6,422.1,418.4,413.9,416.2,419.3,423.0,426.5,429.4,431.6,429.4,426.4,423.1,419.4,416.2,420.7,422.2,423.7,424.4,423.8,422.3,420.8,420.1,142.6,138.8,136.9,138.1,141.6,145.6,147.3,146.1,143.0,142.1,141.4,140.8,140.6,141.0,141.7,143.1,143.9,144.4,144.5,144.1,143.8,144.3,143.5,141.8,140.3,139.8,140.6,142.2,141.1,137.6,136.3,138.0,141.6,145.0,146.3,145.0,141.8,140.7,140.0,139.8,140.5,141.4,142.7,143.5,143.7,143.6,143.3,142.9,142.9,143.6,143.0,141.5,140.0,139.3,139.8,141.3,-71.7,-70.1,-66.0,-61.7,-59.7,-61.1,-65.5,-69.7,-78.7,-75.1,-70.7,-66.0,-61.7,-58.5,-56.3,-58.5,-61.9,-66.1,-70.7,-75.0,-67.7,-65.9,-64.0,-63.4,-64.2,-66.1,-67.9,-68.6,-5.8,-3.8,0.6,4.9,6.6,4.6,0.1,-4.5,-10.3,-7.3,-3.4,1.2,5.7,9.3,12.1,9.3,5.6,1.3,-3.2,-7.4,-1.6,0.2,2.1,3.0,2.3,0.4,-1.5,-2.4,-101.2,-105.7,-108.0,-106.7,-102.6,-97.9,-95.8,-97.1,-101.1,-101.9,-102.4,-103.1,-103.5,-103.5,-103.0,-101.0,-99.7,-98.8,-98.8,-99.5,-100.0,-99.4,-100.5,-102.4,-104.2,-104.8,-103.8,-101.8,-106.8,-111.2,-113.0,-110.9,-106.3,-101.8,-100.1,-101.9,-106.2,-107.3,-108.0,-108.1,-107.5,-106.7,-105.5,-104.0,-103.4,-103.3,-103.8,-104.5,-104.6,-103.7,-104.5,-106.4,-108.4,-109.3,-108.6,-106.6,685.2,684.8,685.3,686.4,687.5,688.3,687.4,686.3,688.4,685.9,684.2,683.9,685.3,687.8,690.4,688.2,685.8,684.6,685.0,686.4,687.2,687.6,687.9,687.7,687.2,686.7,686.5,686.7,710.5,711.2,711.7,711.8,711.3,710.6,710.1,710.3,712.3,710.7,709.4,709.1,710.4,712.8,715.7,712.6,710.1,708.7,708.8,710.4,711.4,711.4,711.6,712.0,712.2,712.1,711.9,711.6,-29.6,-51.3,615.4,-0.026,-0.096,0.009,0.0,0.0,2.31,0.0,0.0,0.0,0.14,0.72,0.0,0.0,0.0,0.71,0.0,0.13,0.01,0.67
0.186232,0.253667,-0.949195,0.078059,0.195917,-0.977509,0.136,0.229,363.2,364.4,367.9,371.5,373.2,372.2,368.6,364.9,357.8,360.5,363.8,367.6,371.3,374.2,376.4,374.3,371.2,367.5,363.9,360.5,366.7,368.3,369.8,370.3,369.6,368.0,366.5,366.0,417.3,418.8,422.3,425.7,427.1,425.5,422.0,418.3,413.6,416.0,419.1,422.8,426.2,429.0,431.1,429.0,426.2,422.9,419.3,415.9,420.5,422.0,423.5,424.2,423.6,422.1,420.6,419.9,142.1,138.3,136.5,137.7,141.3,145.3,146.8,145.6,142.5,141.6,141.0,140.4,140.4,140.8,141.5,142.7,143.4,143.9,143.9,143.5,143.3,143.9,143.1,141.5,139.9,139.4,140.2,141.8,140.7,137.2,135.9,137.6,141.2,144.6,145.9,144.5,141.4,140.3,139.6,139.4,140.1,141.0,142.4,143.1,143.3,143.2,142.8,142.4,142.5,143.2,142.7,141.2,139.6,138.9,139.4,140.9,-72.0,-70.4,-66.2,-61.9,-59.8,-61.1,-65.6,-70.0,-79.0,-75.5,-71.2,-66.5,-62.1,-58.7,-56.2,-58.6,-62.2,-66.6,-71.1,-75.4,-67.9,-66.0,-64.1,-63.5,-64.3,-66.2,-68.1,-68.7,-6.0,-4.0,0.4,4.7,6.4,4.4,0.0,-4.6,-10.6,-7.6,-3.6,1.0,5.3,8.9,11.5,8.9,5.3,1.1,-3.4,-7.6,-1.9,-0.0,1.9,2.8,2.0,0.2,-1.8,-2.6,-102.7,-107.3,-109.5,-108.2,-104.0,-99.2,-97.1,-98.5,-102.7,-103.4,-104.0,-104.5,-104.8,-104.6,-104.1,-102.2,-101.1,-100.4,-100.4,-101.2,-101.4,-100.8,-101.8,-103.8,-105.6,-106.2,-105.2,-103.3,-107.4,-111.9,-113.7,-111.7,-107.0,-102.5,-100.8,-102.5,-106.8,-107.9,-108.7,-108.8,-108.2,-107.4,-106.2,-104.8,-104.1,-104.0,-104.5,-105.2,-105.3,-104.4,-105.1,-107.1,-109.1,-110.0,-109.2,-107.3,691.8,691.5,691.9,692.7,693.4,694.1,693.4,692.6,695.5,692.9,690.9,690.3,691.4,693.6,696.0,693.9,691.7,690.8,691.4,693.2,693.5,693.8,694.0,693.8,693.5,693.2,693.0,693.1,711.4,712.4,713.3,713.5,713.0,712.0,711.2,711.1,712.9,711.5,710.5,710.5,712.0,714.5,717.4,714.2,711.5,709.8,709.8,711.2,712.5,712.6,713.0,713.4,713.6,713.5,713.1,712.7,-29.7,-52.0,615.6,-0.036,-0.094,0.009,0.0,0.0,2.22,0.0,0.0,0.0,0.14,0.65,0.0,0.0,0.02,0.64,0.0,0.16,0.01,0.57
0.170964,0.252935,-0.952258,0.083093,0.185258,-0.979171,0.131,0.223,362.8,364.1,367.6,371.3,373.0,372.0,368.2,364.5,357.6,360.2,363.6,367.4,371.2,374.1,376.3,374.2,371.1,367.4,363.7,360.3,366.3,368.0,369.5,370.0,369.3,367.7,366.2,365.6,417.1,418.6,422.2,425.6,427.0,425.4,421.8,418.1,413.3,415.7,418.8,422.5,426.0,428.9,431.1,428.9,426.0,422.6,419.0,415.6,420.4,421.9,423.4,424.1,423.5,422.0,420.5,419.8,141.7,137.9,136.1,137.4,140.9,144.8,146.4,145.2,141.9,141.1,140.5,140.0,139.9,140.1,140.8,142.3,143.1,143.7,143.6,143.1,142.9,143.4,142.6,141.0,139.5,138.9,139.7,141.4,140.2,136.7,135.4,137.0,140.7,144.2,145.5,144.1,141.0,139.8,139.1,138.9,139.6,140.5,141.8,142.6,142.8,142.8,142.4,142.0,142.0,142.7,142.2,140.6,139.1,138.3,138.9,140.4,-71.7,-70.1,-65.8,-61.4,-59.5,-60.8,-65.3,-69.7,-78.4,-74.9,-70.7,-65.9,-61.5,-58.1,-55.6,-58.0,-61.7,-66.1,-70.6,-74.8,-67.6,-65.6,-63.8,-63.1,-63.9,-65.9,-67.7,-68.4,-6.2,-4.2,0.2,4.5,6.2,4.2,-0.2,-4.9,-10.9,-7.9,-4.0,0.6,5.0,8.7,11.4,8.7,5.0,0.8,-3.8,-7.9,-2.1,-0.2,1.7,2.6,1.9,0.0,-1.9,-2.8,-102.1,-106.5,-108.7,-107.4,-103.3,-98.6,-96.6,-98.0,-102.3,-102.9,-103.3,-103.9,-104.2,-104.2,-103.7,-101.7,-100.4,-99.6,-99.7,-100.6,-100.9,-100.3,-101.3,-103.2,-105.0,-105.6,-104.6,-102.7,-107.1,-111.6,-113.3,-111.2,-106.6,-102.1,-100.4,-102.1,-106.3,-107.5,-108.2,-108.4,-107.8,-107.0,-105.8,-104.4,-103.7,-103.6,-104.0,-104.7,-104.9,-104.0,-104.8,-106.7,-108.7,-109.6,-108.9,-106.9,684.4,683.7,683.7,684.5,685.6,686.8,686.4,685.5,688.1,685.3,683.2,682.5,683.6,685.7,688.2,686.3,684.3,683.4,684.1,685.9,686.1,686.5,686.5,686.1,685.7,685.3,685.3,685.6,704.9,705.7,706.4,706.6,706.1,705.3,704.6,704.6,706.6,705.0,703.9,703.7,705.1,707.5,710.4,707.3,704.7,703.2,703.3,704.8,705.9,705.9,706.2,706.6,706.8,706.7,706.4,706.1,-29.9,-52.6,615.1,-0.043,-0.093,0.008,0.0,0.0,2.14,0.0,0.0,0.04,0.17,0.67,0.0,0.0,0.02,0.59,0.0,0.24,0.01,0.64
0.171519,0.224925,-0.959161,0.078454,0.179295,-0.980662,0.128,0.205,363.2,364.3,367.7,371.2,372.9,372.0,368.5,364.9,358.4,360.7,363.8,367.4,371.0,374.0,376.2,374.1,371.0,367.4,363.9,360.8,366.7,368.2,369.6,370.1,369.4,367.9,366.4,365.9,417.1,418.7,422.2,425.6,426.9,425.4,421.9,418.2,413.4,415.8,418.9,422.6,426.1,428.9,430.9,428.9,426.1,422.7,419.1,415.8,420.4,421.9,423.4,424.1,423.5,422.0,420.5,419.8,141.5,137.8,136.1,137.3,140.7,144.6,146.1,144.9,142.4,141.3,140.5,139.9,139.9,140.4,141.2,142.3,142.8,143.2,143.4,143.2,142.8,143.3,142.5,140.9,139.5,138.9,139.7,141.3,140.2,136.7,135.5,137.1,140.7,144.1,145.4,144.0,141.0,139.9,139.1,138.9,139.6,140.6,142.0,142.7,142.9,142.8,142.4,142.1,142.0,142.7,142.2,140.7,139.2,138.4,139.0,140.5,-74.7,-73.2,-69.0,-64.5,-62.4,-63.5,-68.0,-72.5,-81.2,-77.9,-73.8,-69.1,-64.6,-61.0,-58.4,-60.9,-64.7,-69.1,-73.6,-77.8,-70.4,-68.4,-66.6,-66.0,-66.9,-68.9,-70.7,-71.3,-6.1,-4.2,0.2,4.5,6.2,4.2,-0.2,-4.8,-10.8,-7.8,-3.9,0.7,5.1,8.7,11.3,8.7,5.1,0.9,-3.6,-7.8,-2.0,-0.2,1.7,2.6,1.9,-0.0,-1.9,-2.8,-107.3,-112.0,-114.2,-112.8,-108.4,-103.5,-101.5,-103.0,-106.7,-107.7,-108.4,-109.1,-109.2,-108.9,-108.2,-106.5,-105.5,-104.9,-104.8,-105.4,-105.9,-105.2,-106.2,-108.2,-110.1,-110.7,-109.7,-107.7,-107.9,-112.4,-114.1,-112.0,-107.4,-102.9,-101.2,-103.0,-107.0,-108.3,-109.1,-109.3,-108.7,-107.7,-106.4,-105.0,-104.4,-104.3,-104.8,-105.4,-105.7,-104.8,-105.5,-107.5,-109.5,-110.4,-109.6,-107.7,717.5,717.7,717.9,718.2,718.3,718.5,717.9,717.6,721.5,718.8,716.7,715.8,716.7,718.5,720.6,718.5,716.6,715.9,716.8,718.9,718.7,718.8,718.9,718.9,718.9,718.8,718.7,718.6,710.3,711.4,712.3,712.4,711.8,710.6,709.7,709.8,711.8,710.4,709.4,709.4,710.8,713.2,716.0,712.9,710.2,708.6,708.6,710.0,711.2,711.3,711.7,712.2,712.5,712.4,712.0,711.5,-29.8,-52.7,616.7,-0.051,-0.095,0.008,0.0,0.0,2.13,0.0,0.02,0.1,0.21,0.91,0.0,0.0,0.02,0.62,0.0,0.36,0.0,0.47
0.169273,0.201978,-0.964651,0.063979,0.149523,-0.986686,0.119,0.178,362.5,363.7,367.0,370.7,372.4,371.5,367.9,364.3,357.3,359.9,363.1,366.9,370.5,373.4,375.6,373.6,370.6,367.0,363.3,360.0,366.0,367.6,369.0,369.5,368.8,367.2,365.7,365.3,416.5,418.0,421.6,425.1,426.4,424.9,421.3,417.6,412.9,415.3,418.4,422.1,425.6,428.5,430.8,428.6,425.6,422.2,418.6,415.2,419.8,421.3,422.9,423.6,423.0,421.5,419.9,419.2,140.2,136.4,134.6,135.8,139.2,143.2,144.8,143.6,141.0,140.0,139.1,138.4,138.4,138.8,139.5,140.7,141.3,141.9,142.1,141.8,141.4,141.9,141.1,139.5,138.0,137.5,138.3,139.9,138.7,135.3,134.0,135.6,139.2,142.6,143.9,142.6,139.6,138.4,137.6,137.5,138.2,139.3,140.7,141.3,141.4,141.2,140.8,140.6,140.6,141.3,140.8,139.3,137.7,137.0,137.6,139.0,-73.8,-72.4,-68.3,-63.8,-61.7,-62.8,-67.2,-71.6,-80.7,-77.2,-72.9,-68.3,-63.9,-60.4,-58.0,-60.2,-63.8,-68.2,-72.7,-77.0,-69.6,-67.7,-65.9,-65.3,-66.2,-68.2,-69.9,-70.5,-6.9,-4.9,-0.5,3.8,5.5,3.6,-0.9,-5.5,-11.3,-8.4,-4.5,0.1,4.5,8.2,11.0,8.2,4.5,0.3,-4.3,-8.4,-2.7,-0.8,1.1,1.9,1.2,-0.7,-2.6,-3.5,-106.5,-111.2,-113.5,-112.2,-107.9,-103.0,-100.9,-102.3,-106.0,-106.9,-107.7,-108.4,-108.7,-108.6,-108.0,-106.1,-105.0,-104.2,-104.1,-104.6,-105.2,-104.6,-105.6,-107.6,-109.5,-110.1,-109.1,-107.0,-108.5,-112.9,-114.6,-112.6,-108.0,-103.5,-101.8,-103.5,-107.6,-108.8,-109.7,-109.8,-109.1,-108.1,-106.7,-105.5,-105.0,-105.0,-105.5,-106.1,-106.2,-105.3,-106.0,-108.0,-110.0,-110.9,-110.1,-108.2,701.2,701.3,701.8,702.5,702.9,703.1,702.3,701.6,704.8,702.3,700.5,699.9,701.0,703.1,705.5,703.3,701.0,700.0,700.6,702.4,702.7,703.0,703.2,703.3,703.1,702.8,702.6,702.6,702.1,703.4,704.2,704.0,702.9,701.6,700.8,701.2,703.6,702.2,701.1,700.9,702.1,704.4,707.0,703.9,701.3,699.8,700.0,701.6,702.7,702.6,702.9,703.5,704.0,704.0,703.7,703.1,-30.4,-55.0,615.4,-0.092,-0.083,0.007,0.0,0.0,2.21,0.0,0.09,0.2,0.28,1.16,0.06,0.0,0.04,0.65,0.0,0.51,0.0,0.36
0.181915,0.188573,-0.965063,0.057543,0.134285,-0.989271,0.122,0.164,362.8,363.9,367.2,370.8,372.5,371.7,368.1,364.5,357.5,360.0,363.1,366.8,370.5,373.4,375.5,373.5,370.5,366.9,363.3,360.1,366.2,367.8,369.2,369.7,368.9,367.4,365.9,365.5,416.2,417.8,421.3,424.7,426.0,424.5,421.0,417.3,412.7,415.1,418.2,421.9,425.4,428.2,430.2,428.2,425.4,422.0,418.4,415.0,419.5,421.0,422.5,423.2,422.6,421.1,419.6,418.9,139.3,135.6,133.8,134.9,138.3,142.2,143.9,142.7,140.1,139.1,138.3,137.6,137.5,137.8,138.5,139.8,140.6,141.1,141.3,141.0,140.5,141.0,140.2,138.6,137.1,136.6,137.4,139.0,137.8,134.4,133.1,134.7,138.3,141.7,143.0,141.6,138.7,137.6,136.8,136.6,137.3,138.3,139.7,140.3,140.5,140.3,140.0,139.7,139.6,140.3,139.8,138.3,136.8,136.1,136.6,138.1,-74.1,-72.7,-68.6,-64.2,-62.1,-63.2,-67.6,-72.0,-81.2,-77.8,-73.6,-68.9,-64.5,-61.0,-58.5,-60.8,-64.5,-68.9,-73.4,-77.7,-70.0,-68.1,-66.3,-65.7,-66.6,-68.5,-70.3,-70.9,-7.2,-5.3,-0.9,3.4,5.1,3.2,-1.2,-5.9,-11.7,-8.7,-4.8,-0.2,4.2,7.8,10.4,7.8,4.2,0.1,-4.5,-8.7,-3.1,-1.2,0.7,1.5,0.7,-1.1,-3.0,-3.8,-108.5,-113.1,-115.4,-114.1,-110.0,-105.1,-103.0,-104.3,-108.2,-109.0,-109.7,-110.4,-110.7,-110.6,-110.1,-108.2,-106.9,-106.1,-106.0,-106.7,-107.3,-106.7,-107.7,-109.7,-111.5,-112.1,-111.1,-109.1,-110.6,-115.1,-116.9,-114.9,-110.3,-105.8,-104.1,-105.7,-109.8,-111.0,-111.8,-112.0,-111.4,-110.5,-109.2,-107.9,-107.3,-107.2,-107.6,-108.2,-108.5,-107.6,-108.3,-110.3,-112.3,-113.2,-112.4,-110.5,707.5,707.3,707.6,708.2,708.8,709.4,708.7,708.1,711.5,708.7,706.7,705.9,706.9,708.9,711.2,709.2,707.1,706.3,707.1,709.0,709.0,709.2,709.4,709.3,709.1,708.8,708.6,708.7,709.0,710.1,711.0,711.1,710.3,709.2,708.3,708.4,710.4,709.0,708.0,708.0,709.5,712.0,714.8,711.6,708.8,707.2,707.1,708.5,709.8,709.9,710.3,710.8,711.1,711.1,710.7,710.2,-30.6,-56.0,615.2,-0.112,-0.079,0.007,0.0,0.0,2.25,0.0,0.17,0.25,0.31,1.36,0.1,0.0,0.08,0.62,0.0,0.62,0.0,0.05
0.190432,0.188517,-0.96343,0.057224,0.135983,-0.989057,0.126,0.165,363.0,364.1,367.4,370.9,372.6,371.7,368.2,364.7,357.3,360.0,363.3,367.0,370.6,373.4,375.4,373.5,370.6,367.1,363.5,360.1,366.3,367.9,369.3,369.7,369.0,367.5,366.1,365.6,416.3,417.8,421.3,424.7,426.1,424.6,421.1,417.3,412.7,415.1,418.2,421.9,425.4,428.2,430.2,428.2,425.4,422.1,418.4,415.0,419.5,421.0,422.6,423.2,422.6,421.1,419.6,418.9,139.3,135.6,133.8,134.9,138.3,142.2,143.8,142.7,140.1,139.1,138.3,137.6,137.5,137.8,138.5,139.8,140.5,141.0,141.2,141.0,140.5,140.9,140.2,138.6,137.1,136.6,137.4,139.0,137.8,134.4,133.1,134.7,138.3,141.7,143.0,141.6,138.7,137.6,136.8,136.6,137.3,138.3,139.7,140.3,140.4,140.3,140.0,139.7,139.6,140.3,139.8,138.3,136.8,136.1,136.6,138.1,-73.6,-72.2,-68.2,-63.9,-61.8,-63.0,-67.2,-71.5,-81.1,-77.5,-73.2,-68.5,-64.1,-60.9,-58.5,-60.7,-64.1,-68.4,-73.0,-77.3,-69.6,-67.8,-66.0,-65.5,-66.3,-68.2,-69.9,-70.5,-7.2,-5.3,-0.9,3.4,5.1,3.2,-1.2,-5.8,-11.7,-8.7,-4.7,-0.1,4.2,7.7,10.4,7.8,4.2,0.1,-4.5,-8.7,-3.1,-1.2,0.7,1.5,0.8,-1.1,-3.0,-3.8,-108.2,-112.8,-115.2,-113.9,-109.8,-104.9,-102.8,-104.0,-107.6,-108.6,-109.4,-110.2,-110.5,-110.4,-109.9,-108.0,-106.7,-105.9,-105.7,-106.2,-107.0,-106.5,-107.5,-109.5,-111.2,-111.8,-110.8,-108.8,-110.4,-114.9,-116.6,-114.6,-110.0,-105.5,-103.8,-105.5,-109.5,-110.7,-111.5,-111.7,-111.1,-110.2,-108.9,-107.6,-107.1,-107.0,-107.4,-108.0,-108.2,-107.3,-108.1,-110.0,-112.0,-112.9,-112.1,-110.2,705.0,705.0,705.8,706.8,707.5,707.8,706.7,705.7,708.5,706.0,704.3,703.9,705.3,707.6,710.2,707.9,705.4,704.3,704.7,706.3,706.9,707.3,707.6,707.6,707.3,706.9,706.6,706.6,707.2,708.5,709.4,709.5,708.7,707.4,706.5,706.6,708.6,707.3,706.3,706.4,707.8,710.3,713.2,709.9,707.1,705.4,705.4,706.8,708.1,708.2,708.6,709.1,709.5,709.4,709.0,708.5,-30.6,-56.1,615.7,-0.109,-0.078,0.008,0.03,0.0,2.29,0.0,0.28,0.29,0.38,1.43,0.19,0.0,0.08,0.42,0.0,0.63,0.0,0.02
0.184814,0.183409,-0.965508,0.068521,0.123127,-0.990023,0.129,0.155,362.3,363.5,366.8,370.4,372.1,371.2,367.6,364.1,356.8,359.4,362.7,366.5,370.1,373.0,375.0,373.1,370.1,366.5,362.9,359.5,365.7,367.3,368.7,369.2,368.5,366.9,365.5,365.0,416.1,417.6,421.1,424.6,426.0,424.5,421.0,417.2,412.4,414.8,418.0,421.7,425.2,428.0,430.1,428.1,425.3,422.0,418.3,414.8,419.4,420.9,422.5,423.1,422.5,421.0,419.4,418.8,138.1,134.4,132.6,133.8,137.3,141.2,142.8,141.6,139.1,138.0,137.2,136.5,136.4,136.8,137.6,138.8,139.4,139.9,140.1,139.9,139.4,139.9,139.1,137.5,136.0,135.5,136.3,137.9,136.7,133.2,131.9,133.5,137.1,140.5,141.8,140.5,137.6,136.5,135.7,135.5,136.2,137.2,138.6,139.2,139.3,139.1,138.8,138.6,138.5,139.2,138.7,137.2,135.6,134.9,135.5,137.0,-73.8,-72.4,-68.3,-64.0,-61.9,-63.0,-67.3,-71.7,-81.0,-77.5,-73.2,-68.5,-64.1,-60.8,-58.4,-60.7,-64.1,-68.5,-73.0,-77.3,-69.7,-67.8,-66.1,-65.5,-66.4,-68.3,-70.0,-70.6,-7.3,-5.5,-1.1,3.2,5.0,3.1,-1.2,-5.9,-11.9,-8.9,-4.9,-0.3,4.0,7.5,10.1,7.6,4.1,-0.0,-4.6,-8.9,-3.2,-1.3,0.6,1.4,0.6,-1.3,-3.2,-4.0,-108.6,-113.3,-115.6,-114.3,-110.0,-105.1,-103.0,-104.4,-108.0,-108.9,-109.7,-110.5,-110.8,-110.6,-110.0,-108.1,-107.0,-106.2,-106.1,-106.6,-107.3,-106.7,-107.7,-109.7,-111.6,-112.2,-111.1,-109.1,-110.8,-115.3,-117.1,-115.1,-110.5,-106.0,-104.3,-105.9,-109.9,-111.1,-111.9,-112.1,-111.5,-110.7,-109.4,-108.1,-107.5,-107.5,-107.8,-108.4,-108.6,-107.8,-108.5,-110.5,-112.5,-113.4,-112.6,-110.6,698.5,698.7,699.4,700.3,700.7,700.9,699.8,698.9,702.0,699.5,697.8,697.4,698.6,700.9,703.3,701.0,698.6,697.5,698.0,699.6,700.2,700.5,700.8,700.9,700.7,700.4,700.1,700.0,700.9,702.3,703.4,703.5,702.6,701.2,700.1,700.2,702.2,701.0,700.1,700.2,701.7,704.2,707.0,703.7,700.9,699.2,699.0,700.4,701.8,701.9,702.3,703.0,703.4,703.3,702.8,702.2,-30.7,-56.9,610.3,-0.123,-0.078,0.006,0.11,0.0,2.49,0.0,0.38,0.41,0.45,1.34,0.14,0.0,0.04,0.23,0.0,0.54,0.0,0.0
0.20224,0.167768,-0.964859,0.062212,0.10949,-0.992039,0.134,0.141,362.7,363.8,367.1,370.8,372.5,371.7,368.1,364.5,356.9,359.6,362.9,366.7,370.4,373.2,375.3,373.4,370.4,366.8,363.1,359.7,366.2,367.7,369.1,369.6,368.8,367.3,365.9,365.4,416.7,418.2,421.8,425.2,426.5,424.9,421.4,417.7,413.0,415.5,418.6,422.3,425.8,428.6,430.7,428.6,425.8,422.4,418.8,415.4,419.9,421.4,422.9,423.6,423.1,421.6,420.1,419.4,136.9,133.2,131.4,132.7,136.2,140.2,141.7,140.5,138.2,137.0,136.0,135.3,135.3,135.9,136.7,137.8,138.2,138.7,138.9,138.9,138.3,138.9,138.1,136.5,135.0,134.5,135.2,136.8,135.6,132.2,131.0,132.7,136.3,139.7,140.9,139.5,136.4,135.4,134.7,134.6,135.3,136.4,137.8,138.4,138.5,138.2,137.9,137.5,137.5,138.3,137.7,136.3,134.7,134.0,134.5,136.0,-72.4,-71.1,-67.1,-62.8,-60.6,-61.6,-65.8,-70.2,-79.9,-76.3,-72.1,-67.4,-63.1,-59.8,-57.4,-59.5,-63.0,-67.3,-71.8,-76.2,-68.3,-66.5,-64.8,-64.2,-65.2,-67.0,-68.7,-69.3,-6.7,-4.7,-0.3,4.0,5.6,3.7,-0.7,-5.4,-11.2,-8.2,-4.2,0.4,4.8,8.3,10.9,8.3,4.7,0.5,-4.0,-8.2,-2.6,-0.7,1.2,2.0,1.3,-0.5,-2.4,-3.3,-108.7,-113.4,-115.7,-114.4,-110.1,-105.1,-103.0,-104.4,-107.6,-108.8,-109.8,-110.6,-110.8,-110.5,-109.8,-108.1,-107.1,-106.4,-106.2,-106.5,-107.3,-106.7,-107.7,-109.7,-111.5,-112.1,-111.1,-109.1,-112.8,-117.2,-118.9,-116.8,-112.2,-107.7,-106.1,-107.8,-112.0,-113.1,-113.8,-113.9,-113.3,-112.3,-111.0,-109.7,-109.2,-109.2,-109.7,-110.4,-110.5,-109.6,-110.3,-112.3,-114.2,-115.1,-114.4,-112.5,689.8,690.5,691.6,692.4,692.4,692.0,690.6,689.8,693.2,690.9,689.3,689.0,690.3,692.5,694.9,692.4,689.9,688.7,689.1,690.8,691.4,691.7,692.2,692.5,692.5,692.2,691.7,691.4,705.2,706.4,707.3,707.4,706.5,705.3,704.4,704.5,706.6,705.2,704.2,704.2,705.7,708.1,711.0,707.7,704.9,703.3,703.3,704.7,706.0,706.0,706.4,707.0,707.3,707.3,706.9,706.4,-30.3,-57.7,609.5,-0.137,-0.078,0.008,0.23,0.0,2.65,0.0,0.47,0.54,0.52,1.31,0.14,0.0,0.0,0.03,0.0,0.4,0.0,0.0
0.209294,0.16469,-0.963884,0.069359,0.109982,-0.991511,0.142,0.14,362.8,363.9,367.2,370.8,372.6,371.7,368.2,364.6,357.0,359.7,363.0,366.8,370.5,373.3,375.3,373.5,370.5,366.9,363.2,359.8,366.2,367.8,369.2,369.7,368.9,367.3,365.9,365.5,416.7,418.2,421.7,425.1,426.4,424.9,421.4,417.7,413.0,415.5,418.6,422.3,425.7,428.5,430.5,428.5,425.7,422.4,418.8,415.4,419.9,421.4,422.9,423.6,423.0,421.5,420.0,419.3,136.9,133.2,131.4,132.6,136.1,140.1,141.7,140.4,138.2,137.0,136.0,135.3,135.3,135.8,136.7,137.8,138.2,138.7,138.9,138.8,138.3,138.8,138.1,136.5,135.0,134.4,135.2,136.8,135.7,132.3,131.1,132.7,136.3,139.7,140.9,139.6,136.5,135.4,134.7,134.6,135.3,136.3,137.7,138.3,138.4,138.3,137.9,137.6,137.6,138.3,137.8,136.3,134.7,134.0,134.6,136.1,-72.4,-71.2,-67.2,-62.9,-60.7,-61.7,-65.9,-70.2,-80.0,-76.4,-72.1,-67.4,-63.1,-59.9,-57.6,-59.6,-63.0,-67.3,-71.8,-76.2,-68.4,-66.6,-64.9,-64.3,-65.3,-67.1,-68.8,-69.3,-6.7,-4.8,-0.4,3.9,5.6,3.7,-0.7,-5.4,-11.3,-8.2,-4.3,0.3,4.7,8.2,10.8,8.2,4.6,0.5,-4.1,-8.3,-2.6,-0.8,1.1,2.0,1.3,-0.6,-2.5,-3.4,-109.0,-113.7,-116.1,-114.7,-110.4,-105.4,-103.4,-104.7,-107.9,-109.1,-110.0,-110.9,-111.1,-110.8,-110.1,-108.4,-107.4,-106.7,-106.4,-106.8,-107.6,-107.0,-108.0,-110.0,-111.9,-112.5,-111.4,-109.4,-113.5,-118.0,-119.8,-117.7,-113.1,-108.6,-106.9,-108.6,-112.8,-113.9,-114.7,-114.8,-114.2,-113.3,-112.0,-110.7,-110.1,-110.1,-110.5,-111.2,-111.3,-110.5,-111.2,-113.2,-115.2,-116.0,-115.3,-113.3,691.5,692.3,693.5,694.4,694.4,694.0,692.5,691.6,694.7,692.5,691.1,690.8,692.2,694.5,696.9,694.4,691.8,690.5,690.9,692.4,693.2,693.6,694.1,694.4,694.4,694.0,693.5,693.2,710.8,712.0,713.0,713.1,712.4,711.2,710.2,710.3,712.2,710.9,709.9,710.0,711.5,713.9,716.8,713.6,710.8,709.1,709.1,710.4,711.8,711.8,712.2,712.8,713.1,713.0,712.6,712.1,-30.4,-57.6,609.0,-0.142,-0.085,0.007,0.33,0.0,2.77,0.0,0.51,0.65,0.53,1.2,0.1,0.0,0.0,0.0,0.0,0.31,0.0,0.0
0.210439,0.162367,-0.964029,0.073238,0.109489,-0.991286,0.144,0.138,362.8,363.9,367.2,370.8,372.6,371.7,368.2,364.6,356.9,359.6,363.0,366.8,370.4,373.3,375.3,373.4,370.5,366.9,363.2,359.8,366.2,367.7,369.2,369.6,368.9,367.3,365.9,365.4,416.7,418.2,421.7,425.1,426.4,424.9,421.4,417.7,413.0,415.5,418.6,422.2,425.7,428.4,430.4,428.4,425.6,422.4,418.8,415.4,419.9,421.4,422.9,423.5,423.0,421.5,420.0,419.3,136.9,133.2,131.4,132.6,136.2,140.2,141.7,140.4,138.2,137.0,136.0,135.3,135.3,135.8,136.7,137.8,138.2,138.7,138.9,138.9,138.3,138.8,138.1,136.5,135.0,134.4,135.2,136.8,135.8,132.4,131.1,132.7,136.3,139.7,141.0,139.6,136.5,135.5,134.8,134.7,135.3,136.3,137.6,138.3,138.5,138.3,138.0,137.6,137.6,138.3,137.8,136.3,134.8,134.1,134.6,136.1,-72.3,-71.1,-67.2,-62.8,-60.7,-61.7,-65.9,-70.2,-79.9,-76.3,-72.0,-67.4,-63.1,-59.8,-57.5,-59.6,-63.0,-67.3,-71.8,-76.2,-68.4,-66.5,-64.8,-64.3,-65.2,-67.1,-68.7,-69.3,-6.7,-4.8,-0.4,3.9,5.6,3.6,-0.8,-5.4,-11.3,-8.3,-4.3,0.3,4.6,8.1,10.8,8.1,4.6,0.5,-4.1,-8.3,-2.6,-0.8,1.1,2.0,1.2,-0.6,-2.5,-3.4,-108.9,-113.6,-115.9,-114.6,-110.3,-105.3,-103.2,-104.6,-107.8,-108.9,-109.9,-110.7,-111.0,-110.7,-110.0,-108.2,-107.3,-106.6,-106.3,-106.6,-107.4,-106.9,-107.9,-109.9,-111.7,-112.3,-111.3,-109.3,-114.2,-118.7,-120.4,-118.4,-113.8,-109.3,-107.5,-109.2,-113.5,-114.6,-115.3,-115.5,-114.9,-114.0,-112.8,-111.4,-110.8,-110.7,-111.2,-111.8,-112.0,-111.1,-111.9,-113.8,-115.8,-116.7,-115.9,-114.0,690.6,691.4,692.6,693.4,693.5,693.1,691.6,690.7,693.9,691.7,690.2,689.9,691.3,693.6,696.0,693.5,690.9,689.6,690.0,691.6,692.3,692.7,693.2,693.5,693.5,693.1,692.6,692.3,715.2,716.2,717.1,717.4,716.8,715.7,714.8,714.7,716.6,715.2,714.3,714.3,715.8,718.4,721.3,718.1,715.3,713.6,713.5,714.8,716.2,716.3,716.7,717.2,717.4,717.3,716.9,716.5,-30.4,-57.6,608.9,-0.146,-0.085,0.006,0.3,0.0,2.49,0.0,0.41,0.43,0.44,1.14,0.08,0.0,0.0,0.0,0.0,0.18,0.0,0.0
0.222755,0.141245,-0.964588,0.100004,0.088155,-0.991074,0.164,0.117,364.3,365.3,368.6,372.1,373.8,372.9,369.5,366.0,358.3,361.1,364.5,368.2,371.8,374.5,376.4,374.6,371.8,368.3,364.7,361.2,367.5,369.0,370.4,370.9,370.1,368.6,367.3,366.8,417.9,419.4,422.8,426.2,427.5,426.0,422.6,418.9,414.1,416.5,419.6,423.2,426.6,429.2,431.1,429.2,426.6,423.4,419.8,416.5,421.0,422.5,424.0,424.6,424.1,422.6,421.1,420.4,134.8,131.1,129.4,130.6,134.1,138.0,139.5,138.3,135.9,134.7,133.8,133.1,133.2,133.7,134.6,135.6,136.1,136.5,136.7,136.6,136.1,136.7,135.9,134.3,132.9,132.3,133.1,134.7,133.7,130.4,129.2,130.9,134.4,137.7,138.9,137.5,134.6,133.4,132.7,132.6,133.3,134.4,135.9,136.5,136.6,136.3,135.9,135.6,135.6,136.4,135.8,134.4,132.8,132.1,132.6,134.1,-71.7,-70.4,-66.5,-62.3,-60.1,-61.2,-65.3,-69.6,-79.4,-75.7,-71.3,-66.7,-62.5,-59.3,-57.1,-59.1,-62.4,-66.6,-71.1,-75.5,-67.8,-66.0,-64.3,-63.8,-64.7,-66.5,-68.1,-68.7,-5.2,-3.4,1.0,5.3,7.0,5.1,0.8,-3.9,-10.1,-7.0,-3.0,1.6,5.8,9.2,11.7,9.2,5.8,1.8,-2.7,-7.0,-1.2,0.6,2.5,3.4,2.6,0.7,-1.2,-2.0,-113.2,-117.9,-120.3,-119.0,-114.7,-109.7,-107.6,-108.9,-112.3,-113.4,-114.4,-115.2,-115.4,-115.1,-114.5,-112.7,-111.7,-111.0,-110.8,-111.1,-111.8,-111.3,-112.3,-114.3,-116.1,-116.7,-115.7,-113.7,-116.9,-121.4,-123.1,-121.0,-116.4,-111.9,-110.2,-112.0,-116.0,-117.3,-118.1,-118.3,-117.6,-116.6,-115.2,-113.9,-113.4,-113.3,-113.8,-114.4,-114.6,-113.7,-114.5,-116.4,-118.4,-119.3,-118.6,-116.6,701.5,702.2,703.5,704.6,704.8,704.4,702.8,701.7,704.4,702.3,701.0,701.0,702.5,705.0,707.5,704.9,702.2,700.7,700.8,702.2,703.3,703.8,704.4,704.7,704.6,704.1,703.6,703.2,715.6,717.2,718.5,718.9,718.1,716.5,715.2,715.0,716.8,715.7,715.0,715.3,717.0,719.6,722.5,719.1,716.1,714.2,714.0,715.1,716.8,716.9,717.5,718.2,718.6,718.4,717.8,717.1,-29.3,-58.9,606.2,-0.175,-0.099,0.006,0.24,0.0,2.27,0.0,0.3,0.29,0.39,0.96,0.04,0.0,0.0,0.0,0.0,0.09,0.0,0.0
0.222124,0.134476,-0.9657,0.096416,0.07975,-0.992141,0.161,0.109,364.2,365.3,368.5,372.0,373.8,372.9,369.5,365.9,358.3,361.1,364.4,368.2,371.7,374.5,376.4,374.6,371.8,368.3,364.6,361.2,367.5,369.0,370.4,370.8,370.1,368.6,367.2,366.8,417.9,419.4,422.9,426.3,427.6,426.2,422.7,419.0,414.1,416.6,419.7,423.4,426.8,429.4,431.3,429.5,426.8,423.6,420.0,416.6,421.1,422.6,424.1,424.8,424.2,422.7,421.2,420.5,134.8,131.1,129.4,130.6,134.1,138.0,139.5,138.3,136.0,134.8,133.8,133.2,133.2,133.7,134.6,135.6,136.1,136.5,136.7,136.6,136.2,136.7,135.9,134.4,132.9,132.4,133.1,134.7,133.7,130.3,129.1,130.8,134.4,137.7,138.9,137.6,134.7,133.5,132.7,132.6,133.3,134.4,135.9,136.5,136.6,136.4,136.0,135.7,135.7,136.4,135.9,134.4,132.8,132.1,132.6,134.1,-71.6,-70.3,-66.4,-62.1,-60.0,-61.0,-65.2,-69.4,-79.2,-75.6,-71.2,-66.6,-62.3,-59.2,-56.9,-58.9,-62.2,-66.4,-71.0,-75.4,-67.6,-65.8,-64.2,-63.6,-64.5,-66.4,-68.0,-68.5,-5.1,-3.3,1.1,5.4,7.1,5.2,0.9,-3.7,-9.9,-6.8,-2.8,1.7,6.0,9.4,11.8,9.4,6.0,2.0,-2.5,-6.8,-1.1,0.8,2.7,3.5,2.7,0.9,-1.0,-1.8,-112.9,-117.6,-120.0,-118.7,-114.4,-109.4,-107.3,-108.6,-112.0,-113.1,-114.1,-114.9,-115.1,-114.8,-114.2,-112.4,-111.4,-110.7,-110.4,-110.8,-111.5,-111.0,-112.0,-114.0,-115.8,-116.4,-115.3,-113.3,-115.7,-120.2,-121.9,-119.9,-115.3,-110.8,-109.1,-110.8,-114.7,-116.0,-116.9,-117.1,-116.4,-115.5,-114.1,-112.7,-112.2,-112.1,-112.5,-113.1,-113.4,-112.6,-113.3,-115.3,-117.3,-118.2,-117.4,-115.5,699.7,700.5,701.7,702.8,703.0,702.6,701.0,699.9,702.7,700.6,699.3,699.2,700.8,703.2,705.7,703.1,700.4,698.9,699.1,700.5,701.6,702.0,702.6,702.9,702.8,702.4,701.8,701.5,708.4,709.9,711.3,711.6,710.8,709.3,708.0,707.8,709.5,708.5,707.8,708.1,709.8,712.4,715.3,711.9,709.0,707.1,706.7,707.9,709.6,709.7,710.3,711.0,711.3,711.2,710.6,709.9,-29.3,-58.8,606.0,-0.182,-0.096,0.005,0.26,0.0,2.11,0.0,0.2,0.07,0.23,0.8,0.0,0.0,0.0,0.0,0.0,0.0,0.0,0.0
0.240814,0.101574,-0.965241,0.095774,0.045087,-0.994381,0.17,0.075,365.3,366.3,369.5,373.0,374.7,373.9,370.5,367.1,359.5,362.1,365.4,369.1,372.6,375.3,377.2,375.5,372.6,369.2,365.6,362.3,368.6,370.1,371.4,371.8,371.1,369.6,368.3,367.8,418.7,420.1,423.6,427.0,428.5,427.0,423.6,419.8,414.9,417.3,420.5,424.2,427.6,430.3,432.3,430.4,427.7,424.5,420.8,417.4,421.9,423.4,424.9,425.6,424.9,423.4,421.9,421.3,134.3,130.6,128.8,130.0,133.3,137.2,138.8,137.7,135.4,134.2,133.3,132.5,132.4,132.9,133.6,134.8,135.4,135.9,136.2,136.1,135.5,136.0,135.2,133.7,132.2,131.7,132.5,134.1,132.7,129.4,128.3,129.9,133.4,136.7,137.8,136.5,133.9,132.6,131.8,131.6,132.4,133.6,135.3,135.7,135.6,135.3,135.0,134.8,134.7,135.4,134.9,133.5,131.9,131.2,131.7,133.2,-71.5,-70.3,-66.4,-62.1,-60.0,-61.0,-65.1,-69.4,-79.3,-75.7,-71.4,-66.7,-62.4,-59.2,-56.9,-59.0,-62.3,-66.6,-71.1,-75.5,-67.6,-65.8,-64.1,-63.6,-64.5,-66.3,-68.0,-68.5,-4.1,-2.4,2.0,6.3,8.1,6.2,1.9,-2.7,-8.8,-5.8,-1.9,2.7,7.0,10.4,12.9,10.5,7.1,3.1,-1.5,-5.7,-0.1,1.8,3.7,4.4,3.7,1.8,-0.1,-0.9,-115.7,-120.4,-122.9,-121.6,-117.4,-112.5,-110.3,-111.5,-114.8,-115.9,-116.9,-117.8,-118.2,-118.0,-117.4,-115.6,-114.4,-113.5,-113.2,-113.6,-114.5,-113.9,-115.0,-117.0,-118.8,-119.3,-118.3,-116.3,-115.6,-120.0,-121.6,-119.6,-115.0,-110.7,-109.0,-110.7,-114.2,-115.6,-116.6,-116.9,-116.2,-115.0,-113.4,-112.3,-112.0,-112.1,-112.4,-112.8,-113.2,-112.4,-113.1,-115.0,-117.0,-117.9,-117.1,-115.2,712.9,713.4,714.6,715.7,716.1,716.0,714.5,713.3,716.1,713.9,712.4,712.2,713.7,716.1,718.6,716.1,713.5,712.2,712.4,713.9,714.8,715.3,715.8,716.0,715.8,715.4,714.9,714.7,699.9,701.8,703.3,703.4,702.1,700.2,698.7,698.7,700.7,699.8,699.3,699.6,701.2,703.6,706.3,702.9,699.9,698.1,697.8,699.0,700.7,700.8,701.4,702.3,702.8,702.8,702.1,701.3,-28.2,-60.2,608.8,-0.211,-0.1,-0.009,0.38,0.0,2.11,0.0,0.23,0.19,0.12,0.78,0.0,0.0,0.0,0.0,0.0,0.0,0.0,0.0
0.264916,0.09304,-0.959772,0.093254,0.038459,-0.994899,0.181,0.067,365.6,366.6,369.8,373.3,375.0,374.2,370.8,367.4,359.1,361.9,365.4,369.2,372.7,375.4,377.4,375.7,372.9,369.4,365.7,362.1,368.8,370.3,371.7,372.1,371.4,369.9,368.5,368.1,418.9,420.4,423.9,427.4,428.8,427.3,423.7,420.0,415.1,417.6,420.8,424.5,427.9,430.7,432.7,430.7,428.0,424.7,421.0,417.6,422.1,423.7,425.2,425.8,425.2,423.7,422.2,421.5,134.8,131.1,129.2,130.4,133.9,137.9,139.5,138.3,136.0,134.8,133.8,133.0,133.0,133.4,134.1,135.3,135.9,136.4,136.7,136.6,136.1,136.6,135.8,134.2,132.8,132.3,133.0,134.6,133.0,129.7,128.6,130.3,133.8,137.1,138.2,136.9,134.1,132.9,132.1,132.0,132.8,134.1,135.7,136.1,136.0,135.6,135.3,135.0,135.1,135.8,135.3,133.9,132.3,131.6,132.1,133.5,-68.9,-67.7,-64.0,-59.8,-57.7,-58.7,-62.7,-66.8,-77.2,-73.5,-69.1,-64.5,-60.3,-57.2,-55.0,-56.9,-60.1,-64.3,-68.8,-73.3,-65.2,-63.4,-61.8,-61.3,-62.2,-63.9,-65.5,-66.0,-3.9,-2.0,2.3,6.6,8.4,6.5,2.1,-2.5,-8.5,-5.5,-1.5,3.1,7.3,10.8,13.3,10.8,7.4,3.3,-1.2,-5.5,0.2,2.0,3.9,4.8,4.0,2.1,0.2,-0.6,-111.4,-116.1,-118.6,-117.4,-113.2,-108.2,-106.0,-107.3,-110.5,-111.6,-112.6,-113.5,-113.9,-113.8,-113.3,-111.4,-110.2,-109.4,-109.0,-109.3,-110.2,-109.7,-110.7,-112.7,-114.5,-115.0,-114.0,-112.0,-114.8,-119.2,-120.9,-118.8,-114.2,-109.8,-108.2,-109.9,-113.7,-115.0,-115.9,-116.0,-115.3,-114.1,-112.6,-111.5,-111.2,-111.3,-111.8,-112.3,-112.5,-111.6,-112.3,-114.2,-116.2,-117.1,-116.4,-114.5,690.5,691.2,692.6,694.0,694.5,694.2,692.4,691.0,693.4,691.4,690.1,690.1,691.8,694.4,697.1,694.4,691.6,690.0,690.0,691.3,692.7,693.3,693.9,694.2,694.0,693.4,692.7,692.5,698.2,700.0,701.4,701.4,700.2,698.3,696.9,697.0,699.2,698.2,697.5,697.7,699.3,701.7,704.4,701.0,698.1,696.3,696.1,697.3,699.0,699.0,699.6,700.4,700.9,700.9,700.3,699.5,-27.8,-60.2,610.2,-0.22,-0.096,-0.018,0.54,0.0,2.08,0.16,0.2,0.28,0.01,0.76,0.0,0.0,0.0,0.0,0.0,0.04,0.0,0.0
0.281305,0.078342,-0.956415,0.103805,0.026793,-0.994237,0.195,0.054,365.8,366.9,370.1,373.6,375.3,374.3,371.0,367.5,359.2,361.9,365.4,369.2,372.8,375.5,377.4,375.7,372.8,369.3,365.6,362.1,369.0,370.5,371.9,372.3,371.6,370.1,368.8,368.3,418.8,420.3,423.9,427.4,428.7,427.2,423.7,419.9,414.9,417.4,420.6,424.3,427.8,430.5,432.5,430.5,427.8,424.4,420.8,417.3,422.1,423.6,425.1,425.8,425.2,423.7,422.1,421.5,134.8,131.0,129.2,130.3,133.8,137.7,139.4,138.2,135.8,134.6,133.7,133.0,132.8,133.2,134.0,135.3,136.0,136.6,136.8,136.6,136.0,136.4,135.7,134.0,132.6,132.1,132.9,134.5,132.9,129.7,128.6,130.3,133.9,137.1,138.2,136.8,134.0,132.8,132.0,131.9,132.8,134.2,135.9,136.2,135.9,135.5,135.1,134.9,135.0,135.8,135.3,133.9,132.3,131.6,132.0,133.5,-68.4,-67.2,-63.4,-59.3,-57.3,-58.4,-62.4,-66.5,-76.9,-73.3,-69.0,-64.3,-60.1,-57.0,-54.8,-56.8,-60.0,-64.2,-68.7,-73.1,-64.8,-63.0,-61.4,-60.9,-61.7,-63.4,-65.1,-65.6,-3.9,-2.1,2.3,6.6,8.3,6.4,2.1,-2.6,-8.8,-5.7,-1.7,2.9,7.1,10.5,13.1,10.5,7.1,3.0,-1.5,-5.8,0.1,2.0,3.9,4.7,4.0,2.1,0.2,-0.7,-111.2,-115.8,-118.3,-117.1,-113.1,-108.2,-106.0,-107.1,-110.5,-111.5,-112.4,-113.3,-113.7,-113.7,-113.2,-111.1,-109.8,-108.9,-108.6,-109.1,-110.1,-109.6,-110.7,-112.7,-114.4,-114.9,-113.8,-111.8,-114.5,-118.8,-120.4,-118.3,-113.7,-109.3,-107.8,-109.5,-113.3,-114.7,-115.5,-115.6,-114.8,-113.5,-111.8,-110.9,-110.7,-111.0,-111.4,-112.0,-112.0,-111.1,-111.8,-113.7,-115.7,-116.6,-115.9,-114.0,688.7,688.9,690.2,691.8,692.7,692.8,691.2,689.6,691.9,689.6,688.2,688.1,689.8,692.3,695.0,692.6,689.9,688.5,688.6,689.9,691.0,691.7,692.3,692.4,692.0,691.3,690.7,690.6,695.1,697.1,698.6,698.6,697.2,695.2,693.8,693.8,696.2,695.2,694.5,694.8,696.2,698.6,701.2,697.8,694.9,693.1,693.0,694.3,695.9,695.9,696.5,697.4,698.0,698.0,697.3,696.5,-27.7,-60.1,609.6,-0.231,-0.092,-0.021,0.58,0.0,2.04,0.31,0.2,0.28,0.02,0.84,0.05,0.0,0.0,0.0,0.0,0.08,0.0,0.0
0.267011,0.078417,-0.960498,0.099373,0.027069,-0.994682,0.185,0.054,365.9,367.0,370.2,373.6,375.3,374.4,371.1,367.6,359.3,362.2,365.7,369.5,373.1,375.7,377.6,375.9,373.1,369.6,365.9,362.4,369.1,370.6,371.9,372.4,371.7,370.2,368.8,368.4,419.2,420.7,424.3,427.9,429.3,427.8,424.2,420.3,415.2,417.8,421.0,424.8,428.3,431.1,433.1,431.1,428.3,425.0,421.3,417.7,422.5,424.1,425.7,426.3,425.7,424.1,422.6,421.9,135.6,131.8,130.0,131.2,134.7,138.7,140.3,139.1,136.8,135.6,134.6,133.8,133.8,134.2,135.0,136.2,136.9,137.4,137.7,137.5,136.9,137.4,136.6,135.0,133.5,133.0,133.8,135.4,133.9,130.6,129.6,131.3,134.9,138.2,139.2,137.8,135.0,133.8,133.0,132.9,133.8,135.2,136.9,137.2,136.9,136.5,136.1,135.9,136.1,136.8,136.3,134.9,133.3,132.6,133.1,134.5,-68.1,-66.9,-63.2,-59.1,-57.1,-58.2,-62.1,-66.2,-76.5,-72.7,-68.4,-63.7,-59.6,-56.6,-54.6,-56.4,-59.5,-63.7,-68.1,-72.6,-64.5,-62.8,-61.2,-60.6,-61.5,-63.2,-64.8,-65.4,-3.4,-1.6,2.8,7.1,8.9,7.0,2.6,-2.0,-8.2,-5.1,-1.2,3.4,7.6,11.0,13.6,11.1,7.7,3.6,-0.9,-5.2,0.6,2.5,4.4,5.2,4.5,2.6,0.7,-0.1,-109.9,-114.5,-117.0,-115.8,-111.7,-106.7,-104.5,-105.7,-108.9,-110.0,-111.0,-111.9,-112.3,-112.2,-111.7,-109.7,-108.5,-107.6,-107.3,-107.7,-108.7,-108.2,-109.2,-111.2,-113.0,-113.5,-112.5,-110.5,-111.5,-115.8,-117.4,-115.3,-110.7,-106.4,-104.9,-106.6,-110.4,-111.7,-112.5,-112.7,-111.8,-110.6,-108.9,-108.0,-107.8,-108.0,-108.5,-109.0,-109.0,-108.1,-108.8,-110.7,-112.7,-113.6,-112.9,-111.0,686.8,687.3,688.8,690.3,691.1,690.9,689.0,687.5,689.6,687.5,686.3,686.4,688.2,690.8,693.5,690.9,688.1,686.5,686.5,687.6,689.1,689.8,690.4,690.6,690.3,689.6,689.0,688.8,684.4,686.5,688.0,688.1,686.6,684.5,683.0,683.0,685.4,684.4,683.9,684.1,685.6,688.0,690.6,687.2,684.2,682.4,682.2,683.5,685.1,685.2,685.8,686.8,687.4,687.4,686.7,685.8,-27.6,-59.4,611.2,-0.228,-0.088,-0.017,0.62,0.0,2.11,0.43,0.15,0.25,0.05,0.77,0.05,0.0,0.0,0.0,0.0,0.1,0.0,0.0
0.275063,0.083626,-0.957783,0.099364,0.032812,-0.99451,0.189,0.06,365.3,366.5,369.7,373.2,374.8,373.9,370.4,367.0,358.5,361.4,365.0,368.9,372.5,375.2,377.1,375.4,372.5,369.0,365.2,361.6,368.5,370.0,371.4,371.9,371.2,369.7,368.3,367.8,418.9,420.5,424.0,427.5,428.9,427.3,423.8,420.0,415.0,417.5,420.7,424.5,427.9,430.7,432.7,430.7,427.9,424.6,420.9,417.5,422.2,423.7,425.3,426.0,425.4,423.8,422.3,421.6,136.5,132.7,130.8,131.9,135.5,139.5,141.1,140.0,137.4,136.3,135.4,134.6,134.5,134.9,135.7,137.1,137.9,138.5,138.7,138.4,137.7,138.1,137.3,135.7,134.2,133.7,134.5,136.2,135.0,131.8,130.7,132.4,136.0,139.2,140.3,138.8,136.1,134.9,134.1,134.0,134.9,136.3,138.0,138.3,138.0,137.6,137.2,137.0,137.1,137.9,137.4,136.0,134.4,133.7,134.2,135.6,-67.7,-66.4,-62.6,-58.6,-56.7,-57.9,-61.8,-65.8,-76.2,-72.4,-68.0,-63.3,-59.2,-56.2,-54.1,-56.0,-59.2,-63.3,-67.8,-72.3,-64.1,-62.4,-60.8,-60.2,-61.0,-62.7,-64.3,-64.9,-3.8,-1.9,2.5,6.8,8.5,6.6,2.2,-2.5,-8.6,-5.5,-1.5,3.0,7.3,10.7,13.3,10.7,7.3,3.2,-1.3,-5.6,0.2,2.1,4.0,4.9,4.1,2.3,0.3,-0.5,-106.9,-111.5,-114.0,-112.8,-108.8,-104.0,-101.8,-102.9,-106.3,-107.3,-108.2,-109.1,-109.5,-109.4,-109.0,-106.9,-105.5,-104.6,-104.3,-104.8,-105.9,-105.4,-106.5,-108.4,-110.1,-110.6,-109.6,-107.6,-111.8,-116.1,-117.6,-115.5,-110.9,-106.6,-105.1,-106.8,-110.6,-111.9,-112.8,-112.9,-112.1,-110.7,-109.0,-108.1,-108.0,-108.2,-108.7,-109.2,-109.3,-108.4,-109.0,-110.9,-112.9,-113.9,-113.2,-111.3,674.9,675.1,676.4,678.0,679.0,679.3,677.6,675.9,678.0,675.7,674.3,674.3,676.1,678.8,681.6,679.1,676.4,674.9,674.9,676.0,677.3,678.0,678.6,678.7,678.2,677.5,677.0,676.9,694.1,696.1,697.5,697.5,696.1,694.0,692.6,692.7,695.2,694.2,693.5,693.7,695.1,697.5,700.0,696.7,693.8,692.0,691.9,693.3,694.8,694.8,695.4,696.3,696.9,696.9,696.3,695.4,-28.1,-57.9,609.5,-0.221,-0.094,-0.015,0.6,0.0,2.17,0.48,0.14,0.1,0.09,0.79,0.05,0.0,0.0,0.0,0.0,0.06,0.0,0.0
0.259265,0.082716,-0.962258,0.103273,0.024903,-0.994341,0.183,0.055,365.4,366.6,369.9,373.3,374.8,373.8,370.4,367.0,358.7,361.7,365.4,369.3,372.9,375.4,377.2,375.5,372.8,369.3,365.5,361.8,368.5,370.0,371.4,371.9,371.2,369.7,368.4,367.9,418.9,420.4,424.0,427.5,428.9,427.4,423.8,420.0,414.9,417.4,420.7,424.4,427.9,430.6,432.6,430.7,427.9,424.6,420.9,417.4,422.2,423.7,425.3,425.9,425.3,423.8,422.2,421.6,136.5,132.7,130.8,132.0,135.5,139.5,141.2,140.0,137.3,136.2,135.3,134.6,134.5,134.9,135.6,137.1,137.9,138.5,138.7,138.3,137.7,138.2,137.4,135.7,134.2,133.7,134.5,136.2,135.0,131.8,130.8,132.5,136.0,139.3,140.3,138.9,136.2,135.0,134.1,134.1,135.0,136.3,138.1,138.3,138.1,137.7,137.3,137.1,137.2,137.9,137.5,136.1,134.5,133.8,134.2,135.6,-67.3,-65.9,-62.1,-58.2,-56.5,-57.7,-61.6,-65.5,-75.6,-71.7,-67.3,-62.6,-58.5,-55.7,-53.9,-55.7,-58.7,-62.7,-67.2,-71.6,-63.8,-62.2,-60.6,-60.0,-60.7,-62.4,-64.0,-64.6,-3.8,-1.9,2.4,6.7,8.5,6.6,2.2,-2.4,-8.7,-5.6,-1.6,3.0,7.2,10.6,13.1,10.6,7.2,3.2,-1.3,-5.6,0.2,2.1,4.0,4.8,4.1,2.2,0.3,-0.5,-106.4,-111.0,-113.4,-112.3,-108.3,-103.6,-101.3,-102.4,-105.9,-106.8,-107.7,-108.6,-109.1,-109.1,-108.7,-106.5,-105.1,-104.1,-103.8,-104.4,-105.4,-105.0,-106.0,-108.0,-109.7,-110.1,-109.1,-107.2,-111.1,-115.4,-116.9,-114.8,-110.2,-106.0,-104.4,-106.2,-109.8,-111.2,-112.1,-112.2,-111.4,-110.1,-108.3,-107.5,-107.4,-107.6,-108.0,-108.5,-108.6,-107.7,-108.4,-110.2,-112.2,-113.2,-112.5,-110.6,671.9,672.0,673.3,675.2,676.4,676.8,675.0,673.2,674.5,672.4,671.3,671.4,673.5,676.4,679.3,676.8,673.9,672.2,671.9,672.8,674.5,675.3,675.9,675.9,675.4,674.6,674.0,674.0,690.2,692.4,693.9,694.0,692.5,690.3,688.7,688.7,691.1,690.2,689.7,690.0,691.4,693.8,696.4,692.9,690.0,688.2,688.0,689.2,690.9,690.9,691.6,692.6,693.2,693.2,692.5,691.6,-28.0,-57.8,609.3,-0.227,-0.096,-0.015,0.6,0.0,2.21,0.47,0.09,0.15,0.07,0.78,0.0,0.0,0.0,0.0,0.0,0.08,0.0,0.0
0.259109,0.088017,-0.961829,0.107335,0.039835,-0.993425,0.185,0.065,365.0,366.2,369.5,372.9,374.5,373.4,370.0,366.6,358.3,361.3,364.9,368.9,372.4,375.0,376.9,375.1,372.4,368.8,365.1,361.4,368.1,369.6,371.0,371.5,370.8,369.4,368.0,367.5,418.8,420.3,423.9,427.4,428.7,427.2,423.6,419.8,414.8,417.3,420.5,424.3,427.7,430.4,432.4,430.5,427.7,424.4,420.7,417.2,422.0,423.5,425.1,425.8,425.2,423.7,422.1,421.4,137.1,133.3,131.4,132.5,136.0,140.0,141.7,140.6,137.8,136.8,136.0,135.3,135.1,135.4,136.1,137.6,138.4,139.0,139.2,138.8,138.2,138.7,137.9,136.2,134.8,134.3,135.1,136.7,135.8,132.5,131.4,133.2,136.8,140.1,141.2,139.7,136.8,135.6,134.9,134.8,135.6,136.9,138.6,139.0,138.9,138.6,138.2,137.8,137.9,138.7,138.2,136.7,135.2,134.4,134.9,136.3,-68.1,-66.6,-62.8,-58.9,-57.1,-58.4,-62.4,-66.3,-76.4,-72.6,-68.1,-63.4,-59.3,-56.4,-54.5,-56.3,-59.4,-63.5,-68.0,-72.5,-64.6,-62.9,-61.2,-60.6,-61.4,-63.1,-64.7,-65.3,-3.9,-2.0,2.3,6.6,8.3,6.3,2.0,-2.6,-8.9,-5.8,-1.8,2.8,7.0,10.4,12.9,10.4,7.0,2.9,-1.6,-5.8,0.0,1.9,3.8,4.6,3.9,2.0,0.1,-0.7,-106.2,-110.7,-113.1,-112.1,-108.1,-103.4,-101.1,-102.2,-105.8,-106.6,-107.4,-108.2,-108.7,-108.8,-108.5,-106.3,-104.8,-103.9,-103.6,-104.2,-105.3,-104.8,-105.9,-107.8,-109.5,-109.9,-108.9,-106.9,-110.5,-114.9,-116.5,-114.3,-109.7,-105.3,-103.8,-105.6,-109.4,-110.7,-111.6,-111.7,-110.9,-109.7,-108.1,-107.0,-106.7,-106.9,-107.3,-107.9,-108.1,-107.2,-107.8,-109.8,-111.8,-112.7,-112.0,-110.1,674.8,674.6,675.8,677.6,679.0,679.5,677.9,676.1,677.6,675.4,674.0,674.1,676.0,678.8,681.7,679.3,676.6,675.0,674.8,675.9,677.3,678.1,678.6,678.5,678.0,677.2,676.7,676.8,692.4,694.2,695.7,695.9,694.8,693.0,691.5,691.4,693.6,692.5,691.9,692.2,693.7,696.2,699.0,695.6,692.6,690.8,690.6,691.8,693.4,693.5,694.1,694.9,695.4,695.3,694.7,693.9,-28.3,-56.7,607.4,-0.222,-0.097,-0.012,0.52,0.0,2.14,0.45,0.06,0.07,0.05,0.89,0.02,0.0,0.0,0.0,0.0,0.09,0.0,0.0
0.266965,0.102592,-0.95823,0.109004,0.064706,-0.991933,0.19,0.086,363.9,365.1,368.3,371.8,373.3,372.3,368.9,365.4,357.1,360.1,363.7,367.7,371.3,373.9,375.7,373.9,371.1,367.6,363.8,360.2,367.0,368.5,369.8,370.4,369.7,368.2,366.8,366.3,417.3,418.8,422.3,425.7,427.1,425.5,422.0,418.3,413.2,415.7,419.0,422.7,426.0,428.7,430.6,428.7,426.0,422.8,419.2,415.7,420.4,421.9,423.5,424.1,423.5,422.0,420.5,419.8,139.0,135.3,133.4,134.5,138.0,142.0,143.6,142.5,139.7,138.7,137.9,137.2,137.1,137.4,138.1,139.6,140.4,141.0,141.2,140.8,140.1,140.6,139.8,138.2,136.7,136.2,137.1,138.7,138.2,135.0,133.9,135.7,139.3,142.6,143.6,142.1,139.1,138.0,137.3,137.3,138.2,139.5,141.1,141.5,141.3,141.0,140.5,140.1,140.3,141.1,140.7,139.3,137.7,136.9,137.4,138.8,-69.4,-67.9,-64.1,-60.2,-58.4,-59.7,-63.7,-67.6,-77.8,-74.0,-69.5,-64.8,-60.7,-57.8,-55.9,-57.7,-60.8,-64.9,-69.4,-73.9,-65.9,-64.2,-62.6,-62.0,-62.7,-64.4,-66.0,-66.6,-5.9,-4.0,0.4,4.6,6.3,4.4,0.0,-4.6,-10.9,-7.7,-3.7,0.8,5.0,8.3,10.7,8.3,5.0,1.0,-3.5,-7.8,-1.9,-0.1,1.8,2.6,1.9,0.1,-1.8,-2.7,-103.8,-108.3,-110.7,-109.6,-105.7,-101.0,-98.7,-99.8,-103.4,-104.2,-105.0,-105.9,-106.3,-106.4,-106.0,-103.8,-102.4,-101.4,-101.2,-101.8,-102.8,-102.4,-103.4,-105.3,-107.0,-107.5,-106.4,-104.5,-108.8,-113.1,-114.7,-112.5,-107.8,-103.5,-102.0,-103.8,-107.9,-109.1,-109.9,-109.9,-109.1,-107.9,-106.2,-105.2,-105.0,-105.1,-105.7,-106.3,-106.3,-105.3,-106.0,-107.9,-109.9,-110.9,-110.2,-108.3,674.3,674.2,675.4,677.2,678.5,679.1,677.4,675.6,677.2,674.9,673.6,673.6,675.5,678.3,681.3,678.8,676.1,674.5,674.4,675.4,676.9,677.6,678.1,678.1,677.5,676.7,676.2,676.3,700.3,702.2,703.8,704.1,703.0,701.0,699.4,699.2,701.3,700.4,699.8,700.2,701.8,704.4,707.2,703.7,700.6,698.7,698.4,699.5,701.3,701.4,702.1,703.0,703.5,703.4,702.7,701.8,-30.3,-54.5,609.8,-0.199,-0.099,-0.006,0.46,0.0,2.08,0.39,0.04,0.14,0.02,0.94,0.07,0.0,0.0,0.0,0.0,0.11,0.0,0.0
0.267387,0.102945,-0.958075,0.108901,0.054812,-0.99254,0.191,0.081,363.8,365.1,368.4,371.8,373.3,372.2,368.8,365.3,357.1,360.1,363.7,367.6,371.2,373.8,375.7,373.9,371.1,367.5,363.8,360.2,367.0,368.4,369.8,370.4,369.7,368.2,366.8,366.3,417.3,418.8,422.4,425.9,427.2,425.7,422.1,418.3,413.2,415.8,419.1,422.8,426.2,428.9,430.8,428.9,426.2,422.9,419.2,415.7,420.5,422.0,423.6,424.3,423.7,422.1,420.6,419.9,139.0,135.3,133.4,134.6,138.0,142.0,143.7,142.5,139.6,138.6,137.8,137.2,137.1,137.4,138.2,139.6,140.4,141.0,141.1,140.7,140.1,140.6,139.8,138.2,136.8,136.3,137.1,138.7,138.2,134.9,133.9,135.7,139.4,142.7,143.7,142.2,139.1,138.0,137.3,137.3,138.2,139.6,141.3,141.7,141.5,141.1,140.6,140.2,140.4,141.2,140.8,139.3,137.7,136.9,137.4,138.8,-69.8,-68.2,-64.4,-60.4,-58.7,-60.1,-64.1,-68.1,-78.1,-74.3,-69.9,-65.1,-61.0,-58.1,-56.1,-58.1,-61.2,-65.3,-69.8,-74.3,-66.2,-64.6,-62.9,-62.3,-63.0,-64.7,-66.3,-67.0,-5.7,-3.9,0.5,4.7,6.4,4.5,0.1,-4.5,-10.7,-7.6,-3.6,1.0,5.1,8.4,10.8,8.4,5.1,1.1,-3.4,-7.7,-1.8,0.0,1.9,2.8,2.0,0.2,-1.7,-2.6,-104.3,-108.8,-111.2,-110.1,-106.1,-101.4,-99.2,-100.3,-104.1,-104.9,-105.6,-106.4,-106.8,-106.8,-106.4,-104.2,-102.8,-101.9,-101.8,-102.5,-103.3,-102.8,-103.9,-105.8,-107.5,-107.9,-106.9,-105.0,-106.8,-111.1,-112.6,-110.4,-105.8,-101.5,-100.0,-101.8,-105.8,-107.1,-107.9,-107.9,-107.0,-105.7,-104.0,-103.0,-102.8,-103.0,-103.6,-104.2,-104.3,-103.3,-104.0,-105.9,-107.9,-108.8,-108.2,-106.3,677.5,677.3,678.4,680.2,681.6,682.2,680.6,678.9,680.4,678.1,676.7,676.7,678.6,681.3,684.2,681.9,679.2,677.6,677.6,678.7,680.0,680.8,681.3,681.2,680.6,679.8,679.4,679.4,687.4,689.4,691.0,691.2,690.0,688.0,686.4,686.2,688.3,687.4,686.9,687.3,688.9,691.4,694.2,690.7,687.6,685.7,685.4,686.5,688.4,688.5,689.2,690.0,690.6,690.5,689.8,688.9,-30.2,-54.3,608.3,-0.204,-0.101,-0.004,0.56,0.0,1.98,0.44,0.02,0.08,0.05,0.92,0.13,0.03,0.0,0.0,0.0,0.07,0.0,0.0
0.324981,0.148283,-0.934023,0.027468,0.076873,-0.996662,0.181,0.116,363.0,364.5,368.2,371.9,373.4,372.1,368.2,364.5,355.6,358.6,362.3,366.6,370.6,373.6,375.8,373.6,370.3,366.2,362.2,358.6,366.4,368.0,369.6,370.2,369.6,368.0,366.4,365.8,415.1,416.8,420.4,423.9,425.3,423.6,420.0,416.2,412.0,414.5,417.7,421.5,424.9,427.8,429.9,427.8,424.9,421.5,417.8,414.4,418.5,420.0,421.6,422.3,421.7,420.2,418.7,418.0,141.9,138.0,136.3,137.8,141.7,145.9,147.3,145.8,142.1,141.1,140.4,139.9,140.1,140.8,141.7,143.3,143.9,144.3,144.2,143.5,143.5,144.1,143.4,141.7,140.1,139.4,140.1,141.8,141.8,138.5,137.4,139.0,142.5,145.8,146.9,145.6,142.6,141.5,140.9,140.9,141.8,143.1,144.7,144.9,144.6,144.2,143.8,143.5,143.8,144.5,144.0,142.6,141.1,140.4,140.9,142.3,-65.8,-64.1,-60.1,-56.1,-54.4,-56.0,-60.2,-64.2,-74.5,-70.8,-66.5,-61.7,-57.4,-54.2,-52.0,-54.2,-57.8,-62.2,-66.6,-70.9,-62.2,-60.5,-58.8,-58.0,-58.7,-60.4,-62.2,-62.9,-8.4,-6.4,-2.0,2.4,4.0,2.0,-2.5,-7.1,-12.3,-9.2,-5.2,-0.7,3.6,7.1,9.8,7.1,3.6,-0.6,-5.1,-9.3,-4.2,-2.4,-0.5,0.4,-0.3,-2.2,-4.1,-5.0,-93.8,-98.2,-100.2,-98.7,-94.5,-89.9,-88.0,-89.6,-94.1,-94.9,-95.4,-95.8,-95.8,-95.5,-94.8,-92.7,-91.6,-91.0,-91.3,-92.2,-92.4,-91.7,-92.6,-94.5,-96.3,-96.9,-96.0,-94.1,-103.0,-107.3,-108.9,-106.7,-102.2,-97.9,-96.4,-98.1,-102.2,-103.3,-104.0,-104.0,-103.0,-101.8,-100.1,-99.4,-99.3,-99.6,-100.2,-100.7,-100.6,-99.7,-100.3,-102.2,-104.1,-105.0,-104.4,-102.5,630.2,630.3,631.3,632.6,633.5,633.9,632.5,631.1,634.1,631.5,629.8,629.3,630.7,633.0,635.5,633.2,630.8,629.8,630.2,631.8,632.4,632.9,633.4,633.4,633.0,632.4,632.0,632.0,691.2,693.1,694.1,693.6,691.9,690.0,689.0,689.6,692.1,691.0,690.1,690.1,691.4,693.5,696.0,692.7,690.0,688.4,688.5,690.0,691.4,691.2,691.6,692.4,693.2,693.4,693.0,692.1,-31.7,-52.4,611.5,-0.18,-0.107,0.001,0.71,0.0,1.99,0.54,0.08,0.2,0.11,1.04,0.14,0.36,0.0,0.0,0.0,0.03,0.18,0.0
0.23543,0.234109,-0.943274,0.031476,0.143865,-0.989097,0.137,0.193,359.6,361.2,365.1,369.0,370.6,369.3,365.1,361.2,353.5,356.4,359.9,364.0,368.1,371.4,373.8,371.4,367.8,363.7,359.8,356.3,363.3,365.0,366.7,367.4,366.7,365.0,363.3,362.6,413.8,415.5,419.2,422.7,424.0,422.2,418.5,414.7,410.4,412.9,416.1,419.9,423.4,426.3,428.5,426.3,423.4,419.9,416.2,412.8,417.1,418.7,420.3,421.1,420.5,419.0,417.3,416.6,145.7,141.7,140.0,141.5,145.4,149.5,151.0,149.5,145.0,144.4,144.0,143.7,143.8,144.1,144.8,146.7,147.7,148.1,147.8,146.8,147.1,147.7,147.0,145.3,143.6,142.9,143.7,145.4,145.9,142.6,141.6,143.3,146.9,150.2,151.2,149.8,146.7,145.7,145.1,145.2,146.1,147.5,149.2,149.4,149.1,148.6,148.1,147.7,148.0,148.8,148.4,146.9,145.3,144.6,145.0,146.5,-69.5,-67.6,-63.2,-59.0,-57.3,-58.9,-63.6,-67.8,-76.7,-73.2,-69.0,-64.3,-59.9,-56.4,-53.9,-56.4,-60.2,-64.8,-69.2,-73.4,-65.5,-63.6,-61.8,-60.9,-61.7,-63.5,-65.4,-66.2,-10.0,-7.9,-3.4,0.9,2.4,0.3,-4.2,-8.8,-14.1,-11.1,-7.1,-2.6,1.8,5.3,7.9,5.2,1.6,-2.5,-7.0,-11.2,-5.9,-4.1,-2.1,-1.1,-1.8,-3.7,-5.7,-6.6,-89.4,-93.7,-95.6,-94.0,-89.9,-85.5,-83.7,-85.3,-90.7,-91.0,-91.1,-91.3,-91.4,-91.2,-90.8,-88.5,-87.1,-86.5,-87.0,-88.4,-88.1,-87.4,-88.3,-90.1,-91.9,-92.5,-91.7,-89.9,-97.3,-101.6,-103.0,-100.8,-96.2,-92.0,-90.6,-92.5,-96.5,-97.6,-98.2,-98.1,-97.1,-95.8,-94.0,-93.3,-93.3,-93.7,-94.4,-95.0,-94.8,-93.8,-94.4,-96.3,-98.3,-99.3,-98.7,-96.8,628.9,627.9,627.9,628.9,630.2,631.6,631.2,630.2,632.8,629.9,627.8,626.9,627.7,629.7,632.1,630.4,628.6,628.0,628.9,630.7,630.7,631.1,631.1,630.7,630.1,629.7,629.7,630.1,686.8,688.7,689.6,689.1,687.5,685.7,684.7,685.3,688.1,686.8,685.8,685.7,686.9,689.0,691.5,688.3,685.6,684.1,684.3,685.9,687.1,686.9,687.3,688.1,688.8,689.0,688.6,687.8,-34.0,-47.8,613.3,-0.086,-0.099,0.016,0.85,0.0,1.99,0.54,0.14,0.29,0.21,1.14,0.14,0.67,0.0,0.0,0.0,0.0,0.31,0.0
0.246679,0.234444,-0.940311,0.034574,0.143514,-0.989044,0.145,0.193,359.4,361.1,365.0,368.8,370.4,369.0,364.9,361.0,353.5,356.3,359.7,363.7,367.7,370.9,373.3,371.0,367.5,363.4,359.6,356.2,363.1,364.8,366.5,367.2,366.5,364.9,363.2,362.5,413.6,415.2,418.9,422.3,423.6,422.0,418.3,414.6,410.2,412.7,415.9,419.6,423.1,425.8,427.9,425.8,423.0,419.7,416.1,412.6,416.9,418.4,420.0,420.7,420.2,418.6,417.0,416.3,145.7,141.8,140.2,141.7,145.5,149.6,151.0,149.5,145.0,144.5,144.2,143.9,144.0,144.4,145.1,146.9,147.9,148.3,147.9,146.8,147.1,147.8,147.1,145.4,143.7,143.1,143.8,145.5,145.9,142.7,141.7,143.4,146.9,150.1,151.1,149.7,146.8,145.8,145.2,145.2,146.2,147.5,149.2,149.4,149.0,148.5,148.0,147.7,148.0,148.8,148.3,146.9,145.4,144.6,145.1,146.5,-70.8,-68.9,-64.5,-60.2,-58.5,-60.3,-64.9,-69.2,-78.0,-74.5,-70.4,-65.8,-61.3,-57.9,-55.4,-57.9,-61.7,-66.2,-70.7,-74.7,-66.8,-65.0,-63.0,-62.2,-62.9,-64.8,-66.7,-67.5,-10.4,-8.3,-3.9,0.4,2.0,-0.0,-4.5,-9.1,-14.5,-11.4,-7.5,-2.9,1.3,4.7,7.3,4.7,1.3,-2.8,-7.3,-11.5,-6.3,-4.4,-2.5,-1.6,-2.3,-4.2,-6.1,-7.0,-90.9,-95.1,-97.0,-95.5,-91.4,-86.9,-85.2,-86.8,-92.2,-92.5,-92.5,-92.6,-92.7,-92.5,-92.0,-89.8,-88.4,-87.9,-88.5,-90.0,-89.5,-88.9,-89.7,-91.5,-93.3,-94.0,-93.2,-91.3,-98.6,-102.9,-104.3,-102.1,-97.6,-93.4,-92.0,-93.8,-97.7,-98.7,-99.4,-99.3,-98.3,-97.0,-95.3,-94.6,-94.7,-95.1,-95.7,-96.2,-96.1,-95.1,-95.7,-97.6,-99.6,-100.6,-99.9,-98.1,639.8,638.8,638.8,639.8,641.2,642.6,642.2,641.3,643.7,640.9,638.7,637.8,638.6,640.5,642.9,641.4,639.6,639.0,639.9,641.7,641.7,642.1,642.1,641.7,641.0,640.6,640.6,641.1,695.8,697.9,699.1,698.7,697.0,694.9,693.7,694.2,696.7,695.6,694.9,695.0,696.3,698.5,701.0,697.7,694.9,693.2,693.2,694.7,696.1,696.0,696.5,697.4,698.2,698.3,697.8,696.9,-34.2,-47.8,614.4,-0.083,-0.103,0.014,0.79,0.0,2.06,0.53,0.21,0.41,0.3,1.39,0.14,0.95,0.0,0.0,0.0,0.0,0.42,0.0
0.250447,0.247435,-0.935977,0.051209,0.183821,-0.981625,0.156,0.221,359.2,360.8,364.3,367.7,369.0,367.6,363.9,360.5,353.0,355.8,359.2,363.1,366.7,369.4,371.3,369.3,366.4,362.8,359.1,355.7,362.4,363.8,365.3,366.0,365.4,364.0,362.5,361.8,413.4,415.2,418.7,422.0,423.1,421.4,417.8,414.3,410.0,412.4,415.5,419.1,422.5,425.3,427.4,425.2,422.3,419.0,415.4,412.2,416.6,418.0,419.6,420.3,419.8,418.4,416.9,416.1,146.3,142.7,141.1,142.4,145.9,149.7,151.1,149.8,146.0,145.3,144.9,144.5,144.5,144.9,145.6,147.0,147.9,148.3,148.1,147.3,147.5,148.1,147.4,145.8,144.3,143.8,144.5,146.0,147.1,143.9,142.9,144.6,148.1,151.3,152.3,150.8,147.9,146.9,146.3,146.4,147.3,148.6,150.1,150.5,150.2,149.8,149.3,148.9,149.1,149.9,149.4,148.1,146.6,145.8,146.2,147.6,-76.8,-74.9,-70.7,-66.7,-65.2,-67.0,-71.4,-75.4,-84.8,-81.1,-76.7,-72.0,-67.7,-64.6,-62.6,-64.8,-68.1,-72.5,-76.9,-81.2,-73.2,-71.5,-69.7,-68.9,-69.5,-71.2,-73.0,-73.9,-10.9,-8.7,-4.2,0.0,1.4,-0.8,-5.3,-9.8,-15.3,-12.2,-8.2,-3.7,0.6,4.2,6.9,4.1,0.4,-3.8,-8.3,-12.4,-6.8,-5.0,-3.1,-2.1,-2.7,-4.6,-6.5,-7.5,-97.5,-101.8,-103.9,-102.6,-98.6,-94.0,-92.1,-93.5,-98.4,-98.8,-99.1,-99.5,-99.8,-99.7,-99.2,-97.1,-95.8,-95.1,-95.4,-96.5,-96.4,-95.8,-96.7,-98.6,-100.3,-100.9,-100.0,-98.1,-100.2,-104.4,-105.8,-103.5,-98.9,-94.7,-93.3,-95.2,-99.3,-100.3,-101.0,-100.9,-99.9,-98.6,-96.9,-96.1,-96.0,-96.4,-97.0,-97.7,-97.6,-96.6,-97.2,-99.1,-101.1,-102.1,-101.5,-99.6,691.6,690.9,691.7,693.4,695.1,696.2,695.0,693.3,694.7,692.3,690.7,690.4,692.0,694.5,697.3,695.2,692.8,691.5,691.7,693.0,694.1,694.9,695.2,694.9,694.2,693.4,693.1,693.4,717.2,718.8,719.6,719.2,717.8,716.3,715.5,716.0,718.7,717.3,716.2,716.0,717.1,719.3,721.8,718.6,716.1,714.7,714.9,716.6,717.6,717.4,717.8,718.5,719.1,719.2,718.9,718.2,-35.3,-45.5,613.0,-0.044,-0.089,0.019,0.75,0.0,2.08,0.49,0.24,0.37,0.34,1.52,0.16,0.94,0.0,0.0,0.0,0.0,0.33,0.0
0.227046,0.245012,-0.94256,0.059839,0.179578,-0.981922,0.148,0.217,358.7,360.2,363.6,367.0,368.4,367.1,363.4,360.0,352.7,355.5,358.9,362.8,366.4,369.0,370.9,369.0,366.1,362.5,358.9,355.5,361.8,363.3,364.8,365.5,364.9,363.4,361.9,361.2,413.5,415.2,418.8,422.2,423.3,421.6,418.0,414.4,409.9,412.4,415.6,419.2,422.6,425.4,427.4,425.3,422.4,419.1,415.5,412.2,416.7,418.2,419.7,420.5,420.0,418.5,417.0,416.2,146.3,142.7,141.1,142.4,145.9,149.7,151.2,149.8,146.3,145.5,145.0,144.6,144.5,144.9,145.6,147.1,147.9,148.4,148.2,147.6,147.6,148.2,147.5,145.9,144.4,143.8,144.5,146.1,147.0,143.8,142.8,144.6,148.1,151.3,152.3,150.8,147.8,146.8,146.2,146.3,147.3,148.6,150.2,150.5,150.3,149.8,149.2,148.9,149.1,149.9,149.4,148.1,146.6,145.8,146.2,147.6,-77.8,-75.9,-71.7,-67.7,-66.1,-67.9,-72.2,-76.3,-85.4,-81.7,-77.3,-72.6,-68.4,-65.3,-63.2,-65.4,-68.7,-73.0,-77.5,-81.8,-74.2,-72.4,-70.6,-69.7,-70.4,-72.2,-74.0,-74.8,-10.6,-8.5,-4.0,0.2,1.7,-0.5,-5.0,-9.5,-15.2,-12.1,-8.1,-3.5,0.8,4.2,6.9,4.1,0.6,-3.6,-8.1,-12.3,-6.6,-4.8,-2.9,-1.9,-2.6,-4.4,-6.3,-7.3,-97.8,-102.2,-104.3,-102.9,-98.8,-94.2,-92.3,-93.7,-98.3,-98.9,-99.3,-99.8,-100.1,-100.0,-99.5,-97.4,-96.0,-95.3,-95.5,-96.5,-96.6,-96.0,-96.9,-98.8,-100.6,-101.2,-100.3,-98.4,-99.1,-103.4,-104.8,-102.5,-97.9,-93.6,-92.3,-94.2,-98.3,-99.3,-100.0,-99.9,-98.8,-97.5,-95.7,-94.9,-94.9,-95.3,-96.0,-96.7,-96.6,-95.6,-96.2,-98.0,-100.0,-101.0,-100.4,-98.6,693.9,693.4,694.1,695.7,697.2,698.2,697.0,695.4,696.9,694.5,693.0,692.8,694.4,696.9,699.6,697.5,695.0,693.7,693.9,695.2,696.3,697.0,697.4,697.1,696.5,695.8,695.4,695.7,709.2,710.9,712.0,711.7,710.2,708.4,707.4,707.9,710.5,709.2,708.3,708.2,709.4,711.6,714.1,710.9,708.2,706.7,706.8,708.4,709.6,709.5,709.9,710.7,711.3,711.5,711.0,710.3,-35.4,-45.6,613.1,-0.045,-0.091,0.018,0.49,0.02,2.1,0.39,0.3,0.37,0.33,1.66,0.22,0.81,0.0,0.04,0.27,0.0,0.44,0.0
0.096839,0.274597,-0.956671,0.051189,0.248967,-0.967158,0.077,0.266,357.6,359.2,363.0,366.6,368.1,366.7,362.8,359.1,353.0,355.7,359.1,363.1,366.9,369.9,371.9,369.6,366.4,362.6,358.9,355.6,361.2,362.8,364.4,365.1,364.5,362.9,361.3,360.6,413.3,415.1,418.8,422.1,423.2,421.3,417.7,414.1,409.4,411.9,415.2,418.9,422.3,425.0,426.9,424.8,422.0,418.7,415.1,411.7,416.4,417.9,419.5,420.2,419.8,418.3,416.7,415.9,148.0,144.5,143.1,144.5,148.0,151.6,152.9,151.5,147.4,146.9,146.7,146.5,146.6,147.1,148.0,149.6,150.6,151.0,150.5,149.3,149.2,149.8,149.2,147.7,146.2,145.6,146.2,147.7,149.6,146.2,145.2,147.1,150.9,154.3,155.4,153.7,150.1,149.0,148.5,148.7,149.6,150.9,152.5,153.2,153.3,152.9,152.3,151.5,151.8,152.6,152.2,150.7,149.0,148.2,148.6,150.1,-76.1,-74.0,-69.5,-65.3,-63.8,-65.6,-70.3,-74.6,-81.9,-78.5,-74.1,-69.4,-65.0,-61.7,-59.6,-62.1,-65.8,-70.1,-74.6,-78.7,-72.1,-70.2,-68.3,-67.4,-68.1,-69.9,-71.8,-72.7,-10.7,-8.5,-4.0,0.1,1.4,-0.8,-5.3,-9.8,-15.6,-12.4,-8.4,-3.8,0.4,3.7,6.1,3.4,-0.0,-4.1,-8.5,-12.7,-6.9,-5.1,-3.1,-2.2,-2.7,-4.5,-6.5,-7.5,-92.2,-96.0,-97.7,-96.1,-92.3,-88.3,-86.8,-88.3,-93.4,-93.6,-93.4,-93.6,-93.6,-93.4,-92.7,-90.6,-89.2,-88.6,-89.3,-91.0,-91.0,-90.3,-91.0,-92.7,-94.3,-95.0,-94.3,-92.6,-93.9,-98.3,-99.7,-97.4,-92.6,-88.3,-86.9,-89.0,-93.6,-94.7,-95.2,-95.0,-94.1,-92.9,-91.3,-90.0,-89.5,-89.7,-90.5,-91.6,-91.5,-90.5,-91.1,-93.0,-95.0,-96.1,-95.4,-93.6,668.0,666.3,665.7,666.7,668.6,670.8,670.9,669.9,671.2,668.3,666.1,665.3,666.6,668.9,671.7,670.3,668.6,667.8,668.3,669.7,669.8,670.2,670.0,669.2,668.4,668.0,668.2,669.0,695.2,696.2,697.2,697.7,697.3,696.3,695.3,695.0,696.6,695.3,694.4,694.5,696.1,698.7,701.7,698.5,695.7,693.9,693.7,695.0,696.5,696.7,697.1,697.5,697.7,697.5,697.0,696.6,-36.3,-42.8,618.0,0.04,-0.049,0.036,0.27,0.02,2.07,0.2,0.29,0.45,0.22,1.6,0.31,0.76,0.04,0.36,0.45,0.08,0.33,0.0
0.077004,0.307108,-0.948554,0.023756,0.277407,-0.960459,0.053,0.297,359.5,361.2,364.9,368.3,369.5,368.0,364.1,360.6,354.5,357.4,360.9,365.0,368.6,371.2,372.8,370.7,367.7,364.1,360.5,357.1,362.7,364.2,365.8,366.6,366.1,364.6,363.0,362.2,414.5,416.4,420.1,423.4,424.5,422.6,418.9,415.3,410.6,413.1,416.3,420.1,423.7,426.5,428.5,426.3,423.3,419.9,416.2,412.9,417.7,419.2,420.8,421.6,421.1,419.7,418.1,417.3,150.4,147.0,145.6,147.1,150.6,154.2,155.4,153.9,150.0,149.4,149.2,149.0,149.3,149.9,151.0,152.4,153.2,153.5,152.9,151.8,151.8,152.4,151.8,150.3,148.8,148.1,148.7,150.2,152.3,148.9,147.8,149.7,153.5,157.0,158.1,156.4,153.0,151.8,151.1,151.2,152.1,153.4,155.0,155.9,156.0,155.8,155.1,154.4,154.4,155.2,154.8,153.3,151.6,150.8,151.3,152.8,-75.2,-72.9,-68.5,-64.5,-63.2,-65.3,-69.9,-73.9,-81.4,-77.7,-73.2,-68.4,-64.1,-61.3,-59.6,-61.9,-65.3,-69.6,-74.0,-78.1,-71.5,-69.7,-67.8,-66.8,-67.4,-69.1,-71.0,-72.0,-9.1,-6.9,-2.4,1.8,3.1,0.8,-3.7,-8.2,-13.9,-10.8,-6.9,-2.3,2.1,5.5,8.0,5.2,1.6,-2.6,-7.0,-11.1,-5.2,-3.4,-1.5,-0.5,-1.1,-2.9,-4.8,-5.8,-90.8,-94.8,-96.5,-94.9,-90.9,-86.7,-85.2,-86.8,-91.7,-92.1,-92.1,-92.3,-92.2,-91.8,-90.9,-88.9,-87.7,-87.2,-87.8,-89.4,-89.5,-88.8,-89.5,-91.3,-93.0,-93.7,-93.0,-91.2,-89.6,-93.9,-95.3,-93.0,-88.3,-84.1,-82.7,-84.7,-89.1,-90.3,-91.0,-90.9,-89.9,-88.7,-87.1,-85.7,-85.1,-85.3,-86.0,-87.2,-87.3,-86.3,-86.9,-88.7,-90.7,-91.8,-91.1,-89.3,679.0,677.9,678.0,679.4,681.2,682.8,682.2,680.8,681.8,679.2,677.5,677.3,679.1,681.8,684.7,682.9,680.6,679.4,679.4,680.4,681.2,681.8,681.9,681.4,680.6,680.0,679.9,680.4,687.7,688.3,689.0,689.3,689.0,688.4,687.7,687.7,689.3,687.8,686.6,686.4,687.9,690.4,693.2,690.3,687.7,686.2,686.2,687.7,688.8,688.9,689.2,689.5,689.6,689.5,689.2,688.9,-35.5,-40.6,623.7,0.103,-0.017,0.052,0.04,0.02,2.0,0.04,0.25,0.47,0.1,1.51,0.41,0.73,0.15,0.76,0.7,0.18,0.26,0.0
0.047141,0.320228,-0.946167,0.018401,0.288101,-0.957423,0.034,0.309,359.1,360.9,364.8,368.4,369.7,368.1,364.0,360.4,354.3,357.2,360.9,365.0,368.9,371.7,373.4,371.2,368.0,364.2,360.4,357.0,362.6,364.1,365.8,366.6,366.1,364.5,362.8,362.0,414.5,416.4,420.1,423.5,424.6,422.7,419.0,415.3,410.6,413.1,416.4,420.2,423.8,426.6,428.6,426.4,423.4,419.9,416.3,412.9,417.7,419.2,420.8,421.7,421.2,419.7,418.1,417.3,150.3,146.8,145.4,147.0,150.6,154.3,155.5,153.9,149.8,149.2,149.1,149.0,149.2,149.8,150.9,152.4,153.3,153.6,153.0,151.7,151.7,152.4,151.8,150.2,148.7,148.0,148.6,150.1,152.3,148.9,147.8,149.7,153.6,157.1,158.1,156.4,153.0,151.8,151.1,151.2,152.2,153.5,155.1,155.9,156.0,155.7,155.1,154.3,154.5,155.3,154.8,153.3,151.7,150.8,151.3,152.8,-72.8,-70.5,-66.0,-62.0,-60.7,-62.8,-67.5,-71.5,-78.6,-75.0,-70.5,-65.7,-61.4,-58.5,-56.7,-59.1,-62.6,-66.9,-71.3,-75.4,-69.0,-67.2,-65.3,-64.3,-64.8,-66.6,-68.6,-69.5,-9.1,-6.8,-2.3,1.8,3.1,0.9,-3.6,-8.1,-13.8,-10.7,-6.8,-2.2,2.1,5.6,8.1,5.3,1.7,-2.5,-6.9,-11.0,-5.2,-3.4,-1.4,-0.4,-1.0,-2.8,-4.7,-5.7,-87.6,-91.5,-93.0,-91.4,-87.5,-83.5,-82.0,-83.7,-88.6,-88.9,-88.8,-88.9,-88.8,-88.4,-87.6,-85.6,-84.3,-83.9,-84.6,-86.2,-86.3,-85.6,-86.2,-87.9,-89.6,-90.4,-89.7,-88.0,-88.9,-93.2,-94.6,-92.3,-87.6,-83.3,-81.9,-84.0,-88.4,-89.7,-90.3,-90.2,-89.2,-87.9,-86.3,-84.9,-84.5,-84.6,-85.4,-86.5,-86.5,-85.5,-86.1,-88.0,-90.0,-91.0,-90.4,-88.6,654.0,652.6,652.4,653.6,655.5,657.4,657.2,656.0,656.9,654.2,652.3,651.9,653.6,656.2,659.2,657.5,655.4,654.3,654.5,655.6,656.1,656.6,656.5,655.9,655.1,654.5,654.6,655.3,682.3,683.0,683.7,684.0,683.6,682.9,682.2,682.2,683.9,682.4,681.3,681.1,682.5,685.0,687.8,684.8,682.2,680.7,680.8,682.2,683.4,683.5,683.8,684.1,684.3,684.2,683.9,683.5,-35.3,-40.7,622.4,0.12,-0.01,0.054,0.01,0.0,1.94,0.03,0.15,0.3,0.0,1.34,0.39,0.76,0.37,1.17,0.6,0.28,0.03,0.0
0.063083,0.330952,-0.941537,0.005897,0.302842,-0.953023,0.036,0.323,360.4,362.2,365.9,369.4,370.6,369.0,365.1,361.6,355.7,358.4,361.9,365.9,369.6,372.3,374.0,371.8,368.7,365.1,361.4,358.2,363.8,365.3,366.9,367.6,367.1,365.6,364.0,363.3,415.7,417.6,421.4,424.8,425.8,423.9,420.2,416.5,412.0,414.5,417.7,421.5,425.1,428.0,430.0,427.7,424.7,421.3,417.6,414.3,419.0,420.5,422.1,422.9,422.4,421.0,419.3,418.5,151.1,147.7,146.4,148.0,151.5,155.1,156.2,154.6,150.6,150.0,149.9,149.9,150.2,151.0,152.1,153.5,154.2,154.4,153.7,152.5,152.5,153.2,152.7,151.2,149.7,149.0,149.5,151.0,153.6,150.1,149.0,151.0,154.8,158.3,159.4,157.7,154.2,153.1,152.4,152.5,153.4,154.6,156.1,157.0,157.3,157.1,156.4,155.6,155.7,156.5,156.0,154.5,152.9,152.0,152.5,154.0,-74.2,-71.9,-67.5,-63.4,-62.1,-64.2,-68.9,-72.9,-80.3,-76.7,-72.3,-67.4,-63.1,-60.1,-58.2,-60.7,-64.3,-68.6,-73.0,-77.1,-70.4,-68.6,-66.7,-65.7,-66.3,-68.0,-70.0,-70.9,-7.6,-5.3,-0.8,3.3,4.6,2.4,-2.2,-6.7,-12.1,-9.1,-5.2,-0.6,3.8,7.3,9.8,7.0,3.3,-0.9,-5.3,-9.3,-3.7,-1.9,0.1,1.1,0.5,-1.3,-3.2,-4.2,-90.3,-94.2,-95.7,-94.0,-89.9,-85.8,-84.4,-86.2,-91.3,-91.6,-91.5,-91.5,-91.2,-90.7,-89.7,-87.8,-86.6,-86.3,-87.1,-88.8,-88.8,-88.0,-88.7,-90.4,-92.1,-92.9,-92.2,-90.5,-87.8,-92.1,-93.5,-91.2,-86.5,-82.2,-80.8,-82.9,-87.2,-88.5,-89.1,-88.9,-88.0,-86.9,-85.4,-83.9,-83.3,-83.4,-84.2,-85.3,-85.4,-84.4,-85.0,-86.9,-88.9,-89.9,-89.3,-87.5,681.1,679.8,679.7,680.7,682.4,684.1,683.8,682.7,684.2,681.5,679.5,678.9,680.5,683.0,685.8,684.1,682.1,681.1,681.4,682.7,683.0,683.4,683.4,682.8,682.1,681.6,681.7,682.3,685.3,685.8,686.3,686.6,686.5,686.0,685.5,685.5,687.0,685.4,684.2,684.0,685.4,687.9,690.8,687.9,685.4,683.9,684.0,685.4,686.5,686.6,686.8,687.0,687.1,686.9,686.7,686.5,-34.2,-40.1,625.6,0.143,-0.01,0.058,0.01,0.0,1.92,0.03,0.11,0.1,0.0,1.12,0.34,0.77,0.46,1.33,0.57,0.28,0.02,0.0
0.074707,0.350706,-0.933501,0.009797,0.316168,-0.948653,0.045,0.341,361.9,363.6,367.3,370.8,372.0,370.4,366.6,363.1,357.0,359.7,363.2,367.1,370.8,373.6,375.4,373.2,370.1,366.5,362.8,359.5,365.2,366.7,368.3,369.0,368.5,367.0,365.4,364.7,417.4,419.2,422.9,426.3,427.4,425.5,421.8,418.2,413.7,416.1,419.2,423.0,426.6,429.6,431.6,429.3,426.3,422.8,419.2,415.9,420.6,422.1,423.7,424.5,424.0,422.6,421.0,420.2,152.1,148.6,147.3,148.9,152.4,156.1,157.2,155.7,151.6,151.0,150.9,150.8,151.1,151.8,152.9,154.3,155.0,155.1,154.6,153.4,153.5,154.2,153.6,152.1,150.6,149.9,150.5,152.0,154.7,151.2,150.1,152.0,155.8,159.3,160.4,158.7,155.3,154.1,153.5,153.6,154.5,155.6,157.1,158.0,158.3,158.1,157.5,156.7,156.7,157.5,157.0,155.5,153.9,153.1,153.5,155.0,-72.7,-70.5,-66.1,-62.0,-60.6,-62.6,-67.3,-71.4,-78.9,-75.3,-70.9,-66.1,-61.8,-58.7,-56.8,-59.3,-62.8,-67.2,-71.6,-75.7,-68.9,-67.1,-65.2,-64.2,-64.8,-66.6,-68.5,-69.5,-5.7,-3.4,1.1,5.3,6.6,4.3,-0.2,-4.7,-10.2,-7.2,-3.4,1.3,5.7,9.3,11.9,9.0,5.2,1.0,-3.4,-7.4,-1.7,0.1,2.1,3.1,2.5,0.7,-1.3,-2.3,-89.4,-93.4,-95.1,-93.3,-89.2,-84.9,-83.5,-85.3,-90.3,-90.7,-90.7,-90.7,-90.5,-90.0,-89.0,-87.1,-86.0,-85.7,-86.4,-88.0,-87.9,-87.1,-87.8,-89.6,-91.4,-92.1,-91.4,-89.7,-87.1,-91.4,-92.8,-90.5,-85.8,-81.5,-80.1,-82.2,-86.6,-87.8,-88.4,-88.2,-87.3,-86.2,-84.7,-83.2,-82.6,-82.7,-83.5,-84.6,-84.8,-83.8,-84.4,-86.2,-88.3,-89.3,-88.6,-86.8,683.5,682.3,682.3,683.4,685.0,686.5,686.1,685.0,686.5,683.9,682.0,681.5,683.0,685.4,688.2,686.4,684.3,683.3,683.6,684.9,685.4,685.8,685.8,685.4,684.7,684.2,684.2,684.7,690.1,690.4,690.7,690.9,690.9,690.6,690.2,690.3,691.9,690.2,688.8,688.4,689.7,692.1,695.0,692.3,689.9,688.5,688.7,690.2,691.1,691.2,691.4,691.5,691.5,691.4,691.3,691.2,-32.8,-39.2,626.1,0.16,-0.015,0.059,0.0,0.01,1.94,0.03,0.11,0.0,0.0,1.04,0.32,0.54,0.39,1.27,0.54,0.18,0.02,0.0
0.072487,0.369613,-0.926354,0.000346,0.336161,-0.941805,0.039,0.361,364.5,366.2,370.0,373.5,374.7,373.2,369.2,365.7,359.8,362.5,366.0,369.9,373.6,376.4,378.3,376.0,372.9,369.2,365.6,362.3,367.9,369.4,371.0,371.8,371.2,369.7,368.1,367.3,419.9,421.8,425.5,428.8,429.8,427.9,424.2,420.6,416.4,418.8,422.0,425.7,429.3,432.1,434.1,431.8,428.8,425.4,421.8,418.6,423.1,424.5,426.1,426.9,426.5,425.1,423.5,422.7,153.2,149.8,148.5,150.1,153.6,157.2,158.3,156.7,152.5,152.1,152.0,151.9,152.2,152.8,153.8,155.3,156.1,156.3,155.7,154.4,154.6,155.3,154.7,153.2,151.7,151.0,151.6,153.1,155.9,152.4,151.4,153.3,157.1,160.5,161.6,159.9,156.4,155.3,154.8,154.9,155.9,157.0,158.5,159.4,159.6,159.4,158.7,157.8,157.9,158.7,158.3,156.8,155.2,154.3,154.8,156.3,-69.3,-67.0,-62.5,-58.4,-57.0,-59.0,-63.8,-67.9,-75.2,-71.6,-67.3,-62.5,-58.2,-55.0,-53.0,-55.6,-59.2,-63.6,-68.0,-72.0,-65.4,-63.6,-61.6,-60.6,-61.2,-63.0,-65.0,-66.0,-2.6,-0.3,4.3,8.4,9.6,7.3,2.7,-1.7,-6.9,-3.9,-0.0,4.6,8.9,12.5,15.0,12.1,8.4,4.2,-0.2,-4.2,1.3,3.1,5.1,6.1,5.5,3.8,1.8,0.8,-87.6,-91.6,-93.1,-91.4,-87.3,-83.3,-81.9,-83.6,-88.9,-89.1,-88.9,-88.9,-88.7,-88.3,-87.5,-85.5,-84.3,-83.9,-84.7,-86.4,-86.2,-85.4,-86.1,-87.8,-89.6,-90.3,-89.7,-88.0,-86.3,-90.5,-91.9,-89.5,-84.8,-80.6,-79.3,-81.4,-85.9,-87.0,-87.5,-87.2,-86.3,-85.1,-83.6,-82.2,-81.6,-81.8,-82.6,-83.9,-83.9,-82.9,-83.5,-85.3,-87.3,-88.3,-87.8,-85.9,680.5,679.1,678.8,679.8,681.6,683.5,683.4,682.3,683.6,680.8,678.8,678.2,679.5,681.9,684.7,683.2,681.2,680.3,680.8,682.1,682.4,682.9,682.8,682.1,681.3,680.9,681.0,681.6,695.2,695.5,695.8,696.0,695.9,695.6,695.3,695.4,696.9,695.2,693.8,693.5,694.9,697.4,700.3,697.5,695.0,693.6,693.8,695.2,696.2,696.3,696.4,696.6,696.6,696.5,696.4,696.2,-30.1,-37.3,623.2,0.186,-0.032,0.067,0.0,0.02,1.98,0.0,0.12,0.0,0.0,1.02,0.36,0.4,0.26,1.12,0.56,0.08,0.03,0.0
0.067978,0.363047,-0.929288,-0.000866,0.331524,-0.943446,0.036,0.355,364.4,366.2,369.9,373.4,374.7,373.2,369.2,365.7,359.8,362.5,365.9,369.9,373.6,376.4,378.3,376.1,372.9,369.1,365.5,362.3,367.8,369.4,371.0,371.8,371.2,369.7,368.0,367.3,419.8,421.7,425.4,428.8,429.8,427.9,424.2,420.6,416.3,418.8,422.0,425.7,429.3,432.1,434.1,431.8,428.9,425.5,421.8,418.5,423.0,424.5,426.1,426.9,426.5,425.0,423.4,422.6,153.2,149.8,148.5,150.1,153.7,157.2,158.3,156.7,152.5,152.0,152.0,152.0,152.3,152.9,154.0,155.4,156.2,156.4,155.8,154.4,154.6,155.3,154.8,153.3,151.7,151.0,151.6,153.1,155.9,152.5,151.4,153.3,157.1,160.6,161.7,159.9,156.4,155.3,154.8,154.9,155.8,157.0,158.5,159.4,159.6,159.4,158.7,157.9,158.0,158.8,158.3,156.8,155.2,154.4,154.8,156.3,-69.0,-66.8,-62.3,-58.1,-56.8,-58.8,-63.5,-67.7,-74.9,-71.4,-67.0,-62.2,-57.9,-54.7,-52.6,-55.3,-58.9,-63.3,-67.7,-71.8,-65.1,-63.3,-61.3,-60.3,-60.9,-62.7,-64.7,-65.7,-2.6,-0.3,4.2,8.3,9.6,7.2,2.7,-1.7,-7.0,-4.0,-0.1,4.6,8.9,12.4,14.9,12.1,8.4,4.2,-0.2,-4.2,1.3,3.1,5.0,6.0,5.5,3.7,1.7,0.7,-87.2,-91.1,-92.6,-90.8,-86.8,-82.7,-81.4,-83.2,-88.5,-88.7,-88.4,-88.4,-88.2,-87.7,-86.8,-84.9,-83.7,-83.4,-84.2,-86.0,-85.7,-85.0,-85.6,-87.3,-89.1,-89.9,-89.2,-87.5,-85.7,-90.0,-91.3,-89.0,-84.3,-80.1,-78.7,-80.8,-85.3,-86.4,-87.0,-86.8,-85.8,-84.7,-83.2,-81.7,-81.2,-81.3,-82.1,-83.3,-83.3,-82.3,-82.9,-84.8,-86.8,-87.8,-87.2,-85.4,677.2,675.7,675.3,676.3,678.0,679.9,679.9,678.9,680.4,677.5,675.4,674.7,676.1,678.4,681.2,679.7,677.8,677.0,677.4,678.8,679.0,679.4,679.3,678.6,677.8,677.4,677.6,678.2,691.1,691.4,691.9,692.1,692.0,691.6,691.2,691.2,692.7,691.0,689.8,689.6,691.0,693.5,696.4,693.5,691.0,689.5,689.6,691.0,692.1,692.2,692.4,692.6,692.6,692.5,692.3,692.2,-30.0,-37.3,623.7,0.18,-0.03,0.067,0.0,0.02,1.94,0.0,0.11,0.0,0.0,1.16,0.37,0.19,0.15,1.02,0.64,0.0,0.11,0.0
0.094502,0.378016,-0.920963,-0.000968,0.33784,-0.941203,0.05,0.367,365.6,367.3,371.0,374.6,375.9,374.5,370.5,366.9,360.7,363.3,366.8,370.8,374.6,377.4,379.4,377.1,373.9,370.2,366.5,363.2,369.0,370.6,372.2,372.9,372.3,370.8,369.2,368.5,420.7,422.6,426.3,429.6,430.5,428.6,425.0,421.4,417.3,419.7,422.9,426.6,430.0,432.8,434.8,432.5,429.6,426.2,422.7,419.4,423.9,425.3,426.9,427.7,427.3,425.9,424.3,423.4,155.0,151.6,150.1,151.6,155.1,158.7,160.0,158.5,154.5,154.0,153.8,153.7,153.8,154.3,155.2,156.8,157.8,158.1,157.6,156.3,156.3,156.9,156.3,154.8,153.3,152.7,153.3,154.8,157.3,153.9,152.9,154.9,158.7,162.0,163.0,161.3,157.6,156.7,156.3,156.5,157.5,158.7,160.1,160.9,161.0,160.7,160.0,159.1,159.4,160.2,159.8,158.3,156.7,155.9,156.3,157.8,-67.0,-64.8,-60.4,-56.2,-54.8,-56.7,-61.4,-65.6,-73.1,-69.7,-65.4,-60.6,-56.2,-53.0,-50.9,-53.5,-57.1,-61.5,-65.9,-70.0,-63.1,-61.2,-59.3,-58.4,-59.0,-60.8,-62.7,-63.7,-1.6,0.8,5.3,9.4,10.6,8.2,3.7,-0.8,-5.9,-2.9,1.1,5.7,10.0,13.5,16.0,13.1,9.4,5.3,0.8,-3.2,2.3,4.1,6.1,7.1,6.6,4.8,2.8,1.8,-84.2,-88.2,-89.8,-88.2,-84.3,-80.2,-78.7,-80.3,-85.3,-85.5,-85.4,-85.6,-85.6,-85.3,-84.5,-82.4,-81.1,-80.6,-81.2,-82.9,-83.0,-82.3,-83.0,-84.7,-86.4,-87.1,-86.4,-84.7,-85.4,-89.7,-91.0,-88.6,-83.8,-79.6,-78.3,-80.5,-85.2,-86.2,-86.6,-86.2,-85.2,-84.0,-82.5,-81.2,-80.8,-81.0,-81.9,-83.2,-83.0,-81.9,-82.5,-84.3,-86.4,-87.4,-86.8,-85.0,670.8,669.3,669.0,670.1,672.0,673.9,673.8,672.7,674.0,671.2,669.1,668.4,669.7,672.1,674.9,673.4,671.6,670.8,671.3,672.6,672.8,673.2,673.1,672.4,671.6,671.1,671.3,671.9,702.8,703.2,703.6,703.8,703.6,703.2,702.8,702.9,704.4,702.8,701.5,701.3,702.6,705.1,708.0,705.1,702.6,701.1,701.2,702.7,703.8,703.9,704.0,704.2,704.3,704.2,704.0,703.9,-29.2,-36.2,625.4,0.187,-0.034,0.069,0.0,0.0,1.84,0.0,0.07,0.0,0.0,1.23,0.42,0.43,0.26,1.11,0.61,0.0,0.12,0.0
0.211628,0.422787,-0.881173,-0.040454,0.347477,-0.936816,0.094,0.401,368.1,370.0,373.8,377.3,378.4,376.6,372.6,369.2,361.2,364.4,368.2,372.4,376.2,378.9,380.7,378.6,375.5,371.7,367.8,364.1,371.2,372.7,374.4,375.2,374.7,373.2,371.6,370.8,420.7,422.5,426.1,429.5,430.7,428.9,425.3,421.6,417.6,420.1,423.3,427.1,430.5,433.2,435.2,433.1,430.3,427.0,423.4,420.0,423.9,425.4,427.1,427.8,427.3,425.8,424.2,423.4,159.6,155.9,154.3,155.7,159.3,163.1,164.6,163.2,158.9,158.3,158.1,157.9,157.8,158.1,158.8,160.7,162.0,162.5,162.0,160.8,160.8,161.4,160.7,159.1,157.6,156.9,157.7,159.3,161.3,157.9,156.8,158.6,162.3,165.7,166.8,165.2,162.0,161.0,160.5,160.7,161.6,162.8,164.3,164.9,164.8,164.4,163.8,163.2,163.4,164.2,163.7,162.2,160.6,159.8,160.3,161.7,-60.4,-58.1,-53.9,-50.2,-49.2,-51.4,-55.7,-59.4,-68.4,-64.6,-60.2,-55.5,-51.4,-48.6,-46.8,-49.0,-52.3,-56.5,-60.9,-65.0,-57.2,-55.6,-53.7,-52.8,-53.2,-54.8,-56.6,-57.6,-1.6,0.6,5.1,9.3,10.7,8.5,4.0,-0.5,-5.4,-2.3,1.6,6.2,10.5,13.9,16.3,13.7,10.2,6.1,1.7,-2.5,2.4,4.2,6.2,7.2,6.6,4.7,2.7,1.8,-74.4,-78.4,-80.3,-79.0,-75.3,-71.1,-69.3,-70.6,-75.5,-75.8,-75.9,-76.2,-76.5,-76.5,-76.1,-73.7,-72.0,-71.3,-71.8,-73.2,-73.4,-72.8,-73.7,-75.4,-77.0,-77.6,-76.8,-75.0,-79.5,-83.8,-85.3,-83.0,-78.3,-74.1,-72.6,-74.6,-78.8,-79.8,-80.3,-80.2,-79.2,-78.0,-76.4,-75.4,-75.2,-75.4,-76.2,-77.1,-77.0,-76.0,-76.6,-78.5,-80.6,-81.6,-81.0,-79.1,633.3,632.2,633.0,635.2,637.6,639.1,637.8,635.6,635.7,633.4,632.0,632.0,633.9,636.6,639.7,637.9,635.5,634.1,634.0,634.7,636.2,637.2,637.6,637.1,636.1,635.1,634.8,635.2,694.3,695.5,696.3,696.2,695.3,694.1,693.3,693.6,695.3,694.0,693.1,693.2,694.7,697.1,699.9,696.7,694.0,692.3,692.2,693.5,695.0,695.0,695.3,695.8,696.3,696.3,695.9,695.4,-28.2,-33.3,626.9,0.212,-0.049,0.07,0.0,0.0,1.73,0.0,0.02,0.0,0.0,1.33,0.48,0.61,0.27,1.2,0.62,0.0,0.19,0.0
0.188286,0.423254,-0.88623,-0.059464,0.335933,-0.940007,0.07,0.394,367.4,369.3,373.2,376.8,377.9,376.1,372.1,368.5,361.0,364.1,367.7,371.9,375.7,378.5,380.4,378.2,375.0,371.1,367.3,363.8,370.6,372.2,373.9,374.7,374.2,372.7,371.0,370.1,420.6,422.3,426.0,429.4,430.6,428.9,425.3,421.5,417.7,420.2,423.4,427.2,430.7,433.4,435.3,433.3,430.5,427.2,423.5,420.1,423.9,425.4,427.0,427.8,427.2,425.7,424.1,423.4,159.6,155.9,154.4,155.8,159.4,163.3,164.7,163.2,158.7,158.3,158.2,157.9,157.9,158.1,158.8,160.8,162.0,162.5,162.0,160.7,160.8,161.5,160.8,159.2,157.6,157.0,157.7,159.3,161.3,157.9,156.8,158.6,162.2,165.6,166.7,165.2,162.2,161.2,160.6,160.7,161.6,162.8,164.4,164.9,164.8,164.4,163.9,163.3,163.4,164.1,163.6,162.2,160.6,159.8,160.3,161.8,-61.7,-59.4,-55.0,-51.2,-50.1,-52.3,-56.8,-60.6,-69.2,-65.5,-61.2,-56.5,-52.3,-49.3,-47.4,-49.7,-53.2,-57.5,-61.9,-65.9,-58.3,-56.6,-54.7,-53.7,-54.2,-55.8,-57.7,-58.8,-1.7,0.4,4.9,9.1,10.6,8.5,4.0,-0.6,-5.2,-2.2,1.8,6.3,10.6,14.0,16.4,13.8,10.4,6.3,1.9,-2.3,2.3,4.2,6.1,7.1,6.4,4.6,2.6,1.7,-75.0,-79.0,-80.8,-79.5,-75.6,-71.5,-69.7,-71.2,-76.3,-76.5,-76.5,-76.7,-77.0,-77.0,-76.6,-74.1,-72.5,-71.8,-72.4,-74.0,-73.9,-73.3,-74.1,-75.9,-77.5,-78.1,-77.3,-75.6,-79.2,-83.5,-84.9,-82.7,-78.1,-73.9,-72.4,-74.3,-78.2,-79.3,-79.9,-79.8,-78.8,-77.6,-76.0,-75.1,-74.9,-75.1,-75.8,-76.6,-76.7,-75.8,-76.4,-78.3,-80.3,-81.3,-80.6,-78.7,638.3,637.1,637.7,639.7,642.0,643.7,642.7,640.6,640.9,638.5,637.0,636.8,638.5,641.0,644.0,642.4,640.1,638.9,639.0,639.8,641.1,642.0,642.3,641.7,640.7,639.9,639.6,640.1,691.5,692.7,693.5,693.4,692.3,691.1,690.3,690.6,692.3,691.1,690.2,690.3,691.8,694.3,697.1,693.9,691.1,689.4,689.2,690.5,692.1,692.0,692.3,692.9,693.4,693.4,693.1,692.5,-28.3,-33.2,626.5,0.203,-0.046,0.068,0.0,0.0,1.8,0.0,0.06,0.03,0.0,1.4,0.54,0.9,0.37,1.26,0.52,0.0,0.11,0.0
0.182499,0.396893,-0.899539,0.01003,0.35806,-0.933645,0.105,0.391,367.6,369.2,372.9,376.4,377.8,376.3,372.4,368.9,361.5,364.3,367.8,371.8,375.6,378.4,380.4,378.2,375.1,371.4,367.7,364.2,370.9,372.4,374.0,374.7,374.1,372.6,371.0,370.3,422.1,423.9,427.6,431.1,432.2,430.4,426.7,423.0,418.7,421.1,424.3,428.0,431.6,434.5,436.7,434.4,431.3,427.8,424.2,420.9,425.4,426.9,428.5,429.3,428.8,427.3,425.7,424.9,159.4,155.9,154.3,155.6,159.0,162.8,164.2,162.9,158.9,158.3,158.1,157.8,157.8,158.2,159.0,160.9,162.1,162.6,162.1,160.9,160.6,161.2,160.5,158.9,157.4,156.8,157.5,159.1,161.4,158.0,156.8,158.7,162.4,165.9,167.0,165.4,161.9,160.9,160.4,160.5,161.4,162.5,163.9,164.6,164.7,164.4,163.8,163.2,163.5,164.3,163.8,162.3,160.6,159.8,160.3,161.8,-63.6,-61.5,-57.3,-53.3,-51.9,-53.8,-58.2,-62.2,-71.0,-67.4,-63.2,-58.5,-54.2,-51.1,-49.0,-51.4,-54.9,-59.2,-63.6,-67.7,-60.0,-58.2,-56.4,-55.5,-56.1,-57.8,-59.7,-60.6,0.2,2.4,6.9,11.1,12.5,10.3,5.7,1.2,-4.1,-1.1,2.8,7.3,11.7,15.4,18.2,15.2,11.4,7.1,2.6,-1.4,4.2,6.0,8.0,9.0,8.4,6.6,4.6,3.6,-77.8,-81.8,-83.7,-82.4,-78.6,-74.4,-72.6,-73.9,-78.8,-79.1,-79.2,-79.5,-79.6,-79.5,-78.9,-76.5,-74.9,-74.2,-74.7,-76.3,-76.7,-76.1,-76.9,-78.7,-80.4,-81.0,-80.1,-78.4,-79.3,-83.6,-85.1,-82.8,-78.1,-73.8,-72.3,-74.3,-79.0,-79.9,-80.4,-80.2,-79.3,-78.2,-76.7,-75.5,-75.2,-75.4,-76.2,-77.2,-76.9,-75.9,-76.5,-78.4,-80.4,-81.4,-80.8,-78.9,660.2,659.0,659.3,660.9,662.9,664.6,663.8,662.2,663.5,660.9,659.0,658.5,659.9,662.4,665.2,663.8,661.8,660.8,661.1,662.2,662.6,663.3,663.5,662.9,662.0,661.3,661.2,661.8,694.1,694.7,695.1,694.9,694.4,693.7,693.4,693.7,695.9,694.2,692.8,692.4,693.5,695.8,698.5,695.6,693.2,691.9,692.2,693.9,694.8,694.7,694.8,695.1,695.4,695.4,695.3,695.0,-27.6,-32.3,624.1,0.209,-0.055,0.067,0.0,0.0,1.94,0.0,0.14,0.09,0.0,1.31,0.56,0.95,0.34,1.21,0.48,0.0,0.08,0.0
0.097199,0.3725,-0.922928,0.02261,0.346727,-0.937694,0.064,0.369,366.7,368.4,372.1,375.7,377.0,375.5,371.5,367.9,361.8,364.5,368.0,372.0,375.8,378.7,380.6,378.3,375.1,371.3,367.6,364.3,370.1,371.6,373.3,374.0,373.5,371.9,370.3,369.5,422.6,424.5,428.3,431.7,432.8,430.8,427.0,423.3,419.1,421.4,424.5,428.3,432.1,435.3,437.6,435.0,431.7,428.1,424.4,421.2,425.9,427.4,429.0,429.9,429.4,428.0,426.3,425.5,158.5,155.1,153.7,155.3,158.8,162.4,163.6,162.0,158.0,157.5,157.5,157.4,157.7,158.3,159.2,160.8,161.7,162.0,161.4,160.0,159.9,160.5,160.0,158.5,157.0,156.3,156.9,158.3,161.0,157.5,156.4,158.4,162.3,165.8,166.9,165.1,161.4,160.4,159.9,160.1,161.0,162.1,163.5,164.5,164.8,164.6,163.8,162.9,163.0,163.9,163.4,161.9,160.2,159.4,159.9,161.4,-65.2,-63.0,-58.6,-54.5,-53.2,-55.1,-59.8,-63.9,-71.3,-67.9,-63.6,-58.7,-54.3,-51.2,-49.1,-51.7,-55.4,-59.8,-64.2,-68.2,-61.4,-59.6,-57.6,-56.7,-57.3,-59.1,-61.0,-62.0,0.7,3.0,7.5,11.6,12.9,10.6,6.0,1.6,-3.5,-0.7,3.0,7.6,12.1,15.9,18.8,15.6,11.6,7.2,2.8,-1.0,4.7,6.5,8.4,9.4,8.9,7.1,5.2,4.2,-79.6,-83.4,-84.9,-83.2,-79.3,-75.3,-73.9,-75.6,-80.6,-80.8,-80.6,-80.6,-80.4,-80.0,-79.2,-77.2,-75.9,-75.5,-76.3,-78.0,-78.2,-77.4,-78.1,-79.8,-81.5,-82.2,-81.6,-79.9,-77.8,-82.0,-83.2,-80.9,-76.3,-72.1,-70.8,-72.9,-77.6,-78.6,-78.9,-78.6,-77.6,-76.6,-75.2,-73.8,-73.2,-73.3,-74.3,-75.6,-75.5,-74.4,-75.0,-76.8,-78.8,-79.8,-79.3,-77.5,666.2,664.7,664.3,665.4,667.2,669.1,669.0,668.0,669.6,666.7,664.6,663.9,665.2,667.6,670.4,669.0,667.2,666.4,666.8,668.1,668.0,668.5,668.3,667.7,666.9,666.5,666.6,667.3,676.5,676.3,676.0,675.9,676.1,676.4,676.6,677.0,678.8,676.7,674.9,674.1,675.1,677.3,680.0,677.6,675.5,674.6,675.1,677.0,677.3,677.3,677.2,677.1,677.0,677.0,677.1,677.3,-27.5,-31.9,622.0,0.206,-0.055,0.069,0.0,0.0,2.12,0.0,0.26,0.15,0.0,1.28,0.55,0.93,0.33,1.16,0.35,0.03,0.0,0.0
0.119108,0.387765,-0.91403,0.01688,0.359985,-0.932805,0.074,0.385,366.2,368.0,371.9,375.5,376.7,375.1,371.1,367.5,360.7,363.6,367.2,371.4,375.2,378.1,380.1,377.9,374.6,370.8,366.9,363.4,369.7,371.2,372.8,373.6,373.1,371.5,369.9,369.1,422.3,424.2,427.9,431.4,432.5,430.6,426.8,423.1,418.7,421.1,424.3,428.1,431.8,434.9,437.1,434.7,431.5,427.9,424.2,421.0,425.6,427.1,428.8,429.6,429.1,427.6,426.0,425.1,158.5,154.9,153.5,155.1,158.8,162.6,163.8,162.2,157.9,157.4,157.2,157.1,157.4,158.0,158.9,160.4,161.1,161.3,160.8,159.6,159.9,160.6,160.0,158.5,156.9,156.2,156.8,158.4,161.1,157.6,156.4,158.3,162.2,165.7,166.9,165.2,161.3,160.3,159.8,160.0,160.8,161.8,163.1,164.2,164.6,164.4,163.8,162.9,163.1,163.9,163.4,161.9,160.2,159.3,159.8,161.4,-64.5,-62.3,-57.8,-53.8,-52.5,-54.5,-59.1,-63.2,-71.3,-67.6,-63.2,-58.4,-54.0,-50.9,-48.8,-51.3,-54.8,-59.2,-63.7,-67.9,-60.7,-59.0,-57.1,-56.1,-56.7,-58.4,-60.3,-61.2,0.3,2.6,7.1,11.3,12.6,10.3,5.8,1.3,-3.9,-1.0,2.7,7.4,11.8,15.5,18.3,15.3,11.4,7.1,2.7,-1.3,4.4,6.2,8.1,9.1,8.6,6.8,4.8,3.8,-78.0,-82.0,-83.7,-82.0,-77.9,-73.7,-72.2,-73.9,-79.1,-79.4,-79.3,-79.4,-79.3,-78.9,-78.1,-76.2,-75.1,-74.8,-75.4,-76.9,-76.6,-75.9,-76.6,-78.3,-80.0,-80.8,-80.1,-78.3,-78.1,-82.3,-83.7,-81.4,-76.8,-72.5,-71.2,-73.2,-78.0,-79.0,-79.4,-79.2,-78.3,-77.4,-76.2,-74.6,-73.9,-73.9,-74.7,-76.0,-75.8,-74.8,-75.4,-77.3,-79.3,-80.3,-79.7,-77.8,653.1,652.0,652.0,653.3,655.0,656.5,656.0,654.8,656.4,653.7,651.8,651.2,652.7,655.2,658.0,656.1,654.0,652.9,653.3,654.6,655.2,655.7,655.7,655.2,654.5,654.0,654.0,654.4,679.8,679.5,679.5,679.7,680.0,680.3,680.3,680.4,681.7,679.8,678.2,677.6,678.8,681.2,684.1,681.6,679.3,678.1,678.4,680.1,680.8,680.9,680.9,680.8,680.6,680.6,680.6,680.7,-27.5,-31.7,619.1,0.198,-0.059,0.068,0.0,0.0,2.19,0.0,0.32,0.19,0.0,1.21,0.6,0.9,0.22,1.1,0.26,0.06,0.0,0.0
0.112085,0.388847,-0.914459,0.025042,0.352988,-0.935293,0.074,0.381,366.4,368.2,372.0,375.6,376.8,375.2,371.2,367.6,360.9,363.9,367.5,371.6,375.4,378.2,380.2,378.0,374.8,371.0,367.2,363.7,369.8,371.3,372.9,373.7,373.2,371.6,370.0,369.2,422.5,424.3,428.0,431.4,432.5,430.6,426.9,423.3,418.9,421.3,424.4,428.2,431.8,434.8,436.9,434.5,431.5,428.0,424.3,421.1,425.8,427.2,428.8,429.6,429.1,427.7,426.1,425.3,158.5,154.9,153.4,155.0,158.7,162.5,163.8,162.2,157.8,157.3,157.2,157.1,157.4,157.9,158.8,160.2,160.9,161.1,160.6,159.5,159.9,160.6,160.0,158.5,156.9,156.2,156.8,158.3,161.0,157.6,156.5,158.3,162.1,165.6,166.7,165.0,161.3,160.3,159.9,160.0,160.8,161.8,163.1,164.1,164.5,164.4,163.7,162.8,163.0,163.8,163.3,161.8,160.2,159.4,159.8,161.3,-65.1,-62.9,-58.5,-54.4,-53.1,-55.1,-59.7,-63.8,-71.8,-68.1,-63.6,-58.8,-54.5,-51.4,-49.3,-51.8,-55.3,-59.7,-64.2,-68.4,-61.3,-59.6,-57.7,-56.7,-57.3,-59.0,-60.9,-61.9,0.6,2.9,7.4,11.5,12.8,10.6,6.0,1.6,-3.8,-0.9,2.9,7.5,12.0,15.7,18.4,15.4,11.6,7.3,2.9,-1.1,4.6,6.4,8.4,9.3,8.8,7.0,5.0,4.1,-79.0,-83.1,-84.8,-83.1,-79.0,-74.7,-73.2,-74.9,-80.2,-80.4,-80.4,-80.4,-80.3,-79.9,-79.2,-77.3,-76.3,-75.9,-76.5,-78.0,-77.6,-76.8,-77.6,-79.3,-81.1,-81.8,-81.1,-79.4,-79.7,-83.9,-85.3,-83.0,-78.4,-74.2,-72.8,-74.8,-79.6,-80.5,-80.9,-80.7,-79.9,-79.0,-77.7,-76.1,-75.4,-75.4,-76.2,-77.5,-77.5,-76.5,-77.1,-78.9,-80.9,-81.9,-81.3,-79.4,661.4,660.3,660.5,661.7,663.4,664.9,664.3,663.0,664.5,661.9,660.0,659.6,661.1,663.6,666.4,664.5,662.3,661.1,661.4,662.7,663.5,664.0,664.1,663.6,662.9,662.4,662.3,662.8,693.2,693.0,693.1,693.4,693.7,693.8,693.8,693.8,695.2,693.2,691.7,691.2,692.5,694.9,697.9,695.3,693.0,691.7,691.9,693.5,694.3,694.4,694.5,694.4,694.2,694.1,694.1,694.2,-27.6,-31.8,620.3,0.193,-0.062,0.071,0.0,0.0,2.25,0.0,0.33,0.2,0.0,1.33,0.63,0.88,0.19,1.07,0.2,0.1,0.0,0.0
0.138566,0.387431,-0.911425,0.030947,0.355937,-0.933998,0.092,0.383,366.3,368.2,371.9,375.4,376.6,374.9,370.9,367.5,360.4,363.4,367.2,371.4,375.2,377.9,379.6,377.5,374.4,370.6,366.8,363.2,369.6,371.1,372.7,373.5,373.0,371.5,369.9,369.1,422.4,424.2,428.0,431.4,432.5,430.7,426.9,423.2,418.8,421.1,424.3,428.1,431.8,434.9,437.1,434.7,431.5,428.0,424.3,421.0,425.7,427.2,428.8,429.6,429.1,427.7,426.1,425.3,158.4,154.8,153.4,154.9,158.5,162.3,163.5,162.0,157.7,157.2,157.1,157.0,157.2,157.7,158.6,160.0,160.8,161.0,160.6,159.4,159.7,160.4,159.8,158.3,156.7,156.1,156.7,158.2,161.0,157.5,156.3,158.1,162.0,165.5,166.7,165.0,161.1,160.2,159.7,159.9,160.6,161.5,162.7,163.9,164.4,164.3,163.6,162.7,162.9,163.7,163.2,161.6,160.0,159.2,159.7,161.2,-64.6,-62.4,-58.0,-54.1,-53.0,-55.0,-59.6,-63.5,-71.8,-68.0,-63.5,-58.6,-54.4,-51.5,-49.6,-51.9,-55.3,-59.6,-64.1,-68.4,-61.1,-59.4,-57.5,-56.6,-57.1,-58.7,-60.6,-61.5,0.5,2.7,7.2,11.4,12.7,10.5,6.0,1.5,-3.9,-1.0,2.8,7.4,11.9,15.6,18.4,15.3,11.5,7.2,2.8,-1.2,4.5,6.3,8.3,9.2,8.6,6.9,4.9,3.9,-78.4,-82.5,-84.2,-82.6,-78.7,-74.5,-72.9,-74.5,-79.6,-79.8,-79.8,-79.9,-79.8,-79.6,-79.0,-77.0,-75.9,-75.4,-76.0,-77.4,-77.2,-76.5,-77.2,-79.0,-80.7,-81.3,-80.6,-78.9,-78.6,-82.8,-84.2,-82.0,-77.5,-73.2,-71.8,-73.8,-78.6,-79.5,-79.9,-79.7,-78.9,-78.1,-77.0,-75.3,-74.5,-74.5,-75.2,-76.5,-76.5,-75.5,-76.1,-77.9,-79.9,-80.9,-80.2,-78.4,655.8,654.7,655.1,656.7,658.6,660.1,659.3,657.7,658.7,656.2,654.5,654.3,656.1,658.8,661.8,659.8,657.4,656.0,656.1,657.2,658.2,658.9,659.1,658.6,657.8,657.1,656.9,657.4,683.0,682.7,682.7,683.0,683.5,683.9,683.9,683.9,685.1,683.1,681.5,681.0,682.3,684.7,687.8,685.2,682.9,681.7,681.9,683.5,684.3,684.4,684.4,684.2,684.0,683.9,683.9,684.0,-27.7,-31.3,616.1,0.193,-0.066,0.071,0.0,0.0,2.26,0.0,0.31,0.27,0.0,1.35,0.64,0.99,0.13,1.02,0.19,0.1,0.0,0.0
0.146481,0.372078,-0.91657,0.031876,0.351166,-0.935771,0.096,0.372,366.3,368.1,371.8,375.4,376.6,375.0,371.0,367.5,360.4,363.3,367.0,371.2,375.1,377.9,379.8,377.5,374.3,370.5,366.6,363.1,369.6,371.1,372.7,373.5,373.0,371.5,369.9,369.1,422.4,424.2,428.0,431.4,432.5,430.7,426.9,423.2,418.8,421.1,424.3,428.1,431.9,434.9,437.1,434.7,431.5,428.0,424.3,421.0,425.7,427.2,428.8,429.6,429.2,427.7,426.1,425.2,158.3,154.8,153.4,154.8,158.4,162.0,163.3,161.8,157.6,157.2,157.1,157.0,157.2,157.7,158.6,160.1,161.0,161.2,160.7,159.5,159.5,160.2,159.6,158.1,156.6,155.9,156.5,158.0,160.9,157.4,156.2,158.1,161.9,165.5,166.6,165.0,161.1,160.1,159.7,159.8,160.6,161.5,162.8,163.9,164.3,164.2,163.6,162.7,162.8,163.6,163.1,161.6,160.0,159.1,159.6,161.2,-64.4,-62.2,-57.8,-53.9,-52.7,-54.7,-59.2,-63.2,-71.5,-67.9,-63.4,-58.5,-54.2,-51.2,-49.2,-51.6,-55.2,-59.6,-64.0,-68.2,-60.7,-59.0,-57.2,-56.2,-56.8,-58.4,-60.3,-61.2,0.5,2.7,7.2,11.4,12.7,10.5,5.9,1.5,-3.9,-1.0,2.8,7.4,11.9,15.6,18.4,15.3,11.5,7.2,2.7,-1.2,4.5,6.3,8.3,9.2,8.6,6.9,4.9,3.9,-78.2,-82.1,-83.8,-82.2,-78.4,-74.4,-72.9,-74.4,-79.5,-79.6,-79.4,-79.5,-79.4,-79.1,-78.5,-76.5,-75.3,-74.9,-75.5,-77.1,-77.0,-76.4,-77.1,-78.8,-80.4,-81.0,-80.3,-78.7,-78.5,-82.7,-84.1,-81.9,-77.3,-73.1,-71.7,-73.7,-78.5,-79.4,-79.8,-79.6,-78.8,-77.9,-76.8,-75.1,-74.3,-74.3,-75.1,-76.4,-76.3,-75.3,-75.9,-77.8,-79.7,-80.7,-80.1,-78.3,652.8,651.5,651.5,653.0,655.0,656.8,656.3,654.8,656.3,653.5,651.5,651.0,652.5,655.1,658.1,656.4,654.3,653.2,653.5,654.7,655.1,655.7,655.7,655.1,654.3,653.7,653.6,654.2,681.4,681.1,681.1,681.4,681.8,682.1,682.2,682.2,683.5,681.4,679.8,679.3,680.6,683.0,686.0,683.4,681.2,680.0,680.2,681.8,682.6,682.7,682.7,682.6,682.4,682.2,682.2,682.4,-27.7,-31.3,615.1,0.189,-0.07,0.071,0.0,0.0,2.28,0.0,0.3,0.34,0.0,1.44,0.6,1.01,0.23,0.98,0.18,0.13,0.0,0.0
0.134556,0.368455,-0.919856,0.016772,0.336828,-0.941417,0.081,0.362,366.1,367.9,371.7,375.3,376.5,374.9,370.9,367.4,360.4,363.3,367.0,371.3,375.2,378.0,379.9,377.7,374.4,370.6,366.7,363.2,369.5,371.1,372.7,373.4,372.9,371.4,369.8,369.0,422.0,423.8,427.6,431.0,432.1,430.3,426.5,422.8,418.6,420.9,424.0,427.8,431.6,434.7,436.9,434.4,431.2,427.7,424.0,420.8,425.4,426.8,428.4,429.2,428.8,427.3,425.7,424.9,158.2,154.7,153.2,154.7,158.3,162.0,163.2,161.7,157.5,157.1,157.0,157.0,157.2,157.7,158.5,160.0,160.8,161.1,160.6,159.4,159.5,160.1,159.5,158.0,156.5,155.8,156.5,158.0,160.6,157.1,155.9,157.8,161.6,165.2,166.3,164.7,161.2,160.0,159.4,159.4,160.3,161.4,162.8,163.8,164.2,164.0,163.4,162.6,162.6,163.4,162.9,161.4,159.7,158.9,159.4,160.9,-64.2,-62.0,-57.7,-53.7,-52.4,-54.4,-59.0,-63.0,-71.2,-67.5,-63.1,-58.2,-53.8,-50.8,-48.8,-51.3,-54.8,-59.2,-63.6,-67.8,-60.5,-58.8,-56.9,-56.0,-56.5,-58.2,-60.1,-61.0,-0.0,2.2,6.7,10.8,12.2,10.0,5.5,1.0,-4.1,-1.3,2.4,7.0,11.5,15.3,18.1,15.0,11.1,6.8,2.4,-1.5,4.1,5.8,7.8,8.7,8.2,6.4,4.4,3.5,-77.9,-81.8,-83.5,-81.9,-78.1,-74.0,-72.5,-74.1,-79.2,-79.3,-79.1,-79.1,-79.1,-78.9,-78.3,-76.3,-75.1,-74.7,-75.3,-76.8,-76.7,-76.1,-76.8,-78.4,-80.1,-80.7,-80.0,-78.4,-78.9,-83.1,-84.5,-82.3,-77.6,-73.4,-72.0,-74.0,-78.4,-79.6,-80.2,-80.1,-79.2,-78.2,-76.7,-75.2,-74.5,-74.6,-75.4,-76.5,-76.6,-75.6,-76.3,-78.1,-80.1,-81.1,-80.5,-78.6,649.6,648.2,648.3,649.7,651.7,653.5,653.0,651.6,653.0,650.2,648.3,647.7,649.3,652.0,654.9,653.1,651.0,649.9,650.2,651.4,651.8,652.4,652.4,651.9,651.0,650.4,650.4,651.0,682.1,682.0,681.9,681.8,681.9,682.0,682.1,682.4,684.1,682.1,680.4,679.8,680.9,683.2,686.0,683.4,681.3,680.2,680.6,682.3,682.9,682.9,682.8,682.8,682.8,682.8,682.8,682.9,-27.7,-31.2,614.9,0.187,-0.072,0.069,0.0,0.0,2.27,0.0,0.3,0.34,0.0,1.45,0.54,1.07,0.22,0.94,0.11,0.12,0.0,0.01
0.132066,0.375854,-0.91722,0.032517,0.342944,-0.938793,0.088,0.369,365.9,367.7,371.6,375.3,376.6,375.0,370.9,367.2,360.3,363.1,366.8,371.1,375.1,378.1,380.1,377.8,374.4,370.4,366.5,363.0,369.4,371.0,372.7,373.4,372.9,371.3,369.7,368.9,422.4,424.2,427.9,431.4,432.5,430.7,427.0,423.2,418.8,421.1,424.3,428.1,431.8,434.8,437.0,434.6,431.5,428.0,424.3,421.0,425.7,427.2,428.8,429.6,429.1,427.6,426.0,425.2,158.1,154.5,153.1,154.7,158.3,162.0,163.3,161.7,157.3,156.9,156.8,156.8,157.1,157.6,158.5,160.0,160.8,161.1,160.5,159.2,159.4,160.1,159.5,158.0,156.4,155.7,156.3,157.9,160.5,156.9,155.7,157.6,161.4,165.0,166.2,164.5,161.0,159.8,159.2,159.2,160.0,160.9,162.3,163.4,163.9,163.8,163.3,162.4,162.4,163.2,162.7,161.1,159.5,158.7,159.2,160.7,-63.4,-61.2,-56.8,-52.8,-51.4,-53.4,-58.1,-62.1,-70.2,-66.6,-62.2,-57.4,-52.9,-49.8,-47.7,-50.2,-53.9,-58.3,-62.8,-66.9,-59.6,-57.9,-56.0,-55.0,-55.6,-57.3,-59.2,-60.2,0.4,2.6,7.2,11.3,12.7,10.5,6.0,1.5,-3.9,-1.0,2.8,7.4,11.9,15.5,18.3,15.3,11.5,7.3,2.8,-1.2,4.5,6.3,8.2,9.2,8.6,6.8,4.9,3.9,-76.8,-80.6,-82.2,-80.6,-76.7,-72.7,-71.3,-72.9,-78.1,-78.2,-78.0,-77.9,-77.8,-77.5,-76.9,-74.9,-73.8,-73.4,-74.1,-75.7,-75.5,-74.8,-75.5,-77.1,-78.8,-79.5,-78.8,-77.2,-79.1,-83.4,-84.9,-82.7,-78.1,-73.8,-72.4,-74.3,-78.8,-79.9,-80.5,-80.4,-79.7,-78.8,-77.5,-75.9,-75.0,-75.0,-75.7,-76.8,-77.0,-76.0,-76.7,-78.5,-80.5,-81.4,-80.8,-79.0,638.7,637.2,637.0,638.2,640.1,642.1,641.8,640.6,642.4,639.4,637.2,636.5,637.8,640.3,643.2,641.5,639.6,638.8,639.2,640.6,640.7,641.2,641.1,640.5,639.7,639.2,639.2,639.9,682.7,682.6,682.7,683.0,683.3,683.4,683.3,683.3,684.6,682.7,681.2,680.8,682.1,684.5,687.5,684.9,682.6,681.3,681.5,683.0,683.9,684.0,684.0,684.0,683.8,683.7,683.7,683.7,-27.6,-31.3,613.9,0.189,-0.07,0.068,0.0,0.0,2.27,0.0,0.29,0.34,0.0,1.47,0.5,1.02,0.26,0.98,0.11,0.11,0.0,0.01
0.116089,0.381196,-0.917177,0.038462,0.344462,-0.938012,0.083,0.373,365.8,367.7,371.6,375.2,376.5,374.8,370.7,367.1,360.3,363.3,367.0,371.3,375.2,378.1,380.0,377.7,374.4,370.5,366.6,363.1,369.3,370.9,372.5,373.3,372.8,371.3,369.6,368.8,422.2,424.0,427.7,431.2,432.3,430.5,426.8,423.1,418.5,420.9,424.0,427.8,431.5,434.5,436.7,434.4,431.3,427.8,424.1,420.8,425.6,427.0,428.6,429.4,428.9,427.4,425.8,425.1,158.0,154.5,153.1,154.7,158.3,162.0,163.3,161.7,157.1,156.8,156.8,156.8,157.1,157.6,158.4,159.9,160.6,160.8,160.3,159.0,159.4,160.1,159.5,158.0,156.4,155.7,156.3,157.8,160.5,157.0,155.7,157.6,161.4,164.9,166.1,164.5,161.1,159.9,159.2,159.2,159.9,160.9,162.3,163.4,163.9,163.8,163.3,162.6,162.4,163.2,162.6,161.1,159.5,158.7,159.2,160.7,-64.1,-61.8,-57.4,-53.4,-52.1,-54.2,-58.9,-62.9,-70.8,-67.1,-62.6,-57.7,-53.4,-50.3,-48.3,-50.8,-54.4,-58.8,-63.3,-67.4,-60.4,-58.6,-56.7,-55.7,-56.3,-58.0,-59.9,-60.9,0.3,2.4,6.9,11.1,12.5,10.4,5.9,1.3,-4.2,-1.4,2.4,7.1,11.6,15.2,18.0,15.0,11.2,7.0,2.5,-1.5,4.3,6.1,8.1,9.0,8.4,6.6,4.7,3.7,-77.6,-81.5,-83.0,-81.4,-77.5,-73.4,-72.0,-73.7,-79.0,-79.0,-78.8,-78.7,-78.6,-78.3,-77.7,-75.9,-74.7,-74.4,-75.1,-76.7,-76.3,-75.6,-76.2,-77.9,-79.6,-80.3,-79.6,-78.0,-79.4,-83.6,-85.1,-83.0,-78.4,-74.1,-72.6,-74.5,-78.8,-80.1,-80.7,-80.7,-80.0,-79.1,-77.8,-76.1,-75.3,-75.2,-75.8,-76.9,-77.2,-76.3,-76.9,-78.8,-80.7,-81.7,-81.0,-79.2,645.1,643.7,643.6,644.9,646.9,648.8,648.4,647.1,648.4,645.6,643.6,643.1,644.6,647.2,650.1,648.3,646.2,645.1,645.4,646.7,647.3,647.8,647.8,647.2,646.3,645.8,645.8,646.4,684.8,684.7,684.9,685.2,685.5,685.5,685.4,685.3,686.8,684.9,683.4,682.9,684.2,686.7,689.6,687.0,684.7,683.4,683.6,685.2,686.0,686.1,686.2,686.1,686.0,685.9,685.8,685.8,-27.6,-31.3,614.2,0.19,-0.067,0.067,0.0,0.0,2.27,0.0,0.25,0.42,0.0,1.49,0.47,0.95,0.28,1.02,0.08,0.05,0.0,0.01
0.126486,0.363692,-0.922892,0.042077,0.341558,-0.938918,0.09,0.362,366.5,368.3,372.1,375.6,376.9,375.3,371.3,367.8,361.0,363.9,367.5,371.7,375.6,378.4,380.3,378.0,374.8,371.0,367.2,363.7,369.9,371.4,373.1,373.8,373.3,371.8,370.1,369.4,422.5,424.3,428.1,431.6,432.7,430.9,427.1,423.4,418.8,421.2,424.3,428.2,431.9,435.0,437.2,434.8,431.6,428.1,424.4,421.1,425.9,427.4,429.0,429.8,429.3,427.8,426.2,425.4,157.3,153.6,152.2,153.8,157.5,161.3,162.5,160.9,156.8,156.2,156.0,155.9,156.3,157.0,158.0,159.3,160.0,160.1,159.6,158.5,158.7,159.4,158.8,157.2,155.7,155.0,155.6,157.1,159.9,156.3,155.1,156.9,160.8,164.4,165.6,163.9,160.3,159.2,158.6,158.6,159.3,160.2,161.5,162.7,163.3,163.3,162.7,161.8,161.7,162.6,162.0,160.5,158.8,158.0,158.5,160.1,-64.3,-62.1,-57.8,-53.8,-52.4,-54.4,-59.0,-63.0,-71.1,-67.4,-63.0,-58.1,-53.7,-50.7,-48.8,-51.2,-54.8,-59.1,-63.6,-67.7,-60.6,-58.8,-56.9,-56.0,-56.6,-58.3,-60.2,-61.1,0.6,2.8,7.3,11.5,12.9,10.7,6.2,1.6,-3.9,-1.0,2.8,7.4,11.9,15.6,18.3,15.4,11.6,7.3,2.9,-1.1,4.6,6.4,8.4,9.3,8.7,6.9,5.0,4.0,-79.7,-83.7,-85.4,-83.7,-79.6,-75.3,-73.8,-75.6,-80.6,-80.9,-80.9,-81.0,-80.8,-80.3,-79.4,-77.6,-76.6,-76.3,-76.9,-78.4,-78.2,-77.5,-78.2,-79.9,-81.7,-82.4,-81.7,-80.0,-79.2,-83.5,-85.0,-82.8,-78.2,-74.0,-72.5,-74.5,-78.9,-80.1,-80.6,-80.5,-79.8,-79.0,-77.9,-76.1,-75.2,-75.1,-75.8,-77.0,-77.1,-76.2,-76.8,-78.7,-80.6,-81.6,-80.9,-79.1,654.8,653.8,654.0,655.2,656.8,658.2,657.6,656.4,658.2,655.5,653.5,653.1,654.6,657.2,660.0,658.1,655.8,654.8,655.1,656.4,656.9,657.4,657.5,657.0,656.4,655.8,655.8,656.2,677.2,676.9,677.1,677.5,678.0,678.2,678.1,678.0,679.2,677.3,675.7,675.3,676.6,679.2,682.2,679.6,677.3,676.0,676.2,677.7,678.5,678.7,678.7,678.6,678.4,678.2,678.2,678.3,-27.3,-31.8,614.4,0.184,-0.068,0.067,0.0,0.0,2.35,0.0,0.23,0.57,0.0,1.49,0.42,0.78,0.32,1.1,0.1,0.02,0.0,0.07
0.134972,0.364457,-0.921387,0.040273,0.347892,-0.936669,0.094,0.366,366.7,368.5,372.1,375.6,376.8,375.2,371.3,367.9,360.9,363.9,367.6,371.8,375.5,378.2,379.9,377.8,374.8,371.0,367.2,363.7,369.9,371.4,373.0,373.7,373.2,371.8,370.2,369.4,422.7,424.5,428.2,431.7,432.8,430.9,427.2,423.5,418.9,421.4,424.6,428.5,432.1,435.0,437.0,434.8,431.8,428.3,424.6,421.2,425.9,427.4,429.0,429.8,429.3,427.9,426.3,425.5,156.7,153.2,151.7,153.2,156.8,160.6,161.8,160.3,156.3,155.8,155.6,155.5,155.7,156.3,157.2,158.5,159.2,159.4,159.0,158.0,158.1,158.7,158.1,156.6,155.1,154.4,155.0,156.5,159.3,155.8,154.6,156.4,160.3,163.8,165.0,163.4,159.7,158.6,158.0,158.1,158.8,159.7,161.0,162.2,162.7,162.7,162.1,161.2,161.2,162.0,161.5,160.0,158.3,157.5,158.0,159.6,-65.1,-63.0,-58.7,-54.8,-53.5,-55.5,-60.0,-63.9,-72.3,-68.5,-64.0,-59.1,-54.8,-51.9,-50.1,-52.4,-55.8,-60.1,-64.5,-68.8,-61.5,-59.9,-58.0,-57.1,-57.6,-59.3,-61.1,-62.1,0.8,3.0,7.5,11.7,13.1,10.8,6.3,1.8,-3.7,-0.7,3.1,7.8,12.2,15.7,18.3,15.5,11.8,7.6,3.1,-0.9,4.8,6.6,8.5,9.5,8.9,7.1,5.2,4.2,-81.6,-85.7,-87.4,-85.8,-81.8,-77.6,-76.0,-77.6,-82.5,-82.7,-82.8,-82.9,-82.8,-82.5,-81.8,-80.0,-78.9,-78.5,-79.0,-80.3,-80.3,-79.6,-80.4,-82.1,-83.8,-84.5,-83.7,-82.0,-80.5,-84.8,-86.3,-84.1,-79.6,-75.3,-73.8,-75.8,-80.4,-81.4,-81.9,-81.9,-81.2,-80.4,-79.2,-77.5,-76.6,-76.4,-77.1,-78.3,-78.5,-77.5,-78.2,-80.0,-82.0,-82.9,-82.3,-80.4,665.7,664.8,665.2,666.7,668.4,669.7,668.9,667.4,668.8,666.2,664.6,664.3,666.2,668.9,671.9,669.8,667.3,666.0,666.0,667.1,668.0,668.6,668.8,668.4,667.7,667.1,666.9,667.3,682.7,682.6,682.9,683.5,684.1,684.2,683.9,683.5,684.5,682.7,681.4,681.2,682.7,685.4,688.5,685.8,683.3,681.8,681.8,683.1,684.2,684.5,684.6,684.5,684.3,684.0,683.9,684.0,-27.3,-32.2,613.8,0.183,-0.067,0.067,0.0,0.0,2.37,0.0,0.24,0.71,0.0,1.55,0.38,0.73,0.32,1.21,0.1,0.0,0.0,0.17
0.122947,0.36245,-0.923858,0.035575,0.345544,-0.937728,0.085,0.363,366.7,368.5,372.2,375.7,376.8,375.2,371.4,367.9,361.2,364.1,367.8,372.0,375.7,378.3,380.0,378.0,374.9,371.2,367.4,363.9,370.0,371.5,373.0,373.8,373.3,371.8,370.3,369.5,422.7,424.5,428.3,431.8,432.9,431.0,427.3,423.5,419.0,421.4,424.6,428.5,432.2,435.2,437.3,435.0,431.9,428.4,424.6,421.3,426.0,427.5,429.1,429.9,429.4,428.0,426.3,425.5,156.7,153.2,151.8,153.3,156.9,160.6,161.8,160.3,156.3,155.8,155.6,155.5,155.8,156.4,157.3,158.6,159.3,159.5,159.1,158.0,158.1,158.7,158.1,156.6,155.1,154.4,155.0,156.5,159.3,155.8,154.6,156.5,160.3,163.9,165.1,163.4,159.7,158.6,158.0,158.1,158.8,159.8,161.1,162.3,162.7,162.7,162.1,161.2,161.2,162.1,161.5,160.0,158.3,157.5,158.0,159.6,-65.2,-63.1,-58.7,-54.8,-53.5,-55.6,-60.1,-64.0,-72.2,-68.4,-63.9,-59.0,-54.7,-51.8,-50.0,-52.3,-55.7,-60.0,-64.5,-68.7,-61.6,-59.9,-58.1,-57.1,-57.7,-59.4,-61.2,-62.1,0.8,3.0,7.6,11.7,13.1,10.8,6.3,1.8,-3.6,-0.7,3.2,7.8,12.2,15.9,18.6,15.6,11.9,7.6,3.2,-0.9,4.8,6.6,8.6,9.5,9.0,7.2,5.2,4.2,-81.8,-85.9,-87.6,-86.0,-82.0,-77.7,-76.2,-77.8,-82.7,-82.9,-82.9,-83.1,-83.0,-82.6,-81.9,-80.1,-79.0,-78.6,-79.1,-80.5,-80.5,-79.8,-80.5,-82.3,-84.0,-84.7,-83.9,-82.2,-80.0,-84.3,-85.7,-83.5,-78.9,-74.7,-73.2,-75.2,-79.8,-80.9,-81.4,-81.3,-80.6,-79.7,-78.5,-76.8,-75.9,-75.9,-76.6,-77.8,-77.9,-76.9,-77.6,-79.4,-81.4,-82.3,-81.7,-79.9,667.4,666.4,666.7,668.2,669.9,671.3,670.5,669.1,670.4,667.8,666.2,665.9,667.7,670.5,673.4,671.4,669.0,667.7,667.7,668.8,669.6,670.2,670.4,670.0,669.2,668.6,668.5,668.9,678.4,678.2,678.3,678.7,679.2,679.4,679.2,679.1,680.3,678.4,676.9,676.5,677.9,680.4,683.5,680.8,678.5,677.1,677.3,678.7,679.6,679.8,679.9,679.8,679.6,679.4,679.4,679.5,-27.2,-32.2,614.2,0.183,-0.066,0.067,0.0,0.0,2.39,0.0,0.24,0.65,0.0,1.5,0.36,0.69,0.33,1.23,0.12,0.0,0.0,0.3
0.108138,0.365201,-0.924627,0.045769,0.334541,-0.941269,0.082,0.359,366.3,368.1,371.8,375.2,376.4,374.9,371.0,367.5,361.2,364.0,367.6,371.6,375.3,378.0,379.8,377.7,374.6,370.9,367.2,363.8,369.6,371.1,372.7,373.4,372.9,371.4,369.9,369.1,422.5,424.3,428.1,431.6,432.8,430.9,427.1,423.3,418.7,421.1,424.4,428.3,432.0,434.9,437.1,434.7,431.6,428.1,424.4,421.0,425.8,427.3,429.0,429.8,429.3,427.8,426.1,425.3,156.6,153.0,151.7,153.3,156.9,160.6,161.8,160.2,156.2,155.6,155.4,155.3,155.6,156.2,157.2,158.6,159.2,159.4,158.9,157.8,158.0,158.7,158.1,156.6,155.1,154.4,155.0,156.5,159.0,155.4,154.2,156.1,160.0,163.6,164.8,163.1,159.4,158.3,157.6,157.7,158.5,159.5,161.0,162.0,162.4,162.3,161.7,160.9,161.0,161.8,161.3,159.7,158.0,157.2,157.7,159.3,-66.8,-64.6,-60.2,-56.2,-54.8,-56.8,-61.4,-65.5,-73.3,-69.6,-65.2,-60.3,-56.0,-52.9,-51.0,-53.4,-56.9,-61.3,-65.8,-70.0,-63.0,-61.3,-59.4,-58.4,-59.0,-60.7,-62.6,-63.6,0.6,2.8,7.3,11.5,12.9,10.6,6.1,1.6,-4.0,-1.0,2.8,7.5,11.9,15.5,18.1,15.2,11.5,7.3,2.8,-1.2,4.6,6.4,8.4,9.3,8.7,6.9,5.0,4.0,-83.3,-87.4,-89.1,-87.3,-83.2,-78.8,-77.4,-79.1,-84.1,-84.5,-84.5,-84.6,-84.4,-84.0,-83.1,-81.3,-80.2,-79.9,-80.5,-81.9,-81.8,-81.0,-81.7,-83.5,-85.3,-86.0,-85.3,-83.6,-80.1,-84.4,-85.9,-83.6,-79.0,-74.7,-73.2,-75.2,-79.7,-81.0,-81.6,-81.5,-80.7,-79.7,-78.3,-76.8,-76.0,-76.0,-76.7,-77.8,-77.9,-76.9,-77.5,-79.4,-81.4,-82.4,-81.7,-79.9,677.9,677.0,677.1,678.3,679.8,681.1,680.5,679.4,681.0,678.4,676.6,676.1,677.7,680.3,683.1,681.1,678.8,677.7,677.9,679.2,679.9,680.4,680.4,680.0,679.4,678.9,678.8,679.2,675.3,675.4,675.8,676.2,676.3,676.2,675.8,675.7,677.1,675.4,674.0,673.7,675.1,677.6,680.6,677.8,675.4,673.9,674.1,675.5,676.5,676.7,676.8,676.9,676.8,676.7,676.5,676.4,-27.4,-32.3,613.9,0.177,-0.067,0.066,0.0,0.0,2.34,0.0,0.2,0.47,0.0,1.53,0.38,0.69,0.35,1.22,0.12,0.0,0.02,0.38
0.109806,0.369705,-0.922638,0.038797,0.340225,-0.939543,0.08,0.364,366.2,368.0,371.9,375.4,376.6,375.0,370.9,367.4,360.9,363.8,367.5,371.7,375.6,378.4,380.3,378.0,374.8,370.9,367.1,363.6,369.6,371.1,372.8,373.5,373.0,371.5,369.9,369.1,422.2,424.1,427.9,431.4,432.6,430.7,426.9,423.1,418.6,421.0,424.2,428.1,431.9,435.0,437.2,434.8,431.6,428.0,424.2,420.9,425.7,427.2,428.8,429.6,429.1,427.6,426.0,425.2,156.3,152.7,151.4,153.1,156.8,160.5,161.7,160.0,155.7,155.3,155.2,155.2,155.6,156.2,157.2,158.5,159.1,159.3,158.7,157.5,157.8,158.5,157.9,156.4,154.9,154.1,154.7,156.2,158.9,155.3,154.1,156.0,159.8,163.5,164.7,163.0,159.3,158.2,157.6,157.6,158.4,159.3,160.6,161.8,162.3,162.2,161.6,160.8,160.8,161.6,161.1,159.5,157.9,157.0,157.6,159.1,-64.8,-62.5,-58.1,-54.0,-52.7,-54.8,-59.5,-63.5,-71.2,-67.5,-63.1,-58.2,-53.8,-50.7,-48.7,-51.2,-54.8,-59.2,-63.7,-67.9,-60.9,-59.2,-57.3,-56.4,-56.9,-58.6,-60.5,-61.5,0.3,2.5,7.0,11.2,12.6,10.4,5.9,1.4,-4.1,-1.2,2.6,7.2,11.7,15.4,18.2,15.2,11.4,7.1,2.6,-1.3,4.4,6.2,8.1,9.1,8.5,6.7,4.7,3.8,-80.9,-84.9,-86.4,-84.6,-80.5,-76.3,-74.9,-76.7,-81.9,-82.1,-82.0,-81.9,-81.7,-81.2,-80.4,-78.6,-77.7,-77.4,-78.1,-79.6,-79.3,-78.6,-79.2,-80.9,-82.7,-83.5,-82.8,-81.1,-79.7,-84.0,-85.4,-83.2,-78.7,-74.4,-73.0,-74.9,-79.5,-80.6,-81.1,-81.0,-80.3,-79.5,-78.3,-76.6,-75.7,-75.6,-76.4,-77.5,-77.6,-76.6,-77.3,-79.1,-81.1,-82.0,-81.4,-79.6,655.5,654.4,654.4,655.5,657.1,658.6,658.2,657.1,658.8,656.0,654.1,653.6,655.1,657.7,660.5,658.6,656.4,655.3,655.6,657.0,657.5,657.9,657.9,657.5,656.8,656.3,656.3,656.8,671.6,671.3,671.2,671.5,671.9,672.3,672.3,672.3,673.6,671.6,670.0,669.4,670.7,673.1,676.1,673.5,671.3,670.1,670.4,672.0,672.7,672.9,672.8,672.7,672.5,672.4,672.4,672.5,-27.3,-32.1,610.0,0.182,-0.07,0.066,0.0,0.0,2.32,0.0,0.2,0.47,0.0,1.49,0.39,0.76,0.27,1.21,0.08,0.0,0.13,0.58
0.127202,0.383083,-0.914914,0.048304,0.343604,-0.937871,0.094,0.374,366.1,367.8,371.6,375.3,376.7,375.3,371.2,367.5,361.1,363.7,367.0,371.1,375.1,378.3,380.5,378.1,374.6,370.6,366.8,363.6,369.7,371.3,373.0,373.7,373.1,371.5,369.9,369.1,422.3,424.2,427.9,431.4,432.6,430.7,426.9,423.2,418.6,420.9,424.1,427.9,431.7,434.9,437.3,434.7,431.4,427.8,424.0,420.8,425.7,427.2,428.9,429.7,429.2,427.7,426.0,425.2,156.3,152.6,151.1,152.8,156.6,160.6,161.8,160.1,155.9,155.3,155.0,154.9,155.3,156.0,157.1,158.2,158.7,158.8,158.4,157.4,157.9,158.6,158.0,156.4,154.8,154.1,154.7,156.3,158.8,155.2,154.0,155.9,159.8,163.3,164.5,162.8,159.1,158.1,157.6,157.6,158.3,159.2,160.4,161.6,162.2,162.1,161.5,160.6,160.6,161.5,161.0,159.4,157.8,156.9,157.4,159.0,-65.1,-63.0,-58.6,-54.3,-52.7,-54.5,-59.2,-63.5,-71.3,-68.0,-63.8,-59.0,-54.4,-50.9,-48.4,-51.2,-55.1,-59.7,-64.2,-68.2,-60.9,-59.1,-57.2,-56.3,-57.0,-58.8,-60.7,-61.6,0.3,2.6,7.1,11.2,12.6,10.4,5.9,1.4,-4.1,-1.3,2.5,7.0,11.6,15.4,18.4,15.2,11.2,6.9,2.4,-1.4,4.4,6.2,8.2,9.1,8.6,6.8,4.8,3.8,-81.1,-85.3,-87.0,-85.1,-80.7,-76.2,-74.8,-76.8,-82.0,-82.4,-82.4,-82.4,-82.1,-81.5,-80.5,-78.9,-78.2,-78.0,-78.7,-80.0,-79.4,-78.6,-79.3,-81.1,-82.9,-83.8,-83.1,-81.2,-80.1,-84.3,-85.6,-83.4,-78.9,-74.7,-73.3,-75.4,-80.0,-80.9,-81.3,-81.1,-80.4,-79.7,-78.6,-76.9,-76.0,-75.9,-76.7,-78.0,-78.0,-77.0,-77.6,-79.4,-81.4,-82.3,-81.7,-79.9,657.6,656.7,656.3,656.7,657.6,658.8,658.9,658.5,661.8,658.7,656.3,655.1,655.8,657.7,660.0,658.3,656.5,656.1,657.2,659.3,658.8,659.0,658.8,658.4,658.0,657.9,658.1,658.5,673.1,672.5,672.2,672.4,673.0,673.6,673.9,674.0,675.5,673.3,671.4,670.6,671.7,674.0,676.9,674.5,672.5,671.5,672.0,673.8,674.2,674.2,674.1,673.9,673.6,673.5,673.6,673.9,-27.2,-32.0,608.0,0.186,-0.076,0.067,0.0,0.0,2.35,0.0,0.2,0.61,0.0,1.61,0.38,0.8,0.12,1.28,0.1,0.0,0.31,0.82
0.100706,0.375135,-0.921484,0.056168,0.339845,-0.938803,0.084,0.367,365.5,367.4,371.3,375.1,376.5,374.9,370.7,366.9,360.6,363.3,367.0,371.2,375.4,378.5,380.6,378.1,374.6,370.6,366.6,363.2,369.3,370.9,372.6,373.3,372.8,371.1,369.5,368.7,422.4,424.3,428.2,431.7,432.9,431.0,427.2,423.3,418.6,421.1,424.3,428.2,432.0,435.2,437.5,435.0,431.7,428.0,424.2,420.9,425.9,427.4,429.1,429.9,429.4,427.9,426.2,425.4,156.2,152.5,151.1,152.8,156.7,160.5,161.7,160.0,155.5,155.1,155.0,155.0,155.4,156.1,157.1,158.5,159.1,159.2,158.6,157.4,157.7,158.4,157.8,156.3,154.7,153.9,154.5,156.1,158.7,155.0,153.8,155.7,159.7,163.3,164.5,162.8,159.0,158.0,157.5,157.5,158.3,159.2,160.5,161.6,162.1,162.0,161.4,160.5,160.6,161.5,160.9,159.4,157.6,156.8,157.3,158.9,-63.4,-61.2,-56.7,-52.6,-51.1,-53.0,-57.8,-62.0,-69.4,-65.9,-61.6,-56.8,-52.2,-48.9,-46.7,-49.4,-53.2,-57.7,-62.2,-66.2,-59.4,-57.6,-55.7,-54.7,-55.3,-57.1,-59.0,-60.0,0.5,2.8,7.3,11.5,12.9,10.6,6.1,1.6,-4.0,-1.1,2.7,7.3,11.8,15.5,18.4,15.3,11.4,7.1,2.6,-1.3,4.6,6.4,8.4,9.4,8.8,6.9,5.0,4.0,-78.4,-82.4,-83.9,-82.0,-77.9,-73.8,-72.5,-74.3,-79.6,-79.8,-79.5,-79.4,-79.1,-78.6,-77.8,-76.1,-75.1,-74.9,-75.7,-77.3,-76.9,-76.1,-76.7,-78.4,-80.2,-81.0,-80.3,-78.7,-79.3,-83.5,-85.0,-82.7,-78.1,-73.9,-72.5,-74.5,-79.1,-80.1,-80.5,-80.4,-79.6,-78.8,-77.7,-76.0,-75.3,-75.2,-76.0,-77.2,-77.1,-76.1,-76.8,-78.6,-80.6,-81.6,-81.0,-79.1,634.7,633.3,632.8,633.5,635.0,636.8,636.9,636.2,638.5,635.4,633.1,632.1,633.2,635.5,638.1,636.5,634.7,634.0,634.7,636.5,636.2,636.5,636.3,635.7,635.1,634.8,635.0,635.6,665.4,665.1,665.1,665.3,665.7,666.0,666.1,666.1,667.7,665.6,664.0,663.3,664.5,666.9,669.8,667.2,665.0,663.9,664.3,666.0,666.5,666.7,666.6,666.5,666.3,666.2,666.3,666.4,-27.0,-31.8,605.5,0.186,-0.08,0.067,0.0,0.0,2.37,0.0,0.25,0.79,0.0,1.61,0.37,0.91,0.0,1.38,0.09,0.0,0.55,1.04
0.110559,0.375909,-0.920038,0.06776,0.329413,-0.941752,0.095,0.362,365.4,367.2,371.2,375.0,376.5,374.9,370.7,366.8,360.4,363.1,366.7,371.0,375.2,378.4,380.6,378.1,374.5,370.4,366.4,363.0,369.2,370.8,372.5,373.3,372.7,371.0,369.3,368.6,422.7,424.6,428.4,431.9,433.0,431.1,427.3,423.5,418.8,421.2,424.5,428.4,432.1,435.2,437.4,435.0,431.8,428.2,424.4,421.1,426.1,427.6,429.2,430.1,429.6,428.1,426.4,425.6,156.1,152.4,151.0,152.7,156.6,160.6,161.8,160.0,155.6,155.0,154.9,154.9,155.3,156.0,157.1,158.5,159.1,159.2,158.6,157.4,157.7,158.5,157.9,156.3,154.6,153.9,154.5,156.1,158.3,154.7,153.6,155.5,159.5,163.1,164.2,162.5,158.8,157.7,157.1,157.2,158.0,159.0,160.5,161.6,162.0,161.9,161.2,160.4,160.4,161.2,160.7,159.1,157.4,156.6,157.1,158.7,-63.0,-60.8,-56.3,-52.1,-50.6,-52.5,-57.3,-61.5,-68.9,-65.5,-61.3,-56.5,-51.9,-48.5,-46.2,-48.9,-52.8,-57.3,-61.8,-65.8,-58.9,-57.1,-55.1,-54.2,-54.9,-56.7,-58.6,-59.5,0.8,3.1,7.6,11.8,13.1,10.8,6.3,1.8,-3.8,-0.9,2.9,7.5,12.0,15.7,18.4,15.4,11.6,7.3,2.9,-1.1,4.8,6.6,8.6,9.6,9.0,7.2,5.2,4.3,-77.7,-81.7,-83.2,-81.3,-77.1,-72.9,-71.6,-73.5,-78.8,-79.0,-78.8,-78.8,-78.4,-77.9,-77.0,-75.2,-74.3,-74.1,-74.9,-76.5,-76.1,-75.3,-75.9,-77.6,-79.4,-80.2,-79.6,-77.9,-80.1,-84.3,-85.8,-83.5,-78.9,-74.6,-73.2,-75.2,-79.8,-80.9,-81.4,-81.3,-80.5,-79.5,-78.1,-76.5,-75.8,-75.8,-76.6,-77.8,-77.8,-76.9,-77.5,-79.3,-81.3,-82.3,-81.7,-79.8,628.5,627.1,626.6,627.1,628.5,630.2,630.4,629.8,632.4,629.3,626.9,625.8,626.8,628.9,631.3,629.8,628.1,627.5,628.4,630.3,629.9,630.1,629.9,629.3,628.7,628.5,628.7,629.3,669.0,669.0,669.2,669.6,669.8,669.8,669.5,669.5,671.0,669.1,667.6,667.2,668.5,670.9,673.9,671.2,668.9,667.6,667.8,669.4,670.2,670.3,670.4,670.4,670.3,670.2,670.1,670.1,-27.0,-31.8,604.7,0.183,-0.087,0.067,0.0,0.0,2.46,0.0,0.2,0.64,0.0,1.69,0.32,0.83,0.0,1.34,0.07,0.0,0.74,1.08
0.105855,0.372387,-0.922021,0.072294,0.340612,-0.93742,0.096,0.366,365.3,367.1,371.1,374.9,376.4,374.8,370.6,366.8,360.4,363.2,366.8,371.0,375.2,378.4,380.6,378.1,374.5,370.4,366.5,363.0,369.1,370.8,372.4,373.2,372.6,371.0,369.3,368.5,422.7,424.6,428.4,431.9,433.0,431.1,427.3,423.5,418.7,421.2,424.4,428.4,432.1,435.1,437.3,434.9,431.7,428.2,424.4,421.0,426.0,427.6,429.2,430.0,429.5,428.0,426.4,425.5,155.6,152.0,150.6,152.3,156.1,159.9,161.1,159.4,154.9,154.5,154.4,154.4,154.8,155.4,156.4,157.9,158.6,158.8,158.2,156.9,157.1,157.9,157.3,155.7,154.1,153.4,154.0,155.5,157.9,154.3,153.1,155.0,158.9,162.5,163.7,162.0,158.2,157.1,156.6,156.7,157.4,158.4,159.7,160.9,161.4,161.3,160.7,159.7,159.9,160.7,160.2,158.6,156.9,156.1,156.6,158.2,-63.2,-61.1,-56.6,-52.4,-50.9,-52.8,-57.5,-61.7,-69.1,-65.7,-61.4,-56.6,-52.0,-48.7,-46.4,-49.1,-53.0,-57.5,-61.9,-66.0,-59.1,-57.3,-55.4,-54.5,-55.1,-56.9,-58.8,-59.7,0.8,3.0,7.6,11.7,13.1,10.8,6.3,1.8,-3.9,-1.0,2.9,7.5,11.9,15.6,18.3,15.3,11.5,7.3,2.8,-1.2,4.8,6.6,8.6,9.5,8.9,7.1,5.2,4.2,-78.5,-82.4,-83.8,-82.0,-78.0,-73.9,-72.6,-74.4,-79.8,-79.9,-79.6,-79.5,-79.2,-78.8,-78.0,-76.2,-75.1,-74.9,-75.6,-77.3,-77.0,-76.2,-76.8,-78.5,-80.2,-81.0,-80.4,-78.7,-80.6,-84.9,-86.3,-84.1,-79.6,-75.3,-73.8,-75.8,-80.6,-81.6,-82.0,-81.9,-81.1,-80.3,-79.1,-77.4,-76.6,-76.5,-77.2,-78.5,-78.5,-77.5,-78.2,-80.0,-82.0,-82.9,-82.3,-80.5,630.3,628.7,628.0,628.7,630.3,632.3,632.6,631.9,634.0,630.9,628.5,627.5,628.6,630.8,633.4,631.9,630.2,629.6,630.4,632.1,631.8,632.1,631.8,631.1,630.4,630.2,630.4,631.1,669.2,669.0,669.2,669.7,670.2,670.4,670.2,670.0,671.2,669.3,667.8,667.4,668.8,671.4,674.4,671.8,669.4,668.1,668.2,669.7,670.5,670.8,670.9,670.8,670.6,670.3,670.2,670.3,-26.9,-32.1,603.4,0.18,-0.092,0.066,0.0,0.0,2.48,0.0,0.2,0.49,0.0,1.66,0.27,0.77,0.0,1.23,0.02,0.0,0.86,1.07
0.110921,0.371892,-0.921625,0.064832,0.335195,-0.939915,0.094,0.363,365.3,367.1,371.1,374.9,376.3,374.8,370.6,366.8,360.4,363.1,366.7,371.0,375.1,378.3,380.5,378.0,374.4,370.4,366.4,363.0,369.1,370.7,372.4,373.2,372.6,370.9,369.3,368.5,422.5,424.4,428.3,431.8,433.0,431.1,427.2,423.4,418.7,421.1,424.4,428.3,432.1,435.2,437.5,435.0,431.8,428.1,424.3,420.9,425.9,427.5,429.2,430.0,429.5,427.9,426.3,425.5,155.6,152.0,150.6,152.3,156.1,159.9,161.1,159.4,154.9,154.5,154.4,154.4,154.8,155.4,156.4,157.9,158.6,158.8,158.2,156.9,157.1,157.9,157.3,155.7,154.1,153.4,154.0,155.5,157.8,154.2,153.0,154.9,158.9,162.5,163.7,162.0,158.2,157.1,156.6,156.7,157.5,158.5,159.8,160.9,161.3,161.2,160.6,159.7,159.8,160.7,160.1,158.6,156.9,156.0,156.5,158.1,-63.3,-61.2,-56.7,-52.5,-51.0,-52.8,-57.6,-61.8,-69.2,-65.8,-61.6,-56.7,-52.2,-48.8,-46.5,-49.2,-53.1,-57.6,-62.1,-66.1,-59.2,-57.4,-55.5,-54.6,-55.2,-57.0,-58.9,-59.8,0.6,2.9,7.4,11.6,12.9,10.7,6.1,1.6,-4.0,-1.0,2.8,7.4,11.9,15.6,18.3,15.3,11.5,7.2,2.7,-1.2,4.7,6.5,8.4,9.4,8.8,7.0,5.0,4.1,-78.6,-82.4,-83.9,-82.1,-78.1,-74.0,-72.7,-74.5,-79.9,-80.0,-79.7,-79.6,-79.3,-78.9,-78.1,-76.3,-75.2,-75.0,-75.7,-77.4,-77.1,-76.3,-76.9,-78.6,-80.3,-81.1,-80.5,-78.8,-80.2,-84.5,-85.9,-83.7,-79.1,-74.8,-73.4,-75.4,-80.0,-81.0,-81.5,-81.4,-80.6,-79.7,-78.5,-76.8,-76.1,-76.1,-76.8,-78.0,-78.0,-77.0,-77.7,-79.5,-81.5,-82.5,-81.9,-80.0,631.0,629.5,628.8,629.5,631.1,633.1,633.3,632.6,634.8,631.7,629.3,628.3,629.3,631.5,634.1,632.6,630.9,630.4,631.2,632.9,632.5,632.8,632.6,631.9,631.2,630.9,631.2,631.9,665.0,664.9,665.0,665.3,665.7,665.8,665.7,665.7,667.2,665.2,663.6,663.1,664.4,666.8,669.8,667.2,664.9,663.7,663.9,665.5,666.2,666.4,666.4,666.3,666.2,666.1,666.0,666.1,-26.9,-32.0,602.7,0.18,-0.093,0.065,0.0,0.0,2.54,0.0,0.16,0.44,0.0,1.66,0.24,0.67,0.0,1.18,0.02,0.0,0.92,1.09
0.100617,0.366967,-0.924776,0.062791,0.331054,-0.94152,0.087,0.358,365.8,367.5,371.4,375.1,376.4,374.9,370.8,367.1,360.9,363.7,367.3,371.6,375.6,378.5,380.5,378.2,374.8,370.8,367.0,363.5,369.4,371.0,372.6,373.3,372.8,371.2,369.5,368.8,422.3,424.2,428.0,431.6,432.7,430.8,427.0,423.2,418.6,421.0,424.1,428.0,431.8,435.0,437.3,434.8,431.5,427.9,424.1,420.8,425.8,427.3,428.9,429.7,429.2,427.7,426.1,425.3,155.4,151.8,150.4,152.1,155.8,159.6,160.8,159.1,154.9,154.3,154.2,154.1,154.5,155.2,156.2,157.6,158.3,158.5,157.9,156.7,156.9,157.6,157.0,155.5,153.9,153.2,153.8,155.3,157.5,153.9,152.7,154.6,158.6,162.2,163.4,161.7,158.0,156.8,156.2,156.3,157.1,158.1,159.6,160.6,161.0,160.9,160.3,159.5,159.5,160.4,159.8,158.3,156.6,155.8,156.3,157.8,-64.5,-62.3,-57.9,-53.7,-52.3,-54.1,-58.9,-63.0,-70.3,-66.8,-62.5,-57.6,-53.1,-49.9,-47.8,-50.4,-54.1,-58.6,-63.1,-67.2,-60.4,-58.7,-56.8,-55.9,-56.5,-58.2,-60.1,-61.1,0.4,2.6,7.2,11.3,12.7,10.5,5.9,1.4,-4.1,-1.2,2.5,7.1,11.6,15.4,18.2,15.2,11.3,6.9,2.5,-1.4,4.5,6.3,8.2,9.2,8.6,6.8,4.8,3.9,-80.9,-84.9,-86.4,-84.6,-80.5,-76.4,-75.0,-76.8,-82.0,-82.2,-82.1,-82.1,-81.8,-81.3,-80.4,-78.6,-77.6,-77.3,-78.0,-79.6,-79.4,-78.6,-79.3,-81.0,-82.7,-83.5,-82.8,-81.1,-81.2,-85.5,-86.9,-84.6,-80.0,-75.7,-74.3,-76.3,-80.9,-82.0,-82.6,-82.4,-81.6,-80.6,-79.2,-77.7,-77.0,-77.0,-77.8,-78.9,-78.9,-78.0,-78.6,-80.4,-82.4,-83.4,-82.8,-80.9,647.5,646.2,645.8,646.5,648.1,649.8,649.8,649.0,651.0,648.1,645.8,645.0,646.3,648.7,651.4,649.7,647.8,647.0,647.6,649.2,649.1,649.5,649.3,648.7,648.1,647.7,647.9,648.5,670.0,669.9,670.0,670.1,670.2,670.3,670.3,670.4,672.2,670.2,668.6,667.9,669.0,671.3,674.1,671.6,669.4,668.3,668.7,670.4,671.0,671.0,671.1,671.0,671.0,670.9,670.9,670.9,-26.8,-32.4,604.0,0.178,-0.094,0.065,0.0,0.0,2.55,0.0,0.15,0.48,0.0,1.59,0.24,0.68,0.0,1.17,0.07,0.0,0.91,1.11
0.098875,0.370667,-0.923488,0.051001,0.336611,-0.940262,0.08,0.363,365.6,367.4,371.2,374.9,376.3,374.8,370.7,367.0,360.9,363.6,367.2,371.4,375.4,378.4,380.4,378.1,374.7,370.7,366.9,363.5,369.3,370.8,372.5,373.2,372.6,371.1,369.4,368.7,422.2,424.1,427.9,431.4,432.6,430.7,426.9,423.0,418.5,420.9,424.1,428.0,431.8,435.0,437.4,434.8,431.5,427.8,424.1,420.8,425.6,427.2,428.8,429.6,429.1,427.6,425.9,425.1,155.3,151.7,150.4,152.0,155.8,159.6,160.7,159.1,154.9,154.3,154.2,154.1,154.5,155.1,156.1,157.5,158.2,158.4,157.8,156.7,156.8,157.6,157.0,155.4,153.8,153.1,153.7,155.3,157.5,153.9,152.7,154.7,158.6,162.2,163.4,161.7,158.0,156.8,156.2,156.3,157.1,158.1,159.5,160.6,161.0,160.9,160.3,159.4,159.5,160.4,159.8,158.3,156.6,155.7,156.2,157.8,-64.9,-62.7,-58.3,-54.1,-52.6,-54.5,-59.3,-63.5,-70.7,-67.2,-62.9,-58.0,-53.5,-50.3,-48.1,-50.7,-54.5,-59.0,-63.4,-67.5,-60.9,-59.1,-57.2,-56.3,-56.9,-58.7,-60.6,-61.5,0.2,2.4,7.0,11.1,12.5,10.3,5.7,1.2,-4.1,-1.3,2.5,7.1,11.6,15.4,18.3,15.1,11.2,6.9,2.4,-1.4,4.3,6.1,8.1,9.0,8.4,6.6,4.7,3.7,-81.3,-85.3,-86.9,-85.0,-80.9,-76.8,-75.4,-77.2,-82.3,-82.6,-82.5,-82.4,-82.2,-81.8,-80.9,-79.1,-78.1,-77.8,-78.5,-80.0,-79.8,-79.0,-79.7,-81.4,-83.1,-83.9,-83.3,-81.6,-80.8,-85.1,-86.5,-84.2,-79.6,-75.3,-73.9,-76.0,-80.6,-81.7,-82.2,-82.0,-81.2,-80.3,-79.0,-77.4,-76.7,-76.7,-77.4,-78.6,-78.6,-77.6,-78.2,-80.1,-82.0,-83.0,-82.4,-80.6,650.6,649.3,648.8,649.6,651.1,652.8,652.8,652.1,654.1,651.1,648.9,648.1,649.4,651.7,654.4,652.7,650.8,650.0,650.6,652.2,652.2,652.5,652.3,651.8,651.1,650.8,651.0,651.6,667.1,666.9,666.7,666.8,667.0,667.3,667.4,667.7,669.4,667.3,665.5,664.8,665.8,668.1,670.9,668.5,666.3,665.3,665.8,667.6,668.1,668.1,668.0,667.9,667.8,667.8,667.8,668.0,-26.8,-32.4,603.1,0.179,-0.094,0.065,0.0,0.0,2.61,0.0,0.13,0.57,0.0,1.58,0.25,0.66,0.0,1.15,0.09,0.0,0.83,1.0
0.139383,0.370599,-0.918275,0.061338,0.334073,-0.940549,0.108,0.362,366.1,367.8,371.7,375.3,376.7,375.2,371.1,367.4,360.8,363.5,367.1,371.3,375.3,378.3,380.4,378.0,374.6,370.7,366.8,363.4,369.6,371.2,372.8,373.6,373.0,371.4,369.8,369.1,422.5,424.4,428.2,431.8,432.9,431.0,427.1,423.3,418.7,421.1,424.4,428.3,432.1,435.1,437.4,434.9,431.7,428.1,424.3,420.9,425.9,427.4,429.1,429.9,429.4,427.9,426.2,425.4,154.4,150.8,149.3,151.0,154.7,158.6,159.8,158.2,153.9,153.4,153.2,153.1,153.5,154.1,155.1,156.4,157.0,157.2,156.7,155.6,155.9,156.6,156.0,154.4,152.8,152.2,152.8,154.3,156.6,152.9,151.8,153.7,157.6,161.2,162.4,160.7,156.9,155.8,155.2,155.3,156.1,157.2,158.5,159.6,160.1,159.9,159.3,158.4,158.5,159.4,158.9,157.3,155.6,154.8,155.3,156.8,-64.5,-62.3,-57.9,-53.8,-52.3,-54.2,-58.9,-63.0,-71.0,-67.5,-63.1,-58.3,-53.8,-50.5,-48.2,-50.8,-54.6,-59.1,-63.6,-67.7,-60.5,-58.7,-56.8,-55.9,-56.5,-58.3,-60.2,-61.1,0.6,2.8,7.4,11.5,12.9,10.6,6.1,1.6,-4.0,-1.0,2.8,7.4,11.9,15.6,18.3,15.3,11.5,7.2,2.7,-1.2,4.6,6.4,8.4,9.3,8.8,7.0,5.0,4.0,-82.5,-86.6,-88.2,-86.4,-82.3,-78.0,-76.6,-78.4,-83.6,-83.8,-83.7,-83.7,-83.5,-83.0,-82.2,-80.4,-79.5,-79.3,-79.9,-81.4,-81.0,-80.2,-80.9,-82.7,-84.4,-85.2,-84.5,-82.8,-82.1,-86.3,-87.7,-85.5,-80.9,-76.6,-75.2,-77.2,-81.9,-83.0,-83.4,-83.3,-82.5,-81.5,-80.3,-78.6,-77.9,-77.9,-78.7,-79.9,-79.9,-78.9,-79.5,-81.3,-83.3,-84.3,-83.7,-81.8,651.3,650.2,650.0,650.8,652.2,653.8,653.6,652.7,655.1,652.2,649.9,649.1,650.3,652.6,655.2,653.4,651.4,650.7,651.3,653.0,653.0,653.4,653.3,652.8,652.2,651.8,651.9,652.4,667.7,667.5,667.6,667.9,668.3,668.4,668.3,668.3,669.8,667.8,666.3,665.7,667.0,669.4,672.4,669.8,667.5,666.2,666.5,668.1,668.9,669.0,669.0,669.0,668.8,668.7,668.6,668.7,-26.8,-33.4,603.9,0.172,-0.092,0.064,0.0,0.0,2.53,0.0,0.14,0.58,0.0,1.56,0.24,0.53,0.0,1.04,0.1,0.0,0.7,0.83
0.139288,0.364196,-0.920848,0.072555,0.324337,-0.943155,0.113,0.354,365.5,367.3,371.1,374.8,376.2,374.7,370.6,366.9,360.3,363.1,366.6,370.7,374.7,377.8,380.0,377.6,374.2,370.2,366.4,363.0,369.1,370.7,372.4,373.1,372.5,370.9,369.3,368.5,422.3,424.2,428.1,431.6,432.8,430.9,427.0,423.2,418.4,420.8,424.0,428.0,431.8,435.0,437.4,434.8,431.5,427.9,424.0,420.7,425.8,427.3,429.0,429.8,429.3,427.8,426.1,425.3,153.4,149.7,148.3,149.9,153.7,157.6,158.9,157.2,152.9,152.4,152.2,152.1,152.4,153.0,154.0,155.3,155.9,156.1,155.6,154.6,154.9,155.6,155.0,153.4,151.8,151.1,151.7,153.3,155.3,151.7,150.5,152.4,156.3,160.0,161.2,159.5,155.8,154.6,154.0,154.1,154.9,156.0,157.4,158.4,158.7,158.5,157.9,157.2,157.3,158.2,157.6,156.1,154.4,153.6,154.1,155.6,-65.1,-63.0,-58.5,-54.3,-52.9,-54.7,-59.4,-63.6,-71.5,-68.0,-63.7,-58.9,-54.4,-51.0,-48.7,-51.3,-55.1,-59.6,-64.1,-68.2,-61.1,-59.3,-57.4,-56.5,-57.1,-58.9,-60.8,-61.7,0.4,2.6,7.1,11.3,12.7,10.5,5.9,1.4,-4.2,-1.4,2.4,7.0,11.5,15.4,18.3,15.1,11.2,6.9,2.4,-1.5,4.5,6.3,8.2,9.2,8.6,6.8,4.8,3.9,-83.7,-87.8,-89.4,-87.6,-83.4,-79.1,-77.6,-79.5,-84.8,-85.0,-84.9,-84.9,-84.7,-84.2,-83.5,-81.7,-80.8,-80.5,-81.1,-82.6,-82.1,-81.3,-82.0,-83.8,-85.6,-86.4,-85.7,-83.9,-83.1,-87.4,-88.9,-86.6,-82.0,-77.7,-76.3,-78.3,-82.9,-84.0,-84.5,-84.4,-83.6,-82.6,-81.2,-79.7,-79.1,-79.2,-79.9,-81.0,-80.9,-79.9,-80.6,-82.4,-84.4,-85.4,-84.7,-82.9,651.4,650.3,650.1,650.9,652.2,653.6,653.5,652.7,655.2,652.3,650.1,649.2,650.3,652.5,655.0,653.2,651.3,650.5,651.2,653.0,653.0,653.4,653.3,652.8,652.2,651.9,652.0,652.5,665.0,665.0,665.0,665.1,665.1,665.1,665.0,665.3,667.3,665.3,663.6,662.9,663.9,666.2,669.0,666.3,664.2,663.1,663.6,665.4,665.9,665.9,665.9,665.9,665.9,665.9,665.8,665.8,-26.7,-34.5,601.5,0.153,-0.1,0.058,0.0,0.0,2.52,0.0,0.16,0.64,0.0,1.59,0.23,0.38,0.0,1.03,0.05,0.0,0.58,0.7
0.130791,0.365606,-0.921535,0.074851,0.327681,-0.941819,0.11,0.356,365.7,367.5,371.3,375.0,376.3,374.7,370.6,367.0,360.4,363.3,367.0,371.1,375.0,377.9,380.0,377.7,374.4,370.5,366.7,363.2,369.2,370.8,372.4,373.2,372.6,371.0,369.4,368.6,422.4,424.3,428.1,431.6,432.8,430.9,427.1,423.3,418.5,420.9,424.1,428.0,431.8,434.9,437.3,434.8,431.5,427.9,424.1,420.8,425.8,427.3,429.0,429.8,429.3,427.8,426.1,425.3,153.3,149.6,148.2,149.9,153.7,157.6,158.8,157.1,152.9,152.4,152.2,152.1,152.4,153.0,153.9,155.3,155.8,156.0,155.6,154.5,154.9,155.6,155.0,153.4,151.8,151.1,151.7,153.3,155.3,151.7,150.5,152.4,156.3,159.9,161.1,159.5,155.7,154.6,154.0,154.0,154.8,155.9,157.4,158.3,158.6,158.5,157.9,157.1,157.3,158.1,157.6,156.0,154.3,153.5,154.0,155.6,-65.2,-63.1,-58.6,-54.5,-53.0,-55.0,-59.7,-63.8,-71.6,-68.0,-63.6,-58.8,-54.4,-51.1,-49.0,-51.5,-55.1,-59.5,-64.0,-68.2,-61.3,-59.5,-57.6,-56.7,-57.3,-59.1,-61.0,-61.9,0.5,2.7,7.2,11.4,12.8,10.6,6.0,1.5,-4.2,-1.3,2.5,7.1,11.6,15.4,18.2,15.2,11.3,7.0,2.5,-1.5,4.5,6.3,8.3,9.3,8.7,6.9,4.9,3.9,-84.1,-88.3,-90.0,-88.1,-83.9,-79.5,-78.0,-79.9,-85.0,-85.3,-85.3,-85.3,-85.2,-84.8,-84.0,-82.2,-81.3,-81.0,-81.5,-82.9,-82.5,-81.7,-82.5,-84.3,-86.1,-86.9,-86.1,-84.3,-83.8,-88.1,-89.6,-87.3,-82.7,-78.4,-76.9,-79.0,-83.6,-84.7,-85.3,-85.1,-84.3,-83.3,-81.9,-80.4,-79.8,-79.8,-80.6,-81.7,-81.6,-80.6,-81.2,-83.1,-85.1,-86.1,-85.5,-83.6,654.2,653.3,653.4,654.4,655.7,656.9,656.5,655.5,657.5,654.8,652.9,652.4,653.7,656.1,658.8,656.8,654.6,653.6,654.0,655.5,656.0,656.4,656.5,656.1,655.5,655.1,655.1,655.5,670.1,670.1,670.3,670.4,670.5,670.4,670.3,670.4,672.3,670.4,668.7,668.1,669.2,671.5,674.3,671.7,669.5,668.3,668.7,670.5,671.1,671.1,671.2,671.2,671.2,671.1,671.1,671.1,-26.7,-34.6,602.3,0.158,-0.099,0.058,0.0,0.0,2.44,0.01,0.15,0.66,0.0,1.56,0.21,0.38,0.0,1.0,0.03,0.0,0.65,0.64
0.146338,0.363161,-0.920163,0.049689,0.318844,-0.946504,0.105,0.35,366.0,367.8,371.6,375.3,376.7,375.2,371.1,367.4,360.8,363.6,367.2,371.2,375.2,378.2,380.3,378.0,374.7,370.8,367.0,363.5,369.6,371.2,372.8,373.6,373.0,371.4,369.8,369.0,422.0,423.9,427.7,431.2,432.3,430.4,426.6,422.9,418.4,420.9,424.1,427.9,431.7,434.7,437.0,434.5,431.3,427.7,424.0,420.7,425.4,426.9,428.6,429.4,428.9,427.4,425.8,424.9,153.4,149.7,148.2,149.8,153.6,157.5,158.8,157.1,153.0,152.4,152.2,152.1,152.3,152.9,153.8,155.2,155.8,156.0,155.6,154.6,154.9,155.6,154.9,153.4,151.7,151.0,151.7,153.3,155.0,151.5,150.3,152.2,156.1,159.7,160.9,159.2,155.4,154.4,153.9,154.0,154.8,155.9,157.3,158.2,158.5,158.3,157.6,156.8,157.1,157.9,157.4,155.8,154.2,153.3,153.8,155.4,-65.0,-62.9,-58.5,-54.3,-52.8,-54.6,-59.3,-63.5,-71.4,-67.9,-63.6,-58.8,-54.4,-51.0,-48.7,-51.3,-55.0,-59.4,-64.0,-68.1,-61.0,-59.2,-57.3,-56.4,-57.0,-58.9,-60.8,-61.7,0.0,2.3,6.8,11.0,12.4,10.1,5.5,1.0,-4.3,-1.3,2.5,7.1,11.5,15.3,18.1,15.0,11.1,6.8,2.4,-1.6,4.1,5.9,7.9,8.9,8.3,6.5,4.5,3.5,-84.4,-88.6,-90.2,-88.5,-84.3,-79.9,-78.4,-80.2,-85.3,-85.6,-85.5,-85.6,-85.5,-85.1,-84.4,-82.6,-81.6,-81.2,-81.8,-83.2,-82.9,-82.1,-82.8,-84.6,-86.4,-87.2,-86.5,-84.7,-84.8,-89.1,-90.5,-88.2,-83.6,-79.3,-77.9,-79.9,-84.7,-85.6,-86.1,-85.9,-85.0,-84.0,-82.7,-81.2,-80.7,-80.8,-81.6,-82.7,-82.5,-81.5,-82.1,-84.0,-86.0,-87.0,-86.4,-84.5,656.7,655.7,655.6,656.4,657.8,659.2,658.9,658.0,660.3,657.5,655.4,654.6,655.8,658.1,660.6,658.8,656.8,655.9,656.5,658.2,658.4,658.8,658.7,658.3,657.7,657.4,657.4,657.8,675.6,675.6,675.7,675.7,675.7,675.7,675.6,675.8,677.6,675.7,674.1,673.6,674.7,677.0,679.8,677.1,674.9,673.7,674.1,675.8,676.5,676.5,676.5,676.5,676.5,676.5,676.5,676.5,-26.8,-35.3,604.8,0.149,-0.099,0.058,0.0,0.0,2.5,0.05,0.12,0.71,0.0,1.59,0.2,0.48,0.0,1.0,0.0,0.0,0.75,0.6
0.137397,0.363445,-0.921428,0.056812,0.322184,-0.944971,0.104,0.352,365.9,367.6,371.5,375.2,376.6,375.1,371.0,367.2,360.7,363.6,367.2,371.3,375.2,378.2,380.3,378.0,374.7,370.8,366.9,363.4,369.5,371.0,372.7,373.5,372.9,371.3,369.6,368.9,422.2,424.1,427.9,431.4,432.6,430.7,426.9,423.1,418.6,421.1,424.3,428.1,431.8,434.9,437.2,434.7,431.5,427.9,424.2,420.8,425.6,427.2,428.8,429.6,429.1,427.6,426.0,425.1,153.4,149.7,148.3,149.9,153.6,157.6,158.8,157.2,153.0,152.5,152.3,152.1,152.4,152.9,153.8,155.2,156.0,156.2,155.8,154.7,154.9,155.6,155.0,153.4,151.8,151.1,151.7,153.3,155.1,151.5,150.3,152.2,156.1,159.7,160.9,159.3,155.4,154.4,153.9,154.0,154.8,155.9,157.3,158.2,158.4,158.2,157.6,156.8,157.1,158.0,157.4,155.9,154.2,153.4,153.9,155.4,-64.7,-62.6,-58.1,-53.9,-52.5,-54.3,-59.1,-63.3,-71.0,-67.4,-63.1,-58.3,-53.9,-50.6,-48.4,-50.9,-54.6,-59.0,-63.5,-67.7,-60.7,-58.9,-57.0,-56.1,-56.7,-58.5,-60.4,-61.4,0.3,2.5,7.1,11.3,12.6,10.4,5.8,1.3,-4.1,-1.1,2.7,7.3,11.8,15.5,18.3,15.2,11.4,7.1,2.6,-1.4,4.4,6.2,8.2,9.1,8.5,6.7,4.7,3.8,-83.7,-87.8,-89.5,-87.7,-83.6,-79.2,-77.7,-79.5,-84.6,-84.8,-84.8,-84.9,-84.8,-84.4,-83.8,-81.9,-80.8,-80.4,-81.0,-82.4,-82.2,-81.4,-82.1,-83.9,-85.7,-86.5,-85.7,-84.0,-84.8,-89.1,-90.6,-88.3,-83.6,-79.3,-77.9,-79.9,-84.8,-85.7,-86.1,-85.9,-85.1,-84.1,-82.8,-81.3,-80.8,-80.9,-81.7,-82.8,-82.5,-81.5,-82.2,-84.0,-86.1,-87.1,-86.4,-84.5,651.4,650.3,650.2,651.2,652.7,654.2,653.9,652.9,654.7,652.0,650.0,649.4,650.7,653.0,655.7,653.9,651.8,650.8,651.3,652.8,653.2,653.7,653.6,653.1,652.5,652.1,652.1,652.6,676.2,676.4,676.6,676.7,676.6,676.4,676.2,676.4,678.2,676.4,674.9,674.4,675.6,677.9,680.7,677.9,675.6,674.4,674.7,676.4,677.2,677.2,677.3,677.3,677.4,677.4,677.3,677.2,-26.7,-35.3,604.8,0.148,-0.101,0.058,0.07,0.0,2.36,0.05,0.08,0.63,0.01,1.57,0.16,0.44,0.0,0.72,0.11,0.0,0.86,0.45
0.193705,0.377911,-0.905352,0.011242,0.306503,-0.951803,0.11,0.353,366.3,368.1,372.0,375.7,377.0,375.4,371.4,367.7,360.3,363.4,367.1,371.2,375.1,377.9,379.9,377.7,374.6,370.7,366.8,363.2,369.7,371.4,373.1,373.9,373.3,371.6,369.9,369.1,420.8,422.6,426.2,429.5,430.7,428.9,425.3,421.7,417.7,420.1,423.2,426.8,430.3,433.1,435.2,433.0,430.1,426.8,423.2,419.9,424.1,425.5,427.1,427.9,427.4,425.9,424.3,423.6,155.0,151.1,149.4,151.0,154.9,159.0,160.4,158.9,154.8,154.1,153.7,153.3,153.3,153.7,154.5,156.3,157.3,157.8,157.4,156.5,156.5,157.2,156.5,154.8,153.0,152.3,153.0,154.8,155.9,152.5,151.3,153.1,156.8,160.1,161.3,159.8,156.4,155.6,155.1,155.2,156.0,157.1,158.4,158.9,158.9,158.6,158.0,157.5,157.8,158.6,158.1,156.7,155.1,154.3,154.8,156.3,-62.8,-60.8,-56.4,-52.4,-51.0,-52.9,-57.4,-61.5,-69.9,-66.2,-61.9,-57.2,-53.0,-50.0,-48.0,-50.2,-53.6,-57.9,-62.3,-66.4,-59.3,-57.4,-55.5,-54.6,-55.2,-57.0,-58.9,-59.9,-1.5,0.7,5.3,9.5,10.9,8.7,4.2,-0.4,-5.5,-2.4,1.5,6.1,10.4,14.0,16.8,13.9,10.2,6.0,1.4,-2.6,2.6,4.5,6.4,7.4,6.8,4.9,2.9,2.0,-80.2,-84.5,-86.4,-84.8,-80.7,-76.1,-74.4,-76.0,-80.6,-81.2,-81.4,-81.8,-82.1,-82.0,-81.4,-79.1,-77.6,-77.0,-77.4,-78.6,-78.7,-78.0,-78.9,-80.8,-82.7,-83.4,-82.5,-80.6,-88.4,-92.7,-94.2,-92.0,-87.3,-82.9,-81.4,-83.4,-87.9,-88.7,-89.2,-89.0,-88.1,-87.1,-85.7,-84.7,-84.4,-84.7,-85.4,-86.2,-85.9,-84.9,-85.6,-87.5,-89.5,-90.5,-89.9,-88.0,637.8,637.1,637.8,639.4,641.0,642.1,641.0,639.4,640.4,638.1,636.7,636.6,638.2,640.7,643.4,641.5,639.0,637.7,637.9,639.0,640.2,640.9,641.2,640.9,640.2,639.5,639.2,639.5,711.9,712.8,713.3,713.1,712.3,711.4,710.9,711.4,713.4,711.9,710.6,710.4,711.6,713.9,716.6,713.6,711.1,709.6,709.8,711.5,712.5,712.4,712.6,713.0,713.4,713.5,713.3,712.9,-27.2,-36.7,612.4,0.124,-0.097,0.051,0.14,0.0,2.24,0.04,0.02,0.47,0.01,1.49,0.1,0.29,0.0,0.44,0.11,0.0,0.87,0.29
0.187809,0.367635,-0.910809,0.027004,0.300453,-0.953414,0.115,0.344,366.2,368.1,372.0,375.8,377.1,375.5,371.3,367.6,360.1,363.4,367.2,371.4,375.3,378.1,380.0,377.9,374.7,370.8,366.8,363.1,369.6,371.3,373.1,373.9,373.3,371.6,369.8,369.0,421.2,423.0,426.7,430.2,431.3,429.5,425.8,422.1,417.8,420.3,423.6,427.4,430.8,433.6,435.6,433.5,430.6,427.3,423.6,420.1,424.5,426.0,427.6,428.4,427.9,426.4,424.8,424.0,153.8,149.8,148.1,149.6,153.5,157.6,159.2,157.6,153.5,152.8,152.5,152.1,152.0,152.3,153.1,155.0,156.2,156.7,156.3,155.2,155.2,155.9,155.1,153.4,151.6,150.9,151.7,153.5,154.3,150.8,149.7,151.6,155.4,158.8,159.9,158.3,154.6,153.8,153.4,153.7,154.5,155.6,157.0,157.5,157.5,157.1,156.5,155.8,156.4,157.2,156.7,155.2,153.6,152.7,153.2,154.7,-61.4,-59.3,-55.1,-51.1,-49.7,-51.7,-56.1,-60.1,-68.4,-64.6,-60.3,-55.6,-51.5,-48.6,-46.7,-48.9,-52.2,-56.4,-60.8,-65.0,-57.9,-56.1,-54.2,-53.3,-53.9,-55.7,-57.6,-58.5,-0.9,1.3,5.8,10.0,11.5,9.2,4.7,0.1,-5.2,-2.0,2.0,6.6,10.8,14.2,16.8,14.1,10.6,6.5,1.9,-2.3,3.1,4.9,6.9,7.9,7.2,5.4,3.4,2.4,-79.6,-83.8,-85.8,-84.4,-80.3,-75.9,-74.1,-75.5,-80.2,-80.6,-80.8,-81.3,-81.6,-81.6,-81.1,-78.7,-77.1,-76.4,-76.8,-78.1,-78.3,-77.6,-78.5,-80.5,-82.3,-82.9,-82.0,-80.1,-87.8,-92.2,-93.7,-91.4,-86.7,-82.3,-80.8,-82.8,-87.6,-88.4,-88.7,-88.4,-87.6,-86.6,-85.3,-84.2,-83.9,-84.1,-84.9,-85.8,-85.3,-84.3,-85.0,-86.9,-89.0,-90.0,-89.3,-87.4,622.5,621.7,622.4,624.2,626.0,627.3,626.1,624.4,624.8,622.6,621.3,621.3,623.1,625.8,628.7,626.7,624.2,622.8,622.8,623.6,625.1,625.9,626.2,625.8,625.0,624.2,623.9,624.3,691.9,692.9,693.8,693.9,693.3,692.2,691.4,691.4,693.1,691.8,690.8,690.9,692.4,694.9,697.9,694.7,691.9,690.1,690.0,691.4,692.8,692.9,693.3,693.7,694.0,694.0,693.6,693.1,-26.9,-38.0,610.9,0.109,-0.101,0.049,0.14,0.0,2.15,0.0,0.0,0.28,0.01,1.36,0.03,0.1,0.07,0.18,0.11,0.0,0.72,0.1
0.224254,0.322813,-0.919512,0.089951,0.246344,-0.964999,0.165,0.293,368.8,370.4,374.2,378.0,379.5,378.1,374.1,370.4,362.7,365.6,369.3,373.6,377.5,380.5,382.6,380.5,377.3,373.3,369.3,365.7,372.4,374.0,375.6,376.3,375.6,374.0,372.4,371.7,424.3,425.9,429.5,433.1,434.4,432.8,429.2,425.4,420.5,423.1,426.3,430.1,433.6,436.4,438.5,436.4,433.6,430.2,426.5,423.0,427.6,429.2,430.8,431.5,430.9,429.3,427.7,427.0,149.3,145.5,143.7,145.0,148.6,152.6,154.3,153.0,149.2,148.5,148.1,147.6,147.5,147.7,148.2,149.9,150.9,151.5,151.4,150.6,150.5,151.1,150.3,148.6,147.0,146.4,147.2,148.9,148.8,145.5,144.4,146.1,149.7,153.0,154.2,152.7,149.7,148.7,148.0,148.0,148.8,150.1,151.6,152.0,151.8,151.4,151.0,150.7,150.9,151.7,151.2,149.7,148.2,147.4,147.9,149.3,-60.1,-58.2,-54.0,-49.8,-48.2,-49.9,-54.4,-58.5,-67.4,-63.8,-59.4,-54.6,-50.2,-47.1,-44.9,-47.2,-50.6,-55.0,-59.5,-63.8,-56.3,-54.5,-52.7,-51.8,-52.5,-54.3,-56.2,-57.0,2.8,4.8,9.2,13.5,15.2,13.2,8.7,4.1,-1.8,1.3,5.3,9.8,14.1,17.6,20.2,17.6,14.1,10.0,5.4,1.2,6.9,8.7,10.7,11.6,10.8,9.0,7.0,6.1,-86.6,-90.8,-92.9,-91.7,-87.8,-83.4,-81.5,-82.7,-87.3,-87.6,-87.9,-88.3,-88.7,-88.9,-88.6,-86.5,-85.0,-84.2,-84.4,-85.4,-85.6,-85.1,-86.0,-87.8,-89.5,-90.1,-89.2,-87.3,-94.1,-98.4,-100.0,-97.8,-93.2,-88.9,-87.4,-89.2,-93.1,-94.2,-95.0,-95.0,-94.2,-93.0,-91.4,-90.6,-90.4,-90.7,-91.2,-91.7,-91.6,-90.7,-91.3,-93.2,-95.2,-96.2,-95.5,-93.6,638.5,637.5,637.8,639.3,641.1,642.6,641.9,640.4,641.8,639.2,637.4,637.0,638.5,641.0,643.8,641.8,639.6,638.4,638.7,640.0,640.9,641.5,641.7,641.2,640.4,639.7,639.6,640.1,688.8,690.7,692.0,691.9,690.5,688.6,687.3,687.5,689.9,688.8,688.1,688.2,689.6,691.9,694.6,691.2,688.4,686.7,686.6,688.0,689.5,689.4,690.0,690.8,691.4,691.5,690.9,690.1,-23.2,-41.9,604.2,0.05,-0.141,0.029,0.07,0.0,2.29,0.0,0.0,0.36,0.0,1.32,0.0,0.05,0.15,0.07,0.0,0.0,0.51,0.03
0.220235,0.329882,-0.917973,0.08823,0.258204,-0.962053,0.163,0.303,368.9,370.5,374.3,378.0,379.6,378.2,374.2,370.4,362.7,365.7,369.4,373.7,377.6,380.6,382.6,380.5,377.3,373.4,369.4,365.7,372.4,374.0,375.7,376.4,375.7,374.1,372.4,371.7,424.4,426.0,429.6,433.1,434.5,432.9,429.2,425.4,420.6,423.1,426.4,430.1,433.6,436.4,438.4,436.4,433.6,430.2,426.5,423.0,427.7,429.2,430.8,431.5,430.9,429.4,427.8,427.1,149.4,145.6,143.7,145.0,148.6,152.6,154.3,153.0,149.2,148.6,148.2,147.7,147.5,147.7,148.2,149.9,150.9,151.5,151.4,150.6,150.5,151.1,150.3,148.6,147.0,146.5,147.3,148.9,148.8,145.5,144.4,146.1,149.8,153.1,154.2,152.8,149.7,148.7,148.1,148.1,148.9,150.1,151.6,152.0,151.8,151.4,151.0,150.7,150.9,151.7,151.2,149.8,148.2,147.4,147.9,149.4,-60.0,-58.1,-53.8,-49.7,-48.1,-49.8,-54.3,-58.4,-67.3,-63.6,-59.3,-54.5,-50.1,-47.0,-44.9,-47.1,-50.6,-54.9,-59.4,-63.7,-56.2,-54.4,-52.6,-51.8,-52.4,-54.2,-56.1,-56.9,2.9,4.9,9.3,13.7,15.3,13.3,8.8,4.2,-1.7,1.4,5.4,9.9,14.2,17.7,20.3,17.7,14.2,10.0,5.5,1.3,7.0,8.8,10.8,11.7,11.0,9.1,7.1,6.2,-86.5,-90.7,-92.8,-91.6,-87.8,-83.4,-81.5,-82.7,-87.2,-87.5,-87.7,-88.2,-88.7,-88.8,-88.6,-86.5,-85.0,-84.2,-84.3,-85.4,-85.6,-85.1,-86.0,-87.8,-89.5,-90.0,-89.1,-87.3,-94.4,-98.7,-100.3,-98.1,-93.5,-89.2,-87.6,-89.4,-93.5,-94.5,-95.2,-95.2,-94.4,-93.3,-91.8,-90.9,-90.7,-90.9,-91.5,-92.0,-91.9,-91.0,-91.6,-93.5,-95.6,-96.5,-95.8,-93.9,638.4,637.2,637.5,639.1,641.1,642.7,641.9,640.3,641.5,639.0,637.2,636.8,638.4,641.0,643.8,641.9,639.6,638.4,638.6,639.9,640.8,641.5,641.6,641.1,640.3,639.6,639.4,639.9,691.3,693.1,694.4,694.4,693.1,691.3,690.0,690.1,692.4,691.3,690.5,690.7,692.1,694.5,697.2,693.9,691.0,689.3,689.2,690.5,692.0,692.0,692.6,693.4,694.0,694.0,693.4,692.6,-23.2,-42.2,605.6,0.061,-0.135,0.027,0.02,0.0,2.33,0.0,0.04,0.37,0.12,1.5,0.05,0.0,0.15,0.04,0.0,0.0,0.23,0.08
0.313307,0.276027,-0.908652,0.13208,0.230115,-0.964159,0.233,0.264,371.6,373.0,376.4,379.9,381.5,380.3,376.7,373.2,364.4,367.5,371.2,375.4,379.2,381.9,383.8,381.9,379.0,375.2,371.3,367.6,374.8,376.3,377.8,378.4,377.7,376.2,374.8,374.2,426.5,428.1,431.6,435.1,436.5,435.0,431.4,427.6,422.6,425.1,428.4,432.1,435.6,438.4,440.4,438.4,435.6,432.3,428.6,425.1,429.8,431.4,432.9,433.6,433.0,431.4,429.9,429.2,147.3,143.4,141.5,142.6,146.1,150.1,151.9,150.8,147.7,146.8,146.1,145.5,145.3,145.6,146.2,147.7,148.6,149.3,149.4,148.9,148.3,148.8,147.9,146.3,144.8,144.3,145.1,146.8,146.4,143.0,141.9,143.6,147.1,150.5,151.6,150.2,147.4,146.3,145.5,145.4,146.2,147.4,149.0,149.4,149.3,149.0,148.6,148.3,148.4,149.2,148.7,147.2,145.6,144.9,145.4,146.8,-57.9,-56.3,-52.5,-48.6,-46.9,-48.3,-52.4,-56.3,-66.5,-62.8,-58.3,-53.5,-49.3,-46.3,-44.4,-46.4,-49.6,-53.8,-58.3,-62.7,-54.4,-52.8,-51.1,-50.5,-51.2,-52.8,-54.5,-55.1,5.5,7.4,11.9,16.2,17.9,16.0,11.6,6.9,0.8,3.9,7.8,12.4,16.7,20.2,22.8,20.2,16.7,12.6,8.0,3.8,9.6,11.5,13.4,14.3,13.5,11.6,9.7,8.9,-90.5,-94.9,-97.3,-96.3,-92.5,-87.9,-85.7,-86.7,-90.5,-91.1,-91.7,-92.4,-92.9,-93.0,-92.7,-90.6,-89.2,-88.3,-88.2,-88.9,-89.7,-89.3,-90.3,-92.2,-93.8,-94.2,-93.2,-91.3,-97.7,-102.1,-103.7,-101.6,-97.0,-92.7,-91.1,-92.8,-96.6,-97.8,-98.7,-98.8,-98.0,-96.9,-95.3,-94.4,-94.1,-94.3,-94.7,-95.2,-95.3,-94.4,-95.1,-97.0,-99.0,-99.9,-99.2,-97.3,649.7,649.2,650.2,652.1,653.8,654.8,653.3,651.4,653.0,650.6,649.0,648.9,650.8,653.6,656.6,654.3,651.7,650.2,650.2,651.3,652.4,653.2,653.6,653.4,652.7,651.9,651.5,651.7,693.4,695.3,696.6,696.7,695.4,693.5,692.2,692.3,694.6,693.5,692.8,692.9,694.4,696.8,699.5,696.1,693.3,691.5,691.4,692.7,694.2,694.2,694.8,695.6,696.2,696.2,695.6,694.8,-20.4,-44.0,599.9,0.025,-0.179,0.009,0.02,0.0,2.31,0.0,0.09,0.4,0.33,1.59,0.12,0.0,0.08,0.0,0.0,0.0,0.22,0.64
0.295001,0.258155,-0.919962,0.150495,0.233424,-0.960658,0.233,0.256,373.2,374.4,377.8,381.5,383.2,382.2,378.5,374.9,366.6,369.6,373.4,377.4,381.2,384.0,385.9,384.1,381.2,377.5,373.5,369.8,376.6,378.1,379.6,380.1,379.4,377.8,376.4,375.8,429.3,430.8,434.2,437.6,438.9,437.4,434.0,430.3,425.3,427.8,431.0,434.6,437.9,440.5,442.3,440.5,437.9,434.8,431.2,427.7,432.4,433.9,435.4,436.0,435.5,434.0,432.5,431.8,143.5,139.5,137.6,138.9,142.6,146.8,148.4,147.1,144.4,143.4,142.6,141.9,141.8,142.2,142.9,144.2,144.9,145.4,145.6,145.3,144.8,145.3,144.5,142.8,141.2,140.7,141.5,143.2,142.5,139.1,137.8,139.5,143.2,146.6,147.8,146.4,143.0,142.1,141.4,141.4,142.1,143.1,144.3,145.0,145.2,145.0,144.6,144.2,144.4,145.1,144.6,143.1,141.5,140.8,141.3,142.8,-56.4,-55.0,-51.2,-47.0,-45.1,-46.3,-50.4,-54.5,-64.4,-60.6,-56.2,-51.5,-47.3,-44.2,-42.1,-44.1,-47.3,-51.5,-56.0,-60.5,-52.7,-51.0,-49.3,-48.7,-49.5,-51.3,-52.9,-53.5,9.2,11.1,15.5,19.8,21.5,19.5,15.2,10.5,4.1,7.3,11.4,16.0,20.2,23.5,26.0,23.5,20.2,16.1,11.5,7.2,13.2,15.1,17.0,17.8,17.1,15.2,13.3,12.5,-95.4,-100.0,-102.4,-101.2,-97.0,-92.2,-90.0,-91.3,-94.7,-95.6,-96.3,-97.1,-97.5,-97.5,-97.1,-95.2,-94.0,-93.1,-92.9,-93.4,-94.2,-93.7,-94.7,-96.7,-98.5,-99.0,-98.0,-96.0,-105.5,-110.0,-111.8,-109.8,-105.1,-100.6,-98.8,-100.5,-105.0,-106.1,-106.8,-106.9,-106.3,-105.5,-104.3,-102.9,-102.3,-102.2,-102.7,-103.4,-103.3,-102.4,-103.2,-105.2,-107.2,-108.1,-107.3,-105.3,653.3,653.5,654.7,656.2,657.1,657.2,655.6,654.2,656.2,654.0,652.7,652.7,654.5,657.3,660.0,657.5,654.7,653.1,653.1,654.2,655.6,656.2,656.7,656.8,656.4,655.8,655.3,655.2,714.1,715.3,716.7,717.5,717.1,715.9,714.5,713.9,715.3,714.1,713.5,713.9,715.8,718.6,721.7,718.3,715.2,713.2,712.7,713.7,715.6,715.9,716.5,717.1,717.2,716.9,716.3,715.8,-16.4,-44.7,580.5,0.0,-0.199,-0.011,0.05,0.0,2.24,0.02,0.18,0.33,0.5,1.53,0.19,0.0,0.0,0.0,0.0,0.0,0.32,1.2
0.302261,0.255065,-0.918466,0.161316,0.229493,-0.959849,0.242,0.252,372.4,373.8,377.4,381.1,382.8,381.6,377.7,374.0,365.7,368.7,372.5,376.7,380.7,383.6,385.6,383.6,380.5,376.6,372.6,368.8,375.9,377.4,379.0,379.6,378.9,377.3,375.7,375.2,429.1,430.6,434.1,437.6,439.1,437.6,434.1,430.3,425.0,427.6,430.9,434.7,438.0,440.7,442.6,440.7,438.1,434.8,431.1,427.6,432.4,433.9,435.5,436.1,435.5,433.9,432.4,431.7,143.8,139.9,137.9,139.1,142.7,146.9,148.6,147.5,144.2,143.5,142.9,142.3,142.0,142.2,142.7,144.2,145.2,145.8,145.9,145.4,144.9,145.4,144.6,142.9,141.3,140.9,141.7,143.4,142.5,139.0,137.7,139.5,143.2,146.7,148.0,146.5,143.2,142.1,141.5,141.4,142.1,143.2,144.5,145.2,145.3,145.1,144.7,144.3,144.5,145.3,144.7,143.2,141.5,140.8,141.3,142.9,-56.1,-54.4,-50.4,-46.3,-44.5,-46.0,-50.2,-54.3,-63.9,-60.3,-55.9,-51.0,-46.7,-43.6,-41.5,-43.6,-47.0,-51.3,-55.8,-60.2,-52.3,-50.6,-48.8,-48.2,-48.9,-50.6,-52.4,-53.1,8.7,10.5,14.9,19.2,21.0,19.1,14.8,10.1,3.7,6.8,10.9,15.4,19.6,22.9,25.4,23.0,19.7,15.6,11.1,6.8,12.7,14.6,16.5,17.3,16.5,14.6,12.7,11.9,-92.8,-97.1,-99.4,-98.4,-94.5,-90.0,-87.8,-88.9,-92.9,-93.3,-93.8,-94.4,-94.9,-95.1,-94.9,-92.9,-91.5,-90.6,-90.5,-91.2,-91.9,-91.5,-92.5,-94.3,-96.0,-96.4,-95.4,-93.6,-101.9,-106.5,-108.3,-106.2,-101.6,-97.0,-95.3,-97.0,-101.2,-102.4,-103.1,-103.3,-102.7,-101.8,-100.5,-99.3,-98.7,-98.6,-99.0,-99.7,-99.7,-98.8,-99.6,-101.6,-103.6,-104.5,-103.7,-101.7,638.3,637.5,638.2,639.7,641.4,642.6,641.5,639.9,641.7,639.2,637.5,637.1,638.8,641.4,644.3,642.1,639.6,638.3,638.5,639.8,640.7,641.4,641.6,641.3,640.6,639.9,639.7,640.0,689.9,691.4,693.0,693.6,693.0,691.5,690.0,689.4,690.9,689.9,689.4,689.9,691.7,694.5,697.5,694.1,691.0,688.9,688.4,689.4,691.3,691.6,692.3,693.0,693.2,692.9,692.3,691.6,-16.9,-45.3,584.1,-0.009,-0.196,-0.023,0.06,0.0,2.27,0.08,0.31,0.53,0.56,1.36,0.18,0.0,0.0,0.0,0.0,0.0,0.81,1.87
0.288416,0.264322,-0.920299,0.150447,0.252538,-0.955819,0.23,0.269,371.3,372.7,376.3,380.0,381.7,380.6,376.8,373.0,364.8,367.9,371.7,375.9,379.8,382.7,384.8,382.8,379.7,375.8,371.8,368.0,374.8,376.4,378.0,378.6,377.8,376.2,374.7,374.1,428.2,429.8,433.3,436.9,438.3,436.8,433.2,429.4,424.2,426.8,430.1,433.9,437.3,440.0,442.0,440.1,437.4,434.0,430.3,426.8,431.5,433.1,434.6,435.3,434.7,433.1,431.6,430.9,143.2,139.2,137.2,138.4,141.9,146.1,147.9,146.8,143.4,142.7,142.1,141.5,141.3,141.4,141.8,143.3,144.3,145.0,145.1,144.6,144.2,144.7,143.8,142.1,140.6,140.1,141.0,142.7,141.6,138.1,136.7,138.5,142.2,145.8,147.1,145.7,142.3,141.2,140.5,140.4,141.1,142.1,143.4,144.1,144.3,144.1,143.8,143.4,143.6,144.3,143.8,142.2,140.5,139.8,140.4,142.0,-57.4,-55.8,-51.8,-47.6,-45.8,-47.2,-51.5,-55.7,-65.1,-61.4,-56.9,-52.2,-47.9,-44.7,-42.6,-44.7,-48.0,-52.3,-56.9,-61.3,-53.6,-51.9,-50.1,-49.4,-50.2,-52.0,-53.7,-54.4,7.6,9.5,13.8,18.2,19.9,18.0,13.7,9.0,2.7,5.9,9.9,14.5,18.7,22.1,24.6,22.1,18.7,14.7,10.1,5.8,11.6,13.5,15.5,16.3,15.5,13.6,11.7,10.9,-93.8,-98.1,-100.5,-99.5,-95.7,-91.1,-88.9,-90.0,-94.1,-94.5,-94.9,-95.5,-96.0,-96.3,-96.2,-94.2,-92.7,-91.8,-91.7,-92.4,-93.0,-92.6,-93.6,-95.4,-97.1,-97.5,-96.5,-94.6,-102.8,-107.3,-109.1,-107.1,-102.5,-97.9,-96.1,-97.8,-102.2,-103.3,-104.1,-104.2,-103.7,-102.8,-101.6,-100.3,-99.7,-99.6,-100.0,-100.6,-100.6,-99.7,-100.5,-102.5,-104.5,-105.4,-104.6,-102.6,640.2,639.3,639.8,641.4,643.1,644.3,643.4,641.8,643.5,640.9,639.2,638.9,640.6,643.2,646.1,643.9,641.4,640.1,640.3,641.6,642.5,643.2,643.4,643.0,642.3,641.6,641.4,641.8,688.4,689.6,691.0,691.6,691.1,689.8,688.5,688.1,689.5,688.4,687.8,688.1,689.9,692.6,695.6,692.3,689.3,687.3,686.9,688.0,689.8,690.0,690.6,691.2,691.4,691.1,690.5,690.0,-17.3,-44.6,579.4,0.012,-0.195,-0.03,0.13,0.0,2.35,0.11,0.43,0.89,0.52,1.33,0.18,0.0,0.0,0.0,0.0,0.0,1.23,1.97
0.300966,0.255287,-0.91883,0.150167,0.257847,-0.954445,0.236,0.267,371.7,373.0,376.6,380.3,382.1,381.0,377.2,373.5,365.4,368.2,371.9,376.0,380.0,382.9,385.0,383.0,379.9,376.0,372.1,368.4,375.3,376.9,378.4,378.9,378.2,376.6,375.1,374.5,428.2,429.8,433.4,436.9,438.2,436.6,433.0,429.3,424.3,426.9,430.1,433.9,437.3,440.0,441.9,440.0,437.3,434.0,430.3,426.8,431.5,433.0,434.6,435.3,434.7,433.2,431.6,430.9,143.2,139.3,137.3,138.4,141.9,145.9,147.8,146.7,143.5,142.8,142.2,141.5,141.3,141.4,141.8,143.3,144.3,145.0,145.1,144.7,144.1,144.6,143.7,142.1,140.6,140.1,141.0,142.6,141.8,138.2,136.8,138.5,142.3,145.9,147.2,145.8,142.2,141.1,140.5,140.4,141.1,142.0,143.3,144.2,144.5,144.4,144.0,143.5,143.6,144.4,143.8,142.2,140.6,139.8,140.4,142.0,-57.7,-56.2,-52.1,-48.0,-46.1,-47.4,-51.7,-55.9,-65.4,-61.9,-57.5,-52.7,-48.3,-45.1,-42.9,-45.1,-48.5,-52.8,-57.4,-61.8,-53.9,-52.1,-50.4,-49.7,-50.5,-52.3,-54.0,-54.7,7.7,9.6,14.0,18.3,20.0,18.0,13.6,8.9,2.9,6.0,10.0,14.6,18.8,22.2,24.7,22.2,18.8,14.7,10.1,5.9,11.7,13.5,15.5,16.3,15.6,13.7,11.8,10.9,-95.2,-99.5,-101.9,-100.9,-97.0,-92.5,-90.3,-91.4,-95.3,-95.8,-96.2,-96.9,-97.4,-97.6,-97.5,-95.5,-94.0,-93.0,-92.9,-93.7,-94.4,-93.9,-95.0,-96.8,-98.5,-98.9,-97.9,-96.0,-103.4,-107.9,-109.7,-107.7,-103.1,-98.6,-96.8,-98.5,-103.0,-104.1,-104.8,-104.9,-104.4,-103.7,-102.6,-101.0,-100.2,-100.0,-100.4,-101.3,-101.3,-100.4,-101.2,-103.2,-105.2,-106.1,-105.3,-103.3,649.3,648.4,648.9,650.3,651.9,653.2,652.3,650.9,652.9,650.3,648.4,647.9,649.4,652.0,654.7,652.7,650.3,649.2,649.5,650.9,651.5,652.2,652.3,652.0,651.3,650.7,650.5,650.8,693.4,694.2,695.3,696.0,696.0,695.2,694.2,693.6,694.7,693.4,692.6,692.9,694.7,697.5,700.6,697.4,694.5,692.6,692.2,693.3,695.0,695.3,695.8,696.1,696.1,695.8,695.3,695.0,-17.3,-44.7,580.8,0.011,-0.195,-0.032,0.11,0.0,2.36,0.09,0.46,0.96,0.46,1.42,0.21,0.0,0.0,0.0,0.0,0.0,1.79,2.07
0.290752,0.25862,-0.921184,0.134101,0.258267,-0.956721,0.222,0.269,369.5,370.8,374.3,378.0,379.7,378.6,374.9,371.2,363.0,366.0,369.7,373.9,377.7,380.5,382.5,380.6,377.6,373.8,369.9,366.1,372.9,374.5,376.0,376.6,375.9,374.3,372.8,372.2,425.9,427.5,431.2,434.7,436.0,434.4,430.7,426.9,422.0,424.5,427.8,431.6,435.1,437.9,439.9,437.8,435.0,431.6,427.9,424.4,429.2,430.7,432.3,433.1,432.5,430.9,429.3,428.6,143.3,139.4,137.4,138.5,142.1,146.2,148.0,146.8,143.8,143.0,142.3,141.7,141.5,141.7,142.2,143.6,144.5,145.1,145.2,144.8,144.3,144.8,144.0,142.3,140.8,140.3,141.1,142.8,142.0,138.4,137.1,138.9,142.6,146.2,147.5,146.0,142.5,141.4,140.7,140.7,141.5,142.5,143.9,144.7,145.0,144.8,144.3,143.8,143.9,144.7,144.2,142.6,140.9,140.1,140.7,142.3,-60.5,-59.0,-55.0,-50.9,-49.1,-50.4,-54.6,-58.7,-68.4,-64.7,-60.3,-55.5,-51.2,-48.1,-46.0,-48.1,-51.4,-55.6,-60.2,-64.6,-56.8,-55.0,-53.3,-52.7,-53.4,-55.2,-56.9,-57.6,4.7,6.7,11.2,15.5,17.1,15.0,10.6,6.0,-0.0,3.1,7.0,11.6,15.9,19.4,22.0,19.3,15.8,11.6,7.1,2.9,8.7,10.6,12.6,13.5,12.8,10.9,8.9,8.0,-95.5,-99.9,-102.3,-101.2,-97.3,-92.7,-90.5,-91.6,-95.4,-95.9,-96.5,-97.2,-97.7,-97.8,-97.6,-95.6,-94.3,-93.4,-93.2,-93.9,-94.6,-94.1,-95.1,-97.1,-98.7,-99.2,-98.2,-96.3,-102.0,-106.5,-108.2,-106.2,-101.5,-97.0,-95.3,-97.1,-101.6,-102.7,-103.4,-103.4,-102.8,-101.9,-100.6,-99.1,-98.5,-98.4,-98.9,-99.8,-99.8,-98.9,-99.7,-101.6,-103.7,-104.6,-103.8,-101.9,652.1,651.6,652.3,653.8,655.3,656.3,655.2,653.6,655.5,653.0,651.4,651.2,652.9,655.5,658.4,656.1,653.6,652.2,652.3,653.6,654.5,655.2,655.5,655.2,654.6,653.9,653.6,653.9,686.1,687.0,688.0,688.5,688.1,687.2,686.3,686.0,687.6,686.2,685.3,685.4,687.0,689.5,692.5,689.4,686.6,684.8,684.7,685.9,687.4,687.6,688.0,688.4,688.6,688.4,687.9,687.5,-20.0,-44.1,581.4,0.029,-0.178,-0.025,0.08,0.0,2.29,0.12,0.38,0.96,0.4,1.41,0.24,0.0,0.0,0.0,0.0,0.0,1.98,1.86
0.276826,0.256134,-0.926155,0.14746,0.230792,-0.961764,0.221,0.252,369.8,371.0,374.5,378.1,379.7,378.6,375.0,371.4,363.4,366.5,370.3,374.3,378.0,380.7,382.6,380.8,378.0,374.3,370.4,366.6,373.1,374.6,376.1,376.6,375.9,374.4,372.9,372.4,426.0,427.6,431.2,434.7,436.1,434.5,430.8,427.1,422.1,424.6,427.9,431.7,435.1,437.9,439.9,437.8,435.1,431.7,428.0,424.5,429.3,430.8,432.4,433.1,432.5,431.0,429.4,428.7,143.0,139.1,137.2,138.4,142.0,146.1,147.9,146.6,143.8,142.8,142.0,141.3,141.2,141.5,142.1,143.5,144.3,144.9,145.1,144.8,144.2,144.7,143.9,142.2,140.7,140.2,141.0,142.7,141.9,138.4,137.1,138.8,142.6,146.2,147.4,146.0,142.5,141.4,140.7,140.7,141.4,142.4,143.9,144.7,144.9,144.7,144.3,143.8,143.9,144.7,144.1,142.5,140.9,140.1,140.7,142.2,-60.7,-59.2,-55.3,-51.3,-49.4,-50.7,-54.8,-58.9,-68.4,-64.6,-60.1,-55.3,-51.2,-48.3,-46.3,-48.2,-51.3,-55.4,-60.0,-64.5,-57.1,-55.3,-53.6,-53.0,-53.8,-55.5,-57.2,-57.8,4.9,6.9,11.3,15.6,17.2,15.2,10.8,6.2,0.1,3.2,7.1,11.7,16.0,19.5,22.0,19.4,15.9,11.8,7.3,3.1,8.9,10.8,12.7,13.6,12.9,11.0,9.0,8.2,-96.4,-101.0,-103.4,-102.2,-98.2,-93.4,-91.2,-92.4,-96.0,-96.8,-97.5,-98.3,-98.8,-98.9,-98.5,-96.5,-95.2,-94.3,-94.0,-94.5,-95.4,-94.9,-95.9,-97.9,-99.6,-100.1,-99.1,-97.1,-102.4,-106.9,-108.6,-106.6,-102.0,-97.5,-95.7,-97.5,-101.9,-103.0,-103.8,-103.8,-103.2,-102.3,-101.1,-99.6,-98.9,-98.8,-99.3,-100.1,-100.2,-99.3,-100.1,-102.1,-104.1,-105.0,-104.2,-102.3,656.7,656.6,657.7,659.3,660.5,661.0,659.5,657.9,659.4,657.3,656.0,656.1,658.1,660.9,663.9,661.3,658.5,656.8,656.6,657.6,659.1,659.8,660.2,660.2,659.7,659.0,658.5,658.6,688.4,689.4,690.5,691.0,690.7,689.7,688.6,688.2,689.7,688.4,687.6,687.8,689.5,692.2,695.2,692.0,689.1,687.2,687.0,688.1,689.7,690.0,690.5,690.9,691.0,690.8,690.3,689.9,-19.5,-43.6,578.1,0.012,-0.205,-0.016,0.02,0.0,2.18,0.23,0.3,0.67,0.3,1.41,0.23,0.01,0.0,0.0,0.0,0.0,1.66,1.42
0.26402,0.247672,-0.932176,0.121857,0.203954,-0.971367,0.2,0.233,367.3,368.7,372.2,375.9,377.4,376.2,372.5,368.9,361.2,364.1,367.7,371.8,375.5,378.3,380.3,378.3,375.4,371.7,367.8,364.2,370.7,372.2,373.8,374.4,373.7,372.1,370.6,370.0,423.8,425.4,429.0,432.5,433.8,432.2,428.6,424.8,419.9,422.4,425.6,429.4,432.9,435.7,437.7,435.6,432.8,429.5,425.8,422.3,427.0,428.5,430.1,430.8,430.3,428.7,427.2,426.4,143.3,139.5,137.6,138.8,142.4,146.5,148.1,146.9,143.6,142.9,142.3,141.7,141.6,141.9,142.6,144.0,144.9,145.4,145.4,144.8,144.5,145.0,144.2,142.6,141.0,140.5,141.3,142.9,141.9,138.3,137.1,138.8,142.6,146.1,147.3,145.9,142.6,141.5,140.8,140.7,141.4,142.5,143.9,144.6,144.8,144.7,144.2,143.8,143.8,144.6,144.0,142.5,140.9,140.1,140.6,142.2,-64.1,-62.4,-58.3,-54.2,-52.4,-53.9,-58.2,-62.3,-71.6,-67.9,-63.5,-58.7,-54.5,-51.4,-49.3,-51.5,-54.8,-59.0,-63.5,-67.9,-60.3,-58.5,-56.8,-56.0,-56.8,-58.6,-60.4,-61.1,2.1,4.1,8.5,12.8,14.4,12.4,8.0,3.4,-2.6,0.5,4.4,9.0,13.3,16.8,19.4,16.8,13.3,9.1,4.6,0.4,6.1,8.0,10.0,10.8,10.1,8.3,6.3,5.4,-96.9,-101.3,-103.6,-102.4,-98.3,-93.7,-91.6,-92.9,-96.9,-97.5,-98.0,-98.6,-98.9,-98.9,-98.5,-96.6,-95.3,-94.4,-94.4,-95.3,-95.8,-95.3,-96.3,-98.2,-99.9,-100.5,-99.5,-97.6,-102.8,-107.3,-109.0,-106.9,-102.3,-97.8,-96.1,-97.9,-102.1,-103.3,-104.0,-104.1,-103.5,-102.6,-101.3,-99.9,-99.3,-99.2,-99.7,-100.4,-100.6,-99.7,-100.4,-102.4,-104.4,-105.3,-104.6,-102.6,662.0,661.4,662.1,663.6,665.1,666.0,664.9,663.4,665.1,662.7,661.1,660.9,662.6,665.2,668.0,665.8,663.3,662.0,662.1,663.3,664.3,664.9,665.2,665.0,664.4,663.7,663.4,663.7,690.7,691.7,692.8,693.2,692.7,691.6,690.6,690.3,692.0,690.7,689.9,690.0,691.6,694.2,697.2,693.9,691.1,689.3,689.1,690.4,691.9,692.0,692.5,693.0,693.2,693.0,692.5,692.1,-22.4,-45.3,584.8,-0.019,-0.159,-0.018,0.01,0.0,1.98,0.23,0.21,0.69,0.18,1.3,0.13,0.01,0.0,0.0,0.0,0.0,1.09,0.96
0.266481,0.228867,-0.936274,0.144234,0.163864,-0.975882,0.212,0.203,366.9,368.3,372.0,375.8,377.6,376.4,372.5,368.7,361.1,364.0,367.6,371.8,375.7,378.8,380.9,378.8,375.6,371.7,367.8,364.1,370.6,372.2,373.8,374.4,373.6,372.0,370.4,369.8,423.5,425.1,428.8,432.4,433.9,432.3,428.6,424.7,419.7,422.3,425.6,429.4,433.0,435.9,438.1,436.0,433.1,429.6,425.8,422.3,427.0,428.6,430.2,430.9,430.2,428.6,427.0,426.3,143.4,139.5,137.5,138.7,142.4,146.5,148.3,147.1,143.7,142.9,142.3,141.6,141.4,141.7,142.3,143.9,144.8,145.5,145.5,144.9,144.5,145.1,144.2,142.5,140.9,140.4,141.3,143.0,142.0,138.6,137.4,139.1,142.7,146.2,147.4,146.0,143.2,141.9,141.0,140.9,141.7,143.0,144.7,145.1,145.0,144.7,144.3,144.1,144.1,144.9,144.3,142.8,141.2,140.4,141.0,142.5,-62.7,-61.1,-56.9,-52.6,-50.7,-52.1,-56.6,-60.9,-69.7,-66.1,-61.8,-57.0,-52.7,-49.4,-47.2,-49.4,-52.9,-57.2,-61.8,-66.1,-58.7,-56.9,-55.1,-54.4,-55.2,-57.0,-58.9,-59.6,1.8,3.7,8.1,12.4,14.1,12.2,7.9,3.2,-2.7,0.3,4.2,8.8,13.1,16.6,19.2,16.6,13.1,9.0,4.5,0.3,5.9,7.8,9.7,10.6,9.8,7.9,6.0,5.1,-94.0,-98.4,-100.6,-99.5,-95.5,-91.0,-88.9,-90.1,-94.2,-94.8,-95.2,-95.8,-96.3,-96.4,-96.0,-93.9,-92.5,-91.6,-91.6,-92.5,-93.1,-92.5,-93.5,-95.4,-97.1,-97.6,-96.6,-94.8,-99.5,-103.9,-105.5,-103.5,-98.9,-94.6,-93.0,-94.7,-98.3,-99.7,-100.6,-100.8,-100.0,-98.8,-97.2,-96.2,-96.0,-96.1,-96.5,-97.0,-97.2,-96.3,-97.0,-98.9,-100.9,-101.8,-101.1,-99.2,643.5,642.6,642.8,644.0,645.5,646.8,646.1,644.9,646.9,644.3,642.4,641.9,643.3,645.7,648.4,646.4,644.2,643.1,643.5,645.0,645.5,646.0,646.1,645.8,645.1,644.6,644.5,644.9,669.7,671.6,672.9,672.9,671.5,669.6,668.3,668.5,670.8,669.7,669.0,669.2,670.6,673.0,675.6,672.3,669.4,667.7,667.6,668.9,670.4,670.4,671.0,671.8,672.4,672.4,671.8,671.0,-23.0,-45.1,584.2,-0.054,-0.193,-0.011,0.03,0.0,2.04,0.14,0.14,0.48,0.07,1.13,0.12,0.01,0.0,0.0,0.0,0.0,0.49,0.58
0.249676,0.200879,-0.947264,0.11435,0.150868,-0.981918,0.187,0.18,364.0,365.4,369.1,373.0,374.7,373.6,369.7,365.8,358.3,361.0,364.6,368.7,372.7,375.9,378.2,375.9,372.6,368.7,364.7,361.1,367.8,369.4,371.0,371.6,370.8,369.2,367.6,367.0,420.6,422.3,426.0,429.6,430.9,429.3,425.6,421.7,416.9,419.4,422.6,426.5,430.2,433.2,435.4,433.1,430.1,426.6,422.8,419.3,424.0,425.6,427.2,428.0,427.4,425.8,424.2,423.4,143.1,139.1,137.2,138.5,142.3,146.4,148.1,146.8,143.4,142.5,141.9,141.3,141.3,141.7,142.5,143.9,144.7,145.2,145.2,144.6,144.3,144.9,144.1,142.4,140.8,140.2,141.0,142.7,142.1,138.6,137.2,139.0,142.8,146.4,147.7,146.2,143.1,141.9,141.0,140.9,141.7,142.8,144.4,145.1,145.2,145.0,144.6,144.2,144.1,144.9,144.3,142.8,141.1,140.3,140.9,142.5,-66.0,-64.4,-60.2,-55.9,-53.9,-55.3,-59.8,-64.1,-73.0,-69.6,-65.3,-60.6,-56.1,-52.7,-50.2,-52.7,-56.3,-60.7,-65.2,-69.5,-62.0,-60.1,-58.3,-57.6,-58.4,-60.3,-62.1,-62.8,-1.7,0.3,4.7,9.0,10.6,8.7,4.2,-0.4,-6.1,-3.1,0.8,5.4,9.7,13.3,16.0,13.3,9.6,5.4,0.9,-3.2,2.4,4.3,6.2,7.1,6.4,4.5,2.6,1.7,-94.5,-98.9,-101.1,-99.7,-95.6,-91.0,-89.0,-90.4,-94.7,-95.3,-95.7,-96.2,-96.4,-96.3,-95.7,-93.8,-92.6,-92.0,-92.1,-93.0,-93.3,-92.7,-93.6,-95.5,-97.3,-97.9,-97.0,-95.1,-99.7,-104.1,-105.8,-103.7,-99.1,-94.7,-93.0,-94.8,-98.8,-100.1,-100.9,-101.0,-100.3,-99.3,-97.9,-96.6,-96.0,-96.0,-96.5,-97.2,-97.4,-96.5,-97.3,-99.2,-101.2,-102.1,-101.4,-99.5,643.8,643.1,643.2,644.1,645.1,646.2,645.7,644.9,647.7,644.9,642.8,642.0,643.1,645.3,647.8,645.9,643.8,643.0,643.7,645.4,645.5,645.8,645.9,645.6,645.1,644.8,644.7,645.0,671.9,673.0,673.8,673.8,673.0,671.9,671.1,671.3,673.4,672.0,670.9,670.8,672.1,674.5,677.2,674.1,671.5,670.0,670.1,671.6,672.7,672.7,673.0,673.5,673.9,673.9,673.5,673.0,-26.2,-46.1,588.0,-0.071,-0.155,-0.008,0.02,0.0,2.09,0.0,0.07,0.52,0.01,0.97,0.11,0.0,0.0,0.0,0.0,0.0,0.29,0.46
0.238593,0.212028,-0.94769,0.120244,0.147006,-0.9818,0.184,0.184,364.2,365.6,369.3,373.1,374.8,373.7,369.7,365.9,358.6,361.4,365.0,369.1,373.0,376.1,378.3,376.1,372.9,369.0,365.1,361.5,367.9,369.5,371.1,371.7,371.0,369.3,367.8,367.2,420.7,422.3,426.0,429.6,431.0,429.3,425.6,421.7,416.9,419.4,422.7,426.5,430.2,433.2,435.4,433.2,430.1,426.6,422.8,419.3,424.1,425.7,427.3,428.0,427.4,425.9,424.2,423.5,143.2,139.3,137.5,138.8,142.4,146.5,148.2,146.9,143.4,142.6,142.0,141.5,141.4,141.7,142.4,143.9,144.8,145.4,145.3,144.7,144.4,145.0,144.2,142.5,140.9,140.4,141.2,142.8,142.3,138.7,137.4,139.2,142.9,146.5,147.7,146.3,143.2,142.0,141.2,141.0,141.8,143.0,144.6,145.2,145.3,145.0,144.7,144.3,144.3,145.0,144.5,142.9,141.3,140.5,141.1,142.7,-66.4,-64.7,-60.5,-56.2,-54.4,-55.8,-60.3,-64.6,-73.3,-69.8,-65.4,-60.7,-56.2,-53.0,-50.6,-53.0,-56.5,-60.9,-65.4,-69.7,-62.4,-60.6,-58.8,-58.0,-58.8,-60.7,-62.5,-63.2,-1.6,0.4,4.8,9.1,10.8,8.8,4.3,-0.3,-6.1,-3.1,0.8,5.4,9.8,13.4,16.1,13.3,9.7,5.5,1.0,-3.2,2.5,4.4,6.3,7.2,6.5,4.6,2.7,1.8,-95.2,-99.5,-101.6,-100.3,-96.3,-91.8,-89.8,-91.2,-95.5,-96.0,-96.4,-96.9,-97.2,-97.2,-96.8,-94.8,-93.4,-92.7,-92.8,-93.7,-94.1,-93.5,-94.4,-96.3,-98.0,-98.6,-97.7,-95.8,-99.8,-104.2,-105.9,-103.8,-99.1,-94.7,-93.1,-94.8,-98.8,-100.1,-101.0,-101.1,-100.4,-99.3,-97.8,-96.6,-96.1,-96.2,-96.6,-97.3,-97.5,-96.6,-97.3,-99.2,-101.2,-102.1,-101.4,-99.5,649.8,648.9,649.1,650.1,651.5,652.7,652.2,651.1,653.4,650.6,648.6,648.0,649.3,651.7,654.4,652.4,650.2,649.2,649.7,651.3,651.7,652.1,652.2,651.8,651.2,650.8,650.7,651.1,673.4,674.6,675.5,675.4,674.4,673.1,672.3,672.5,674.9,673.5,672.4,672.2,673.5,675.8,678.5,675.3,672.7,671.2,671.3,672.9,674.0,674.0,674.3,674.9,675.3,675.4,675.0,674.5,-26.2,-46.1,588.3,-0.074,-0.159,-0.004,0.04,0.0,2.31,0.0,0.05,0.48,0.02,0.85,0.16,0.1,0.0,0.0,0.0,0.0,0.17,0.26
0.252986,0.183972,-0.949817,0.094152,0.152707,-0.983776,0.178,0.172,361.3,362.6,366.1,369.7,371.3,370.3,366.6,362.9,355.4,358.1,361.6,365.5,369.3,372.1,374.2,372.1,369.1,365.4,361.7,358.2,364.7,366.3,367.8,368.3,367.6,366.1,364.6,364.0,417.5,419.2,422.9,426.4,427.8,426.2,422.5,418.6,413.9,416.4,419.6,423.4,427.1,430.0,432.2,430.0,427.0,423.5,419.8,416.3,421.0,422.5,424.1,424.8,424.3,422.7,421.1,420.4,142.7,138.9,137.0,138.3,141.8,145.8,147.4,146.2,143.1,142.2,141.5,140.9,140.9,141.3,142.0,143.4,144.1,144.6,144.6,144.2,143.9,144.4,143.6,142.0,140.4,139.9,140.7,142.3,141.8,138.3,137.0,138.7,142.4,146.0,147.3,145.8,142.7,141.5,140.6,140.5,141.3,142.4,144.0,144.6,144.7,144.5,144.2,143.8,143.8,144.6,144.0,142.4,140.8,140.1,140.6,142.2,-72.7,-71.1,-67.0,-62.8,-60.9,-62.2,-66.6,-70.8,-80.2,-76.6,-72.2,-67.5,-63.1,-59.9,-57.7,-59.9,-63.4,-67.7,-72.2,-76.5,-68.8,-67.0,-65.2,-64.5,-65.3,-67.1,-68.9,-69.6,-5.3,-3.4,1.0,5.4,7.0,5.0,0.6,-4.0,-9.8,-6.8,-2.9,1.7,6.1,9.7,12.4,9.7,6.0,1.8,-2.7,-6.8,-1.2,0.6,2.6,3.4,2.7,0.8,-1.1,-2.0,-99.7,-104.2,-106.5,-105.3,-101.2,-96.4,-94.3,-95.6,-99.8,-100.5,-101.0,-101.7,-101.9,-101.8,-101.2,-99.3,-98.1,-97.3,-97.4,-98.2,-98.6,-98.0,-99.0,-101.0,-102.7,-103.3,-102.3,-100.4,-101.1,-105.5,-107.2,-105.1,-100.5,-96.1,-94.4,-96.2,-100.2,-101.5,-102.4,-102.5,-101.8,-100.8,-99.3,-98.1,-97.5,-97.5,-98.0,-98.7,-98.8,-97.9,-98.7,-100.6,-102.6,-103.5,-102.8,-100.8,676.4,676.1,676.6,677.8,678.9,679.7,678.7,677.5,679.9,677.3,675.6,675.1,676.5,678.9,681.5,679.4,677.0,675.9,676.3,677.8,678.5,679.0,679.2,679.1,678.6,678.1,677.8,678.0,678.8,680.0,680.8,680.7,679.8,678.6,677.8,678.1,680.2,678.9,677.8,677.7,679.0,681.4,684.1,680.9,678.2,676.7,676.8,678.3,679.5,679.5,679.8,680.3,680.7,680.8,680.4,679.9,-29.3,-46.8,589.6,-0.086,-0.138,-0.006,0.05,0.0,2.42,0.0,0.03,0.48,0.06,0.86,0.13,0.2,0.0,0.0,0.0,0.04,0.08,0.1
0.242232,0.173488,-0.954581,0.105002,0.144376,-0.983936,0.177,0.163,360.2,361.5,365.0,368.6,370.3,369.2,365.5,361.8,354.2,357.0,360.6,364.6,368.4,371.2,373.1,371.2,368.2,364.5,360.7,357.1,363.6,365.1,366.6,367.2,366.5,364.9,363.4,362.9,416.7,418.4,422.1,425.7,427.1,425.5,421.8,417.8,412.8,415.3,418.7,422.6,426.2,429.1,431.2,429.1,426.2,422.7,418.8,415.3,420.1,421.7,423.4,424.1,423.5,421.9,420.2,419.5,142.6,138.8,136.9,138.1,141.6,145.6,147.3,146.2,142.9,142.0,141.3,140.7,140.6,140.9,141.6,143.1,144.0,144.6,144.6,144.1,143.7,144.2,143.4,141.8,140.2,139.7,140.6,142.2,141.5,137.9,136.5,138.3,142.2,145.8,147.1,145.6,142.3,141.0,140.3,140.1,140.9,142.0,143.6,144.4,144.5,144.4,144.0,143.5,143.5,144.3,143.7,142.1,140.5,139.7,140.2,141.9,-73.0,-71.4,-67.3,-63.1,-61.3,-62.7,-67.0,-71.2,-80.4,-76.8,-72.4,-67.6,-63.3,-60.2,-58.1,-60.3,-63.6,-67.9,-72.4,-76.7,-69.2,-67.4,-65.6,-64.9,-65.7,-67.5,-69.3,-70.0,-6.2,-4.3,0.1,4.4,6.1,4.1,-0.3,-4.9,-10.9,-7.9,-3.9,0.7,4.9,8.4,11.0,8.4,4.9,0.8,-3.7,-7.9,-2.2,-0.3,1.6,2.5,1.8,-0.1,-2.1,-2.9,-98.4,-102.8,-105.1,-104.0,-100.0,-95.4,-93.3,-94.4,-98.5,-99.2,-99.8,-100.5,-100.9,-100.9,-100.4,-98.4,-96.9,-96.0,-96.0,-96.8,-97.4,-96.9,-97.9,-99.8,-101.6,-102.0,-101.0,-99.1,-99.7,-104.2,-105.9,-103.8,-99.2,-94.7,-93.0,-94.7,-99.0,-100.2,-101.0,-101.2,-100.5,-99.5,-98.1,-96.7,-96.1,-96.1,-96.5,-97.3,-97.4,-96.5,-97.3,-99.3,-101.3,-102.2,-101.4,-99.5,666.9,666.3,666.9,668.3,669.7,670.8,669.8,668.4,670.1,667.6,665.9,665.6,667.2,669.7,672.5,670.4,668.0,666.8,667.0,668.3,669.2,669.8,670.0,669.8,669.1,668.5,668.3,668.6,666.7,667.9,668.9,669.2,668.5,667.3,666.3,666.2,668.1,666.8,665.9,666.0,667.5,670.0,672.8,669.6,666.8,665.1,665.0,666.3,667.7,667.9,668.3,668.8,669.1,669.0,668.6,668.0,-30.4,-47.4,591.2,-0.101,-0.128,-0.009,0.16,0.0,2.51,0.0,0.01,0.29,0.1,0.92,0.11,0.3,0.0,0.0,0.0,0.12,0.06,0.0
0.266575,0.161737,-0.950147,0.098406,0.127941,-0.986888,0.186,0.148,358.8,360.2,363.9,367.5,369.1,367.9,364.1,360.4,352.0,355.1,358.9,363.1,367.0,369.9,371.8,369.8,366.7,362.9,358.9,355.2,362.2,363.8,365.3,366.0,365.3,363.7,362.1,361.5,415.5,417.0,420.8,424.4,425.9,424.3,420.6,416.6,411.5,414.1,417.4,421.3,425.0,427.9,430.0,427.9,425.0,421.6,417.7,414.1,418.9,420.5,422.2,422.9,422.2,420.6,419.0,418.3,142.0,138.0,136.1,137.4,141.0,145.2,146.9,145.7,142.2,141.3,140.6,140.0,139.9,140.3,141.1,142.6,143.5,144.1,144.0,143.5,143.2,143.7,142.9,141.2,139.6,139.1,139.9,141.6,140.9,137.3,136.0,137.7,141.5,145.2,146.5,145.1,141.9,140.6,139.7,139.5,140.3,141.4,143.0,143.7,143.9,143.7,143.4,143.0,143.0,143.7,143.2,141.6,139.9,139.1,139.7,141.3,-71.3,-69.6,-65.6,-61.6,-60.0,-61.5,-65.7,-69.7,-79.3,-75.5,-71.1,-66.3,-62.1,-59.1,-57.2,-59.2,-62.5,-66.7,-71.2,-75.6,-67.7,-66.0,-64.3,-63.6,-64.3,-66.0,-67.7,-68.5,-7.7,-5.8,-1.5,2.9,4.6,2.8,-1.6,-6.3,-12.3,-9.3,-5.4,-0.8,3.5,6.9,9.5,7.0,3.5,-0.5,-5.0,-9.3,-3.6,-1.7,0.2,1.0,0.2,-1.7,-3.6,-4.4,-94.8,-99.2,-101.5,-100.3,-96.4,-91.8,-89.7,-90.8,-95.0,-95.7,-96.2,-96.8,-97.2,-97.2,-96.8,-94.7,-93.3,-92.5,-92.5,-93.3,-93.8,-93.3,-94.3,-96.2,-97.9,-98.4,-97.4,-95.5,-99.8,-104.3,-106.0,-104.0,-99.4,-94.9,-93.2,-94.9,-98.8,-100.2,-101.1,-101.3,-100.7,-99.7,-98.3,-96.9,-96.3,-96.3,-96.7,-97.3,-97.5,-96.7,-97.4,-99.4,-101.4,-102.3,-101.5,-99.6,637.6,637.1,637.9,639.6,641.2,642.1,640.9,639.2,640.7,638.3,636.7,636.5,638.2,640.9,643.8,641.6,639.1,637.7,637.8,638.9,640.1,640.8,641.2,641.0,640.3,639.6,639.2,639.4,662.9,664.3,665.5,665.7,664.9,663.5,662.4,662.2,664.1,662.9,662.2,662.3,663.9,666.4,669.2,666.0,663.1,661.3,661.1,662.4,663.9,664.1,664.6,665.2,665.5,665.4,664.9,664.3,-31.7,-48.8,593.3,-0.111,-0.121,-0.012,0.23,0.0,2.52,0.0,0.0,0.1,0.1,0.97,0.07,0.31,0.0,0.0,0.0,0.18,0.0,0.0
0.263292,0.159479,-0.951443,0.098308,0.123607,-0.98745,0.184,0.145,358.9,360.3,363.9,367.6,369.2,367.9,364.2,360.5,352.1,355.2,359.1,363.3,367.1,369.9,371.8,369.9,366.9,363.1,359.1,355.3,362.3,363.8,365.4,366.0,365.3,363.7,362.2,361.6,415.4,417.0,420.7,424.4,425.9,424.4,420.7,416.6,411.4,414.0,417.4,421.4,425.0,427.9,430.0,427.9,425.1,421.6,417.7,414.1,418.9,420.5,422.2,422.9,422.2,420.6,418.9,418.2,141.9,138.0,136.0,137.3,141.0,145.1,146.9,145.6,142.2,141.3,140.6,140.0,139.9,140.2,141.0,142.5,143.4,144.0,144.0,143.4,143.1,143.7,142.8,141.1,139.5,139.0,139.8,141.5,140.8,137.2,135.9,137.6,141.4,145.1,146.4,145.0,141.8,140.5,139.6,139.5,140.2,141.4,143.0,143.7,143.8,143.7,143.3,142.9,142.9,143.7,143.1,141.5,139.8,139.0,139.6,141.2,-71.4,-69.7,-65.8,-61.8,-60.1,-61.6,-65.8,-69.7,-79.4,-75.6,-71.1,-66.3,-62.2,-59.3,-57.3,-59.3,-62.5,-66.7,-71.2,-75.6,-67.8,-66.1,-64.4,-63.7,-64.4,-66.1,-67.8,-68.5,-7.6,-5.8,-1.5,2.8,4.6,2.8,-1.6,-6.2,-12.3,-9.3,-5.3,-0.8,3.5,6.9,9.4,7.0,3.6,-0.5,-5.0,-9.2,-3.6,-1.7,0.2,1.0,0.2,-1.7,-3.6,-4.4,-95.1,-99.5,-101.8,-100.7,-96.8,-92.1,-90.0,-91.1,-95.2,-95.9,-96.5,-97.2,-97.5,-97.5,-97.1,-95.0,-93.7,-92.8,-92.8,-93.6,-94.1,-93.6,-94.6,-96.5,-98.2,-98.7,-97.7,-95.8,-99.2,-103.7,-105.4,-103.4,-98.8,-94.3,-92.6,-94.3,-98.2,-99.5,-100.5,-100.7,-100.1,-99.1,-97.6,-96.3,-95.7,-95.7,-96.1,-96.6,-96.9,-96.1,-96.8,-98.8,-100.8,-101.7,-100.9,-99.0,639.2,638.8,639.7,641.4,642.9,643.7,642.4,640.7,642.1,639.8,638.3,638.2,640.0,642.7,645.7,643.3,640.7,639.3,639.2,640.4,641.7,642.4,642.8,642.6,642.0,641.2,640.9,641.0,658.1,659.6,660.9,661.2,660.3,658.8,657.5,657.4,659.2,658.1,657.4,657.7,659.3,661.8,664.6,661.3,658.4,656.5,656.3,657.5,659.2,659.3,659.8,660.5,660.9,660.8,660.2,659.5,-31.7,-48.8,593.8,-0.108,-0.12,-0.012,0.39,0.0,2.57,0.0,0.0,0.0,0.08,0.98,0.07,0.21,0.0,0.0,0.0,0.15,0.0,0.0
0.256554,0.162962,-0.952693,0.098376,0.122048,-0.987637,0.181,0.146,358.6,360.1,363.7,367.4,368.9,367.7,363.8,360.2,351.9,355.1,358.9,363.2,367.0,369.8,371.7,369.7,366.7,362.9,358.9,355.1,362.0,363.6,365.1,365.8,365.1,363.5,361.9,361.3,415.2,416.8,420.6,424.3,425.8,424.2,420.4,416.4,411.2,413.8,417.3,421.2,424.8,427.7,429.9,427.8,424.9,421.4,417.5,413.8,418.7,420.3,422.0,422.7,422.0,420.4,418.7,418.0,142.0,138.1,136.1,137.4,141.1,145.2,147.0,145.7,142.2,141.3,140.7,140.1,139.9,140.3,141.0,142.5,143.4,144.0,144.0,143.4,143.2,143.8,142.9,141.2,139.6,139.1,139.9,141.6,140.8,137.2,135.9,137.7,141.5,145.1,146.4,144.9,141.8,140.5,139.6,139.5,140.3,141.5,143.2,143.8,143.9,143.6,143.3,142.9,142.9,143.7,143.1,141.5,139.9,139.1,139.6,141.2,-71.5,-69.8,-65.7,-61.8,-60.2,-61.7,-65.9,-69.9,-79.4,-75.5,-71.0,-66.2,-62.1,-59.2,-57.3,-59.3,-62.5,-66.6,-71.1,-75.5,-67.9,-66.2,-64.5,-63.7,-64.4,-66.1,-67.9,-68.6,-7.9,-6.0,-1.7,2.6,4.4,2.5,-1.8,-6.5,-12.5,-9.5,-5.5,-0.9,3.3,6.7,9.2,6.7,3.4,-0.7,-5.2,-9.5,-3.8,-1.9,-0.0,0.8,0.0,-1.9,-3.8,-4.6,-94.7,-99.1,-101.4,-100.2,-96.3,-91.7,-89.6,-90.7,-94.9,-95.5,-96.0,-96.7,-97.1,-97.2,-96.8,-94.8,-93.4,-92.5,-92.5,-93.3,-93.7,-93.2,-94.2,-96.1,-97.8,-98.3,-97.3,-95.4,-98.8,-103.3,-105.0,-102.9,-98.3,-93.9,-92.2,-93.9,-97.8,-99.2,-100.1,-100.3,-99.6,-98.5,-97.0,-95.8,-95.3,-95.3,-95.7,-96.3,-96.5,-95.6,-96.4,-98.3,-100.3,-101.2,-100.5,-98.5,637.1,636.5,637.4,639.2,640.8,641.8,640.5,638.7,639.9,637.5,636.1,636.0,637.9,640.7,643.7,641.3,638.7,637.2,637.1,638.2,639.7,640.4,640.8,640.6,639.8,639.1,638.7,638.9,655.4,657.0,658.3,658.5,657.6,656.0,654.7,654.6,656.5,655.4,654.7,655.0,656.6,659.1,661.9,658.6,655.6,653.8,653.5,654.8,656.4,656.5,657.1,657.8,658.2,658.1,657.5,656.8,-31.8,-48.7,594.0,-0.115,-0.119,-0.017,0.4,0.0,2.51,0.0,0.05,0.0,0.07,0.97,0.09,0.12,0.0,0.0,0.0,0.07,0.02,0.0
0.257332,0.232139,-0.938026,0.042115,0.168456,-0.984809,0.154,0.205,358.9,360.5,364.3,368.2,369.8,368.4,364.4,360.5,352.5,355.7,359.4,363.6,367.6,370.7,372.8,370.7,367.4,363.4,359.4,355.6,362.5,364.2,365.8,366.5,365.8,364.2,362.5,361.8,414.3,415.9,419.5,423.0,424.4,422.8,419.2,415.4,411.2,413.6,416.8,420.5,424.0,426.9,429.0,426.9,424.0,420.6,416.9,413.5,417.7,419.2,420.8,421.5,420.9,419.4,417.8,417.1,146.0,142.0,140.1,141.4,145.1,149.3,151.0,149.7,145.4,144.8,144.4,143.9,143.7,143.9,144.4,146.4,147.6,148.2,148.0,147.1,147.2,147.7,146.9,145.2,143.6,143.0,143.8,145.5,145.1,141.6,140.3,142.0,145.6,149.0,150.3,149.0,145.8,144.7,144.0,144.0,144.7,145.8,147.3,147.8,147.8,147.6,147.2,146.8,147.0,147.7,147.2,145.7,144.1,143.4,143.9,145.4,-69.9,-68.1,-63.8,-59.7,-58.1,-59.8,-64.2,-68.3,-77.4,-73.5,-69.2,-64.5,-60.2,-57.1,-54.9,-57.2,-60.6,-64.9,-69.4,-73.7,-66.2,-64.4,-62.6,-61.8,-62.5,-64.2,-66.1,-66.9,-9.5,-7.5,-3.1,1.3,3.0,1.0,-3.5,-8.2,-13.3,-10.3,-6.4,-1.8,2.5,6.0,8.7,6.0,2.4,-1.7,-6.2,-10.4,-5.3,-3.4,-1.5,-0.6,-1.3,-3.2,-5.2,-6.1,-88.7,-92.9,-95.1,-93.9,-90.0,-85.6,-83.5,-84.8,-89.7,-90.1,-90.3,-90.8,-91.2,-91.4,-91.2,-88.7,-87.0,-86.2,-86.4,-87.6,-87.7,-87.2,-88.1,-90.0,-91.6,-92.2,-91.2,-89.4,-99.7,-104.2,-105.8,-103.8,-99.2,-94.7,-93.1,-94.8,-99.0,-100.1,-100.9,-100.9,-100.1,-99.1,-97.6,-96.5,-96.2,-96.2,-96.8,-97.4,-97.4,-96.5,-97.2,-99.2,-101.2,-102.1,-101.4,-99.4,626.3,625.3,625.7,627.2,629.0,630.5,629.7,628.1,629.2,626.7,625.0,624.6,626.1,628.6,631.4,629.5,627.2,626.1,626.3,627.6,628.7,629.3,629.5,629.1,628.3,627.6,627.5,627.9,696.2,697.5,698.2,697.9,696.8,695.5,694.8,695.2,697.4,696.0,695.0,694.9,696.2,698.4,701.1,697.9,695.3,693.7,693.9,695.4,696.7,696.6,696.9,697.5,698.0,698.1,697.8,697.2,-32.3,-46.9,603.0,-0.077,-0.127,-0.014,0.43,0.0,2.5,0.0,0.09,0.0,0.08,1.0,0.12,0.0,0.0,0.0,0.0,0.01,0.04,0.0
0.275443,0.235479,-0.932031,0.049158,0.160026,-0.985888,0.168,0.203,359.1,360.7,364.6,368.5,370.1,368.8,364.7,360.8,352.7,355.7,359.4,363.6,367.7,370.8,373.1,370.9,367.5,363.4,359.4,355.7,362.8,364.5,366.2,366.8,366.1,364.4,362.8,362.1,414.2,415.8,419.4,422.9,424.3,422.7,419.1,415.3,410.9,413.4,416.6,420.3,423.8,426.7,428.8,426.7,423.8,420.4,416.7,413.3,417.6,419.1,420.7,421.4,420.8,419.2,417.7,417.0,146.0,141.9,140.0,141.4,145.2,149.4,151.1,149.8,145.4,144.7,144.3,143.8,143.7,143.8,144.4,146.4,147.5,148.1,147.9,147.1,147.2,147.7,146.9,145.2,143.6,143.0,143.8,145.5,144.8,141.5,140.3,141.9,145.5,148.8,150.0,148.7,145.7,144.6,143.9,143.9,144.7,145.9,147.5,147.9,147.7,147.4,147.0,146.7,146.8,147.6,147.0,145.6,144.0,143.3,143.8,145.3,-69.4,-67.6,-63.4,-59.2,-57.5,-59.1,-63.6,-67.8,-77.0,-73.3,-69.0,-64.3,-60.0,-56.7,-54.4,-56.7,-60.3,-64.7,-69.2,-73.4,-65.6,-63.8,-62.0,-61.2,-61.9,-63.7,-65.5,-66.3,-9.6,-7.6,-3.2,1.1,2.8,0.8,-3.6,-8.2,-13.6,-10.6,-6.6,-2.1,2.2,5.7,8.4,5.7,2.2,-1.9,-6.5,-10.7,-5.4,-3.6,-1.6,-0.8,-1.5,-3.4,-5.3,-6.2,-88.4,-92.7,-94.9,-93.6,-89.6,-85.2,-83.1,-84.4,-89.5,-89.9,-90.1,-90.6,-90.9,-91.0,-90.7,-88.3,-86.8,-86.0,-86.2,-87.4,-87.4,-86.8,-87.8,-89.6,-91.3,-91.9,-90.9,-89.1,-99.4,-103.8,-105.4,-103.3,-98.8,-94.4,-92.8,-94.6,-98.6,-99.7,-100.4,-100.5,-99.6,-98.5,-96.9,-96.0,-95.8,-96.0,-96.5,-97.1,-97.1,-96.2,-96.9,-98.8,-100.8,-101.7,-101.0,-99.1,624.2,623.3,623.6,625.0,626.7,628.0,627.3,625.9,627.6,624.9,623.1,622.5,623.8,626.1,628.7,626.9,624.7,623.8,624.3,625.7,626.5,627.1,627.2,626.8,626.1,625.5,625.3,625.8,692.5,694.1,695.1,694.8,693.4,691.7,690.8,691.2,693.6,692.4,691.5,691.5,692.8,695.0,697.6,694.4,691.6,690.0,690.1,691.6,692.9,692.8,693.2,693.9,694.5,694.7,694.3,693.5,-32.3,-46.9,603.0,-0.075,-0.126,-0.016,0.33,0.0,2.38,0.0,0.14,0.02,0.06,1.16,0.13,0.09,0.0,0.0,0.0,0.0,0.21,0.0
0.304122,0.269667,-0.913668,0.059514,0.194989,-0.978998,0.19,0.241,360.0,361.5,365.3,369.2,370.9,369.5,365.5,361.6,353.3,356.3,359.9,364.1,368.1,371.3,373.6,371.3,367.9,363.8,359.9,356.2,363.6,365.3,366.9,367.6,366.9,365.2,363.6,362.9,414.7,416.4,420.1,423.7,425.0,423.3,419.6,415.7,411.4,413.9,417.2,420.9,424.5,427.4,429.6,427.4,424.4,421.0,417.2,413.8,418.1,419.7,421.3,422.0,421.4,419.9,418.3,417.5,147.9,143.9,142.0,143.4,147.1,151.3,153.0,151.7,147.3,146.7,146.3,145.9,145.8,146.0,146.5,148.4,149.5,150.0,149.8,148.9,149.1,149.7,148.9,147.2,145.6,145.0,145.8,147.5,146.7,143.3,142.2,143.9,147.5,150.9,152.1,150.7,147.5,146.5,145.8,145.9,146.8,148.0,149.6,149.9,149.8,149.4,148.9,148.5,148.8,149.5,149.0,147.5,146.0,145.2,145.7,147.2,-69.2,-67.4,-63.2,-59.0,-57.3,-58.9,-63.4,-67.6,-77.1,-73.4,-69.2,-64.5,-60.1,-56.8,-54.4,-56.8,-60.4,-64.9,-69.4,-73.6,-65.4,-63.6,-61.8,-61.0,-61.7,-63.5,-65.3,-66.1,-8.8,-6.8,-2.3,2.0,3.6,1.5,-3.0,-7.6,-12.9,-9.8,-5.8,-1.3,3.0,6.5,9.2,6.5,2.9,-1.2,-5.8,-9.9,-4.7,-2.8,-0.9,0.0,-0.7,-2.5,-4.5,-5.4,-87.2,-91.5,-93.7,-92.4,-88.4,-83.8,-81.9,-83.2,-88.3,-88.6,-88.8,-89.2,-89.5,-89.6,-89.3,-86.9,-85.4,-84.7,-85.0,-86.2,-86.1,-85.6,-86.5,-88.3,-90.1,-90.6,-89.7,-87.8,-95.9,-100.2,-101.7,-99.6,-95.0,-90.7,-89.1,-90.9,-95.1,-96.1,-96.8,-96.7,-95.8,-94.6,-93.1,-92.2,-92.0,-92.3,-92.9,-93.6,-93.4,-92.5,-93.1,-95.0,-97.0,-98.0,-97.3,-95.4,630.7,629.9,630.2,631.6,633.2,634.5,633.7,632.3,634.3,631.6,629.7,629.1,630.3,632.5,635.0,633.2,631.1,630.2,630.8,632.3,632.9,633.5,633.7,633.3,632.6,632.0,631.9,632.3,683.2,684.9,685.7,685.3,683.9,682.3,681.4,682.0,684.5,683.2,682.2,682.1,683.3,685.5,688.1,684.8,682.2,680.7,680.8,682.4,683.6,683.5,683.8,684.5,685.2,685.3,684.9,684.2,-31.9,-44.5,602.6,-0.026,-0.137,-0.013,0.29,0.0,2.35,0.0,0.12,0.03,0.04,1.23,0.14,0.21,0.0,0.0,0.0,0.0,0.46,0.0
0.283296,0.273209,-0.919293,0.052933,0.201523,-0.978052,0.175,0.245,359.7,361.3,365.2,369.1,370.7,369.3,365.2,361.3,353.2,356.2,359.9,364.1,368.2,371.3,373.6,371.3,367.9,363.8,359.8,356.1,363.3,365.0,366.7,367.4,366.7,365.0,363.3,362.6,414.7,416.4,420.1,423.7,425.0,423.3,419.6,415.8,411.4,414.0,417.2,421.0,424.6,427.4,429.6,427.4,424.5,421.0,417.3,413.8,418.1,419.7,421.3,422.0,421.5,419.9,418.3,417.6,147.8,143.9,142.0,143.4,147.2,151.3,153.0,151.6,147.3,146.7,146.4,145.9,145.8,146.0,146.6,148.5,149.6,150.2,149.9,149.0,149.1,149.7,148.9,147.1,145.5,144.9,145.7,147.4,146.8,143.3,142.1,143.8,147.5,150.9,152.2,150.7,147.4,146.5,145.9,145.9,146.7,147.9,149.4,149.9,149.8,149.4,149.0,148.6,148.8,149.5,149.0,147.5,145.9,145.2,145.7,147.2,-68.8,-66.9,-62.6,-58.4,-56.8,-58.5,-63.0,-67.2,-76.4,-72.7,-68.4,-63.7,-59.3,-56.1,-53.8,-56.2,-59.8,-64.2,-68.7,-72.9,-65.0,-63.2,-61.3,-60.5,-61.2,-63.0,-64.8,-65.7,-8.8,-6.8,-2.3,2.0,3.6,1.6,-2.9,-7.5,-12.8,-9.7,-5.7,-1.2,3.1,6.6,9.3,6.6,3.0,-1.2,-5.7,-9.9,-4.7,-2.8,-0.8,0.0,-0.7,-2.5,-4.5,-5.4,-86.3,-90.5,-92.6,-91.3,-87.4,-82.9,-81.0,-82.3,-87.3,-87.6,-87.7,-88.1,-88.4,-88.5,-88.3,-85.9,-84.4,-83.7,-84.0,-85.2,-85.2,-84.6,-85.5,-87.4,-89.1,-89.7,-88.8,-86.9,-95.7,-100.1,-101.7,-99.6,-95.0,-90.6,-89.0,-90.8,-95.1,-96.1,-96.7,-96.6,-95.8,-94.7,-93.2,-92.2,-92.0,-92.2,-92.8,-93.5,-93.4,-92.4,-93.1,-95.0,-97.0,-98.0,-97.3,-95.4,623.7,622.7,623.0,624.4,626.2,627.6,626.9,625.4,627.1,624.4,622.6,622.0,623.3,625.5,628.2,626.4,624.3,623.4,623.9,625.3,626.0,626.6,626.7,626.3,625.5,624.9,624.8,625.2,682.8,684.3,685.1,684.8,683.6,682.1,681.3,681.7,684.0,682.7,681.7,681.6,682.9,685.2,687.8,684.6,681.9,680.4,680.5,682.0,683.3,683.2,683.5,684.2,684.7,684.8,684.5,683.8,-31.9,-44.6,603.0,-0.019,-0.131,-0.012,0.17,0.0,2.31,0.0,0.14,0.19,0.03,1.26,0.11,0.39,0.0,0.0,0.0,0.0,0.67,0.06
0.220225,0.27798,-0.935001,0.078326,0.243936,-0.966623,0.156,0.268,358.6,360.0,363.5,367.1,368.7,367.5,363.8,360.2,352.7,355.4,358.9,362.9,366.7,369.6,371.6,369.6,366.5,362.7,359.0,355.5,362.0,363.6,365.1,365.7,365.0,363.5,362.0,361.4,415.0,416.7,420.4,424.0,425.4,423.8,420.0,416.1,411.2,413.8,417.1,421.0,424.6,427.5,429.8,427.6,424.6,421.1,417.2,413.7,418.5,420.1,421.7,422.4,421.8,420.2,418.6,417.9,146.8,143.1,141.3,142.5,146.1,150.0,151.6,150.4,147.1,146.3,145.7,145.2,145.1,145.4,146.1,147.5,148.4,148.9,148.8,148.3,148.0,148.5,147.8,146.2,144.7,144.1,144.9,146.5,146.2,142.6,141.3,143.1,146.9,150.5,151.8,150.3,146.7,145.8,145.2,145.2,145.9,146.9,148.2,148.9,149.0,148.8,148.4,147.9,148.2,149.0,148.4,146.8,145.2,144.4,145.0,146.6,-75.6,-73.9,-69.8,-65.6,-63.8,-65.3,-69.7,-73.9,-83.1,-79.5,-75.2,-70.4,-66.0,-62.8,-60.5,-62.8,-66.3,-70.7,-75.2,-79.5,-71.7,-70.0,-68.2,-67.5,-68.2,-70.0,-71.8,-72.5,-8.3,-6.3,-1.9,2.4,4.1,2.1,-2.3,-7.0,-12.9,-9.8,-5.8,-1.2,3.1,6.6,9.3,6.7,3.1,-1.1,-5.7,-10.0,-4.2,-2.3,-0.4,0.5,-0.2,-2.1,-4.1,-4.9,-94.5,-98.9,-101.0,-99.7,-95.7,-91.1,-89.1,-90.4,-94.6,-95.2,-95.6,-96.2,-96.5,-96.5,-96.0,-94.0,-92.7,-92.0,-92.1,-92.9,-93.4,-92.8,-93.7,-95.6,-97.3,-97.9,-96.9,-95.1,-95.2,-99.7,-101.4,-99.3,-94.7,-90.2,-88.5,-90.3,-94.8,-95.7,-96.3,-96.4,-95.7,-94.8,-93.6,-92.4,-91.9,-91.9,-92.4,-93.1,-93.0,-92.1,-92.8,-94.7,-96.8,-97.7,-96.9,-95.0,674.2,673.5,673.9,675.2,676.5,677.6,676.7,675.5,677.8,675.1,673.3,672.7,674.1,676.5,679.1,677.1,674.8,673.8,674.2,675.7,676.2,676.8,676.9,676.7,676.1,675.6,675.4,675.7,674.5,675.7,676.6,676.7,676.0,674.8,673.9,674.0,676.1,674.7,673.6,673.6,675.1,677.5,680.4,677.1,674.4,672.7,672.7,674.2,675.5,675.5,675.9,676.4,676.7,676.7,676.3,675.8,-32.3,-43.5,598.0,0.021,-0.101,-0.003,0.09,0.0,2.2,0.0,0.08,0.21,0.03,1.21,0.06,0.46,0.0,0.05,0.0,0.0,0.72,0.18
0.212524,0.289658,-0.933237,0.069018,0.253154,-0.964961,0.147,0.279,358.7,360.1,363.6,367.2,368.8,367.7,363.9,360.3,352.5,355.3,358.9,363.0,366.9,369.7,371.7,369.7,366.7,362.9,359.0,355.4,362.1,363.7,365.2,365.7,365.1,363.5,362.0,361.4,415.1,416.7,420.5,424.1,425.5,423.8,420.1,416.2,411.2,413.8,417.2,421.0,424.6,427.6,429.8,427.6,424.6,421.1,417.3,413.7,418.5,420.1,421.7,422.4,421.8,420.3,418.7,417.9,146.9,143.1,141.2,142.4,146.0,150.1,151.7,150.5,147.3,146.5,145.8,145.2,145.1,145.4,146.1,147.5,148.4,149.0,149.0,148.5,148.0,148.6,147.8,146.2,144.6,144.1,144.9,146.5,146.1,142.5,141.3,143.0,146.8,150.4,151.7,150.2,146.8,145.8,145.2,145.1,145.9,146.9,148.3,148.9,149.0,148.7,148.3,147.9,148.1,148.9,148.3,146.8,145.2,144.4,145.0,146.5,-74.0,-72.3,-68.2,-64.1,-62.4,-63.8,-68.1,-72.2,-81.7,-78.0,-73.6,-68.8,-64.5,-61.4,-59.3,-61.4,-64.8,-69.0,-73.6,-78.0,-70.2,-68.5,-66.7,-66.0,-66.8,-68.5,-70.2,-70.9,-8.2,-6.3,-1.8,2.5,4.1,2.2,-2.3,-6.9,-12.9,-9.7,-5.8,-1.2,3.1,6.7,9.4,6.7,3.1,-1.1,-5.6,-9.9,-4.1,-2.3,-0.3,0.5,-0.2,-2.1,-4.0,-4.8,-92.4,-96.8,-99.0,-97.8,-93.8,-89.2,-87.2,-88.4,-92.4,-93.0,-93.5,-94.2,-94.5,-94.6,-94.2,-92.1,-90.8,-90.0,-90.0,-90.7,-91.4,-90.9,-91.8,-93.7,-95.4,-95.9,-95.0,-93.1,-95.1,-99.6,-101.3,-99.2,-94.5,-90.1,-88.4,-90.2,-94.6,-95.5,-96.1,-96.2,-95.5,-94.6,-93.3,-92.1,-91.7,-91.8,-92.3,-93.0,-92.8,-91.9,-92.6,-94.6,-96.6,-97.5,-96.8,-94.8,660.2,659.6,660.2,661.7,663.1,664.1,663.0,661.6,663.6,661.1,659.4,659.0,660.6,663.1,665.9,663.7,661.3,660.1,660.3,661.7,662.4,663.1,663.3,663.1,662.5,661.9,661.6,661.8,672.9,674.2,675.2,675.2,674.3,673.0,672.1,672.2,674.4,673.0,672.0,672.0,673.4,675.8,678.7,675.4,672.6,671.0,671.0,672.5,673.8,673.8,674.2,674.8,675.1,675.1,674.7,674.1,-32.2,-43.7,598.3,0.041,-0.094,0.004,0.0,0.0,2.15,0.0,0.06,0.32,0.03,1.26,0.02,0.55,0.0,0.17,0.0,0.0,0.68,0.35
0.197457,0.298802,-0.933664,0.070849,0.262965,-0.9622,0.141,0.288,357.6,359.0,362.5,366.2,367.8,366.6,362.8,359.2,351.3,354.2,357.9,362.0,365.9,368.7,370.7,368.7,365.7,361.9,358.0,354.3,361.0,362.6,364.1,364.7,364.0,362.4,360.9,360.3,414.2,415.8,419.6,423.3,424.8,423.2,419.4,415.4,410.1,412.8,416.2,420.1,423.8,426.7,429.0,426.8,423.8,420.3,416.4,412.7,417.7,419.3,421.0,421.7,421.1,419.4,417.8,417.1,147.1,143.3,141.4,142.6,146.2,150.3,152.0,150.7,147.5,146.6,146.0,145.4,145.3,145.6,146.3,147.8,148.7,149.3,149.3,148.8,148.3,148.8,148.0,146.3,144.8,144.3,145.1,146.7,146.3,142.6,141.3,143.1,146.9,150.6,151.9,150.4,146.9,145.9,145.2,145.2,145.9,146.9,148.3,149.0,149.0,148.8,148.4,148.0,148.3,149.1,148.5,146.9,145.3,144.5,145.1,146.7,-74.3,-72.6,-68.6,-64.5,-62.8,-64.3,-68.6,-72.6,-82.0,-78.2,-73.8,-69.0,-64.8,-61.7,-59.7,-61.8,-65.1,-69.3,-73.8,-78.2,-70.6,-68.9,-67.1,-66.4,-67.1,-68.9,-70.6,-71.3,-9.1,-7.2,-2.8,1.6,3.3,1.4,-3.1,-7.7,-13.9,-10.8,-6.7,-2.2,2.1,5.6,8.2,5.7,2.2,-2.0,-6.6,-10.9,-5.0,-3.1,-1.2,-0.4,-1.1,-3.0,-4.9,-5.8,-90.9,-95.3,-97.6,-96.4,-92.4,-87.9,-85.8,-87.0,-91.0,-91.6,-92.1,-92.8,-93.1,-93.2,-92.8,-90.7,-89.3,-88.4,-88.4,-89.3,-90.0,-89.4,-90.4,-92.3,-94.0,-94.5,-93.5,-91.6,-93.2,-97.7,-99.4,-97.4,-92.7,-88.2,-86.5,-88.2,-92.7,-93.7,-94.3,-94.4,-93.8,-92.9,-91.7,-90.5,-90.0,-90.0,-90.5,-91.1,-90.9,-90.0,-90.8,-92.7,-94.8,-95.7,-94.9,-92.9,651.6,651.0,651.6,653.1,654.6,655.7,654.6,653.1,654.9,652.4,650.7,650.4,652.1,654.7,657.5,655.4,652.9,651.6,651.8,653.0,653.9,654.6,654.8,654.6,653.9,653.3,653.0,653.3,660.6,662.0,663.2,663.4,662.5,661.1,660.0,660.0,662.1,660.8,659.9,660.0,661.5,664.0,666.9,663.5,660.7,658.9,658.8,660.2,661.6,661.7,662.2,662.8,663.2,663.1,662.6,662.0,-33.2,-43.4,596.8,0.055,-0.083,0.008,0.0,0.0,2.15,0.0,0.0,0.17,0.0,1.37,0.06,0.53,0.0,0.27,0.0,0.0,0.72,0.36
0.194902,0.284078,-0.938783,0.058865,0.269635,-0.961162,0.133,0.284,356.4,357.8,361.4,365.0,366.5,365.3,361.5,357.9,349.8,352.9,356.7,360.9,364.8,367.5,369.3,367.5,364.5,360.8,356.8,353.0,359.7,361.3,362.8,363.4,362.7,361.2,359.7,359.1,413.1,414.8,418.6,422.1,423.5,421.8,418.0,414.1,409.2,411.7,415.0,418.9,422.5,425.5,427.8,425.5,422.5,418.9,415.1,411.6,416.5,418.1,419.7,420.5,419.9,418.3,416.7,416.0,147.3,143.4,141.5,142.8,146.4,150.5,152.2,151.0,147.9,147.0,146.4,145.7,145.6,146.0,146.7,148.1,148.9,149.5,149.5,149.0,148.5,149.0,148.2,146.6,145.0,144.5,145.3,146.9,146.7,143.1,141.8,143.5,147.4,151.0,152.3,150.8,147.2,146.2,145.6,145.5,146.3,147.3,148.6,149.4,149.6,149.4,149.0,148.4,148.7,149.4,148.9,147.3,145.6,144.9,145.4,147.0,-74.6,-72.9,-69.0,-65.1,-63.5,-65.0,-69.1,-73.1,-82.5,-78.7,-74.2,-69.4,-65.2,-62.4,-60.5,-62.5,-65.6,-69.7,-74.2,-78.7,-71.1,-69.5,-67.8,-67.0,-67.7,-69.4,-71.1,-71.8,-10.6,-8.6,-4.1,0.2,1.8,-0.3,-4.8,-9.4,-15.3,-12.3,-8.3,-3.7,0.7,4.2,7.0,4.2,0.5,-3.7,-8.2,-12.4,-6.5,-4.7,-2.7,-1.9,-2.5,-4.4,-6.3,-7.2,-89.5,-93.9,-96.2,-95.0,-91.0,-86.4,-84.3,-85.6,-89.3,-89.9,-90.5,-91.2,-91.6,-91.6,-91.2,-89.3,-87.9,-87.1,-87.0,-87.7,-88.5,-88.0,-89.0,-90.8,-92.5,-93.0,-92.1,-90.2,-94.8,-99.2,-100.9,-98.8,-94.2,-89.7,-88.0,-89.8,-94.5,-95.4,-96.0,-96.0,-95.4,-94.5,-93.3,-91.9,-91.3,-91.3,-91.9,-92.7,-92.6,-91.7,-92.4,-94.3,-96.3,-97.3,-96.5,-94.6,642.8,642.4,643.3,645.0,646.5,647.4,646.1,644.4,645.8,643.5,642.0,642.0,643.9,646.8,649.7,647.4,644.7,643.1,643.0,644.1,645.3,646.1,646.5,646.3,645.6,644.9,644.5,644.7,675.6,676.3,677.0,677.2,676.8,676.0,675.3,675.4,677.3,675.8,674.6,674.4,675.8,678.2,681.1,678.0,675.4,673.8,673.9,675.5,676.6,676.7,676.9,677.3,677.5,677.4,677.1,676.8,-34.4,-42.8,597.5,0.063,-0.077,0.009,0.0,0.0,2.22,0.0,0.0,0.12,0.0,1.44,0.09,0.53,0.01,0.31,0.0,0.0,0.67,0.28
0.194102,0.281589,-0.939698,0.063572,0.260949,-0.963257,0.135,0.278,356.3,357.8,361.4,365.1,366.6,365.3,361.5,357.9,349.7,352.9,356.7,361.0,364.9,367.6,369.4,367.5,364.6,360.8,356.8,352.9,359.7,361.2,362.8,363.4,362.8,361.2,359.7,359.1,413.1,414.7,418.5,422.1,423.5,421.8,418.1,414.2,409.1,411.7,415.0,418.9,422.5,425.5,427.7,425.5,422.5,419.0,415.1,411.6,416.5,418.1,419.7,420.4,419.8,418.3,416.6,415.9,147.4,143.5,141.6,142.8,146.5,150.6,152.3,151.0,147.8,147.0,146.3,145.7,145.6,146.0,146.7,148.2,149.2,149.8,149.8,149.2,148.5,149.0,148.2,146.6,145.0,144.5,145.3,147.0,146.7,143.0,141.7,143.5,147.3,151.0,152.3,150.8,147.3,146.2,145.6,145.5,146.3,147.3,148.7,149.4,149.6,149.4,148.9,148.5,148.7,149.5,148.9,147.3,145.7,144.9,145.5,147.0,-73.8,-72.0,-68.1,-64.2,-62.6,-64.2,-68.4,-72.3,-81.6,-77.8,-73.2,-68.4,-64.3,-61.5,-59.7,-61.7,-64.8,-68.8,-73.3,-77.8,-70.3,-68.6,-66.9,-66.2,-66.9,-68.5,-70.2,-70.9,-10.6,-8.6,-4.2,0.1,1.8,-0.2,-4.7,-9.3,-15.4,-12.3,-8.3,-3.7,0.6,4.1,6.8,4.1,0.6,-3.6,-8.2,-12.4,-6.5,-4.7,-2.7,-1.9,-2.6,-4.5,-6.4,-7.2,-88.4,-92.7,-94.9,-93.8,-89.9,-85.4,-83.3,-84.5,-88.3,-88.9,-89.4,-90.1,-90.5,-90.5,-90.1,-88.0,-86.6,-85.7,-85.7,-86.5,-87.4,-87.0,-87.9,-89.7,-91.4,-91.9,-90.9,-89.1,-94.3,-98.8,-100.5,-98.4,-93.7,-89.2,-87.6,-89.3,-93.8,-94.9,-95.5,-95.5,-94.9,-93.9,-92.7,-91.3,-90.8,-90.8,-91.4,-92.1,-92.0,-91.1,-91.9,-93.8,-95.8,-96.7,-96.0,-94.1,635.1,634.4,635.2,637.0,638.7,639.8,638.5,636.8,638.0,635.6,634.2,634.1,636.1,639.0,642.0,639.8,637.1,635.6,635.5,636.4,637.6,638.4,638.7,638.4,637.7,637.0,636.6,636.9,671.7,672.8,673.7,673.9,673.3,672.2,671.2,671.2,673.3,671.9,670.8,670.8,672.2,674.7,677.5,674.3,671.6,670.0,670.0,671.4,672.7,672.8,673.2,673.7,673.9,673.8,673.4,673.0,-34.4,-42.7,596.4,0.062,-0.081,0.011,0.0,0.0,2.33,0.0,0.03,0.05,0.0,1.28,0.1,0.39,0.01,0.2,0.0,0.0,0.48,0.12
0.214479,0.284694,-0.934317,0.068178,0.277845,-0.958204,0.148,0.289,356.7,358.2,361.8,365.4,367.0,365.7,361.9,358.2,350.0,353.0,356.8,361.0,364.9,367.7,369.7,367.7,364.6,360.8,356.8,353.0,360.1,361.6,363.2,363.8,363.1,361.6,360.1,359.5,413.7,415.4,419.2,422.9,424.3,422.7,418.9,414.9,409.6,412.3,415.6,419.6,423.3,426.3,428.5,426.3,423.3,419.7,415.8,412.2,417.3,418.9,420.5,421.2,420.6,419.0,417.3,416.6,148.1,144.2,142.3,143.5,147.1,151.2,152.9,151.7,148.4,147.5,146.9,146.4,146.3,146.6,147.3,148.9,149.8,150.4,150.4,149.7,149.2,149.7,148.9,147.2,145.7,145.2,146.0,147.6,147.6,143.8,142.4,144.1,148.1,151.8,153.3,151.8,148.0,147.0,146.4,146.3,146.9,147.8,149.0,149.9,150.3,150.3,149.9,149.3,149.5,150.3,149.6,148.0,146.3,145.5,146.2,147.8,-73.8,-72.0,-68.0,-64.1,-62.5,-64.1,-68.3,-72.3,-81.9,-78.1,-73.6,-68.8,-64.6,-61.7,-59.7,-61.8,-65.1,-69.3,-73.8,-78.1,-70.2,-68.6,-66.9,-66.1,-66.8,-68.5,-70.2,-70.9,-9.7,-7.7,-3.3,1.0,2.7,0.8,-3.7,-8.3,-14.5,-11.4,-7.4,-2.8,1.5,5.0,7.7,5.1,1.5,-2.7,-7.3,-11.5,-5.6,-3.7,-1.8,-0.9,-1.7,-3.5,-5.5,-6.3,-88.1,-92.4,-94.6,-93.5,-89.6,-85.2,-83.1,-84.2,-88.2,-88.8,-89.2,-89.8,-90.2,-90.2,-89.8,-87.7,-86.3,-85.5,-85.5,-86.4,-87.2,-86.7,-87.7,-89.5,-91.1,-91.6,-90.6,-88.8,-91.7,-96.2,-98.0,-96.1,-91.5,-86.9,-85.1,-86.8,-91.4,-92.4,-93.0,-93.1,-92.6,-92.0,-91.0,-89.4,-88.6,-88.4,-88.9,-89.7,-89.7,-88.8,-89.6,-91.6,-93.6,-94.4,-93.6,-91.7,638.8,638.1,638.8,640.5,642.2,643.4,642.2,640.5,642.1,639.5,637.9,637.6,639.4,642.1,645.0,642.9,640.5,639.1,639.2,640.4,641.3,642.0,642.3,642.0,641.3,640.6,640.3,640.6,661.2,661.8,662.6,663.1,663.0,662.4,661.6,661.3,662.8,661.3,660.3,660.3,661.8,664.4,667.4,664.3,661.6,659.9,659.8,661.2,662.5,662.7,663.1,663.3,663.4,663.2,662.8,662.6,-34.1,-42.7,598.9,0.064,-0.076,0.01,0.0,0.0,2.37,0.0,0.02,0.1,0.0,1.08,0.07,0.3,0.03,0.11,0.0,0.0,0.25,0.05
0.194445,0.290593,-0.936881,0.058721,0.274527,-0.959785,0.133,0.29,356.6,358.0,361.5,365.2,366.8,365.6,361.9,358.2,350.5,353.3,356.8,361.0,364.8,367.7,369.8,367.7,364.6,360.8,356.9,353.4,360.1,361.6,363.1,363.7,363.0,361.5,360.0,359.4,413.5,415.2,418.9,422.6,424.0,422.3,418.5,414.5,409.5,412.1,415.4,419.3,423.1,426.1,428.4,426.1,423.0,419.4,415.5,412.0,417.0,418.5,420.2,420.9,420.3,418.7,417.1,416.4,148.0,144.2,142.4,143.6,147.2,151.2,152.8,151.6,148.4,147.5,146.9,146.3,146.2,146.6,147.4,148.9,149.8,150.3,150.3,149.7,149.1,149.7,148.9,147.3,145.7,145.2,146.0,147.6,147.6,143.8,142.5,144.2,148.1,151.9,153.2,151.8,148.1,147.1,146.4,146.3,147.0,147.9,149.2,150.1,150.4,150.3,149.9,149.4,149.5,150.3,149.7,148.1,146.4,145.6,146.2,147.8,-76.0,-74.3,-70.2,-66.1,-64.3,-65.8,-70.2,-74.3,-83.5,-80.0,-75.6,-70.8,-66.4,-63.3,-61.2,-63.4,-66.8,-71.1,-75.6,-79.9,-72.2,-70.4,-68.7,-68.0,-68.7,-70.5,-72.2,-72.9,-10.1,-8.1,-3.6,0.7,2.3,0.3,-4.1,-8.8,-14.7,-11.7,-7.7,-3.1,1.2,4.9,7.6,4.8,1.2,-3.1,-7.6,-11.8,-5.9,-4.1,-2.2,-1.3,-2.0,-3.9,-5.8,-6.6,-90.6,-94.9,-97.1,-95.9,-91.9,-87.4,-85.4,-86.6,-90.7,-91.3,-91.8,-92.4,-92.7,-92.6,-92.1,-90.0,-88.7,-87.9,-88.0,-88.9,-89.6,-89.0,-90.0,-91.8,-93.5,-94.0,-93.1,-91.3,-92.3,-96.8,-98.5,-96.5,-91.8,-87.4,-85.7,-87.4,-92.0,-93.0,-93.6,-93.6,-93.0,-92.3,-91.2,-89.7,-89.0,-88.9,-89.4,-90.2,-90.2,-89.3,-90.1,-92.0,-94.0,-94.9,-94.1,-92.2,656.5,655.8,656.2,657.5,659.0,660.1,659.3,658.0,660.1,657.5,655.6,655.1,656.5,659.0,661.7,659.7,657.5,656.4,656.8,658.2,658.7,659.3,659.4,659.1,658.5,657.9,657.7,658.1,665.3,665.9,666.5,666.8,666.5,665.9,665.3,665.3,667.1,665.5,664.3,664.1,665.5,667.9,670.8,667.8,665.2,663.7,663.8,665.3,666.4,666.5,666.8,667.0,667.1,667.0,666.8,666.5,-34.2,-42.7,599.2,0.069,-0.076,0.012,0.0,0.0,2.44,0.0,0.02,0.1,0.0,0.89,0.08,0.17,0.01,0.01,0.0,0.0,0.11,0.0
0.194255,0.308313,-0.93124,0.040879,0.286621,-0.957172,0.124,0.305,356.3,357.8,361.5,365.3,366.9,365.7,361.8,358.0,350.1,353.0,356.6,360.8,364.8,367.8,370.0,367.8,364.6,360.6,356.7,353.1,359.9,361.6,363.2,363.8,363.1,361.4,359.8,359.2,413.3,415.0,418.7,422.4,423.8,422.1,418.3,414.4,409.6,412.1,415.3,419.2,423.0,426.2,428.6,426.1,422.9,419.3,415.4,412.0,416.9,418.4,420.0,420.8,420.2,418.6,417.0,416.3,148.2,144.3,142.5,143.7,147.4,151.5,153.2,151.9,148.3,147.5,146.9,146.4,146.3,146.6,147.4,148.8,149.7,150.3,150.2,149.6,149.4,150.0,149.2,147.5,145.9,145.3,146.1,147.8,147.7,143.9,142.5,144.2,148.1,151.8,153.3,151.8,148.1,147.0,146.4,146.3,146.9,147.7,148.9,149.9,150.3,150.2,149.9,149.3,149.5,150.2,149.6,148.0,146.3,145.6,146.2,147.8,-74.7,-72.9,-68.7,-64.6,-62.8,-64.4,-68.8,-73.0,-82.2,-78.6,-74.2,-69.4,-65.0,-61.8,-59.6,-61.9,-65.4,-69.8,-74.3,-78.6,-70.8,-69.0,-67.2,-66.5,-67.2,-69.0,-70.8,-71.6,-10.3,-8.3,-3.9,0.5,2.1,0.1,-4.4,-9.0,-14.7,-11.8,-7.9,-3.3,1.2,5.0,7.9,4.9,1.1,-3.2,-7.8,-11.9,-6.1,-4.3,-2.3,-1.5,-2.2,-4.0,-6.0,-6.8,-88.5,-92.8,-94.9,-93.7,-89.7,-85.2,-83.2,-84.5,-88.9,-89.4,-89.8,-90.3,-90.6,-90.6,-90.1,-88.1,-86.8,-86.1,-86.2,-87.1,-87.4,-86.9,-87.8,-89.7,-91.4,-91.9,-91.0,-89.1,-92.8,-97.3,-99.0,-96.9,-92.4,-87.9,-86.2,-88.0,-92.6,-93.6,-94.2,-94.2,-93.7,-93.0,-92.0,-90.5,-89.7,-89.5,-90.0,-90.9,-90.8,-89.9,-90.7,-92.6,-94.5,-95.4,-94.7,-92.8,642.8,641.9,642.2,643.5,645.0,646.3,645.6,644.3,646.4,643.6,641.7,641.1,642.5,644.9,647.6,645.6,643.4,642.4,642.9,644.4,644.9,645.5,645.6,645.2,644.6,644.0,643.9,644.2,669.8,669.8,669.9,670.0,670.0,669.9,669.8,670.0,671.8,669.9,668.4,667.9,669.0,671.4,674.3,671.5,669.1,667.9,668.2,669.9,670.7,670.7,670.8,670.8,670.8,670.8,670.7,670.7,-34.1,-42.7,598.4,0.069,-0.077,0.01,0.0,0.0,2.46,0.0,0.01,0.16,0.0,0.82,0.08,0.11,0.01,0.03,0.0,0.0,0.12,0.0
0.196014,0.29149,-0.936276,0.047265,0.274461,-0.960436,0.128,0.29,356.4,357.9,361.6,365.4,367.1,365.9,361.9,358.1,350.0,352.9,356.7,361.0,365.0,368.0,370.2,368.0,364.8,360.8,356.8,353.1,360.0,361.7,363.3,363.9,363.2,361.5,359.9,359.3,413.8,415.5,419.3,423.0,424.4,422.6,418.8,414.8,409.9,412.4,415.8,419.7,423.5,426.7,429.0,426.6,423.4,419.8,415.9,412.3,417.3,418.9,420.6,421.3,420.7,419.1,417.5,416.7,148.2,144.2,142.3,143.6,147.2,151.3,153.1,151.9,148.3,147.5,147.0,146.4,146.2,146.5,147.2,148.7,149.7,150.3,150.2,149.6,149.3,149.8,149.0,147.3,145.7,145.2,146.0,147.7,147.5,143.7,142.3,144.1,148.0,151.8,153.2,151.7,148.0,146.9,146.2,146.1,146.9,147.9,149.2,150.1,150.4,150.3,149.8,149.3,149.4,150.2,149.6,148.0,146.3,145.5,146.1,147.7,-73.4,-71.6,-67.5,-63.4,-61.6,-63.2,-67.6,-71.7,-81.0,-77.4,-72.9,-68.1,-63.7,-60.6,-58.5,-60.7,-64.1,-68.5,-73.0,-77.3,-69.6,-67.8,-66.0,-65.3,-66.0,-67.8,-69.6,-70.3,-9.6,-7.6,-3.1,1.2,2.8,0.7,-3.7,-8.3,-14.1,-11.1,-7.3,-2.6,1.8,5.5,8.3,5.4,1.7,-2.6,-7.1,-11.3,-5.5,-3.6,-1.7,-0.8,-1.5,-3.4,-5.3,-6.2,-87.0,-91.3,-93.5,-92.3,-88.5,-84.0,-82.0,-83.2,-87.4,-87.9,-88.3,-88.8,-89.2,-89.3,-88.9,-86.9,-85.5,-84.7,-84.8,-85.7,-86.1,-85.6,-86.5,-88.4,-90.0,-90.5,-89.6,-87.8,-91.5,-96.0,-97.7,-95.6,-91.0,-86.5,-84.8,-86.6,-91.2,-92.2,-92.9,-92.9,-92.2,-91.4,-90.2,-88.8,-88.1,-88.1,-88.6,-89.4,-89.4,-88.5,-89.2,-91.1,-93.2,-94.0,-93.3,-91.4,632.1,631.2,631.5,632.9,634.6,636.0,635.2,633.8,635.7,633.0,631.1,630.5,632.0,634.5,637.3,635.3,633.0,632.0,632.3,633.8,634.4,635.0,635.1,634.7,634.0,633.4,633.2,633.6,658.9,659.4,659.9,659.9,659.6,659.0,658.5,658.7,660.7,659.0,657.7,657.4,658.6,660.9,663.8,660.8,658.3,656.9,657.2,658.8,659.8,659.8,660.0,660.2,660.4,660.4,660.2,659.9,-33.6,-42.6,596.9,0.062,-0.076,0.007,0.0,0.0,2.53,0.0,0.03,0.19,0.01,0.81,0.06,0.05,0.0,0.04,0.0,0.0,0.12,0.0
0.187389,0.304527,-0.933889,0.038798,0.264458,-0.963617,0.119,0.291,356.4,357.9,361.6,365.5,367.1,365.9,361.9,358.0,350.1,353.1,356.8,361.0,365.0,368.1,370.3,368.1,364.8,360.8,356.8,353.1,360.0,361.7,363.3,363.9,363.2,361.6,359.9,359.3,414.1,415.8,419.6,423.2,424.6,422.9,419.1,415.1,410.3,412.8,416.2,420.1,423.9,427.0,429.4,427.0,423.8,420.1,416.2,412.7,417.6,419.2,420.8,421.6,421.0,419.4,417.7,417.0,148.0,144.0,142.2,143.5,147.2,151.4,153.0,151.7,148.0,147.2,146.7,146.2,146.1,146.4,147.1,148.6,149.5,150.0,149.9,149.3,149.2,149.8,149.0,147.3,145.7,145.1,145.9,147.6,147.3,143.6,142.2,144.0,147.9,151.6,153.0,151.5,147.9,146.9,146.2,146.1,146.8,147.7,149.1,150.0,150.2,150.1,149.7,149.2,149.3,150.0,149.4,147.8,146.1,145.4,146.0,147.6,-73.8,-72.0,-67.8,-63.6,-61.9,-63.5,-67.9,-72.1,-81.3,-77.6,-73.2,-68.4,-64.0,-60.8,-58.6,-60.9,-64.4,-68.8,-73.3,-77.7,-69.9,-68.2,-66.3,-65.6,-66.3,-68.1,-69.9,-70.7,-9.3,-7.3,-2.9,1.4,3.0,1.0,-3.4,-8.0,-13.7,-10.7,-6.8,-2.2,2.2,5.9,8.7,5.8,2.1,-2.2,-6.7,-10.9,-5.2,-3.3,-1.4,-0.5,-1.2,-3.1,-5.0,-5.9,-87.7,-92.0,-94.2,-92.9,-88.9,-84.4,-82.4,-83.7,-88.2,-88.7,-89.0,-89.5,-89.8,-89.8,-89.4,-87.4,-86.1,-85.4,-85.5,-86.5,-86.7,-86.1,-87.0,-88.9,-90.6,-91.1,-90.2,-88.4,-92.1,-96.5,-98.2,-96.2,-91.6,-87.1,-85.4,-87.2,-91.7,-92.7,-93.3,-93.4,-92.8,-91.9,-90.8,-89.3,-88.7,-88.6,-89.1,-89.9,-90.0,-89.1,-89.8,-91.7,-93.7,-94.6,-93.9,-92.0,635.5,634.6,634.9,636.2,637.7,639.0,638.3,637.0,639.0,636.3,634.4,633.9,635.2,637.6,640.3,638.3,636.1,635.1,635.5,637.0,637.6,638.2,638.3,637.9,637.2,636.7,636.6,636.9,661.7,662.2,662.6,662.7,662.3,661.8,661.4,661.6,663.6,661.9,660.5,660.2,661.5,663.9,666.7,663.7,661.2,659.9,660.1,661.7,662.6,662.6,662.8,663.0,663.2,663.1,663.0,662.8,-33.4,-42.4,594.9,0.059,-0.073,0.011,0.03,0.0,2.55,0.05,0.03,0.22,0.03,0.82,0.02,0.0,0.0,0.05,0.0,0.0,0.16,0.0
0.198082,0.301873,-0.932543,0.045027,0.268196,-0.962312,0.128,0.292,356.8,358.3,362.1,365.9,367.5,366.2,362.2,358.4,350.4,353.3,357.1,361.4,365.4,368.4,370.5,368.3,365.1,361.1,357.1,353.4,360.3,362.0,363.6,364.3,363.6,361.9,360.3,359.7,414.2,415.9,419.7,423.4,424.8,423.0,419.2,415.3,410.4,412.9,416.2,420.2,424.0,427.1,429.5,427.1,423.9,420.2,416.3,412.8,417.7,419.3,421.0,421.7,421.1,419.5,417.9,417.1,148.0,144.1,142.2,143.5,147.3,151.4,153.1,151.7,148.0,147.2,146.7,146.2,146.1,146.4,147.2,148.6,149.5,150.1,150.0,149.3,149.2,149.8,149.0,147.3,145.7,145.1,145.9,147.6,147.5,143.7,142.3,144.1,148.0,151.8,153.2,151.7,147.9,146.9,146.3,146.2,146.8,147.7,148.9,150.0,150.3,150.3,149.9,149.2,149.4,150.1,149.5,147.9,146.2,145.4,146.1,147.7,-73.0,-71.2,-67.0,-62.9,-61.3,-62.9,-67.3,-71.4,-80.6,-77.0,-72.5,-67.7,-63.3,-60.2,-58.1,-60.4,-63.8,-68.2,-72.7,-77.0,-69.3,-67.5,-65.7,-64.9,-65.6,-67.4,-69.2,-70.0,-9.1,-7.1,-2.7,1.6,3.2,1.2,-3.3,-7.9,-13.6,-10.6,-6.7,-2.1,2.3,6.0,8.8,5.9,2.2,-2.1,-6.6,-10.8,-5.0,-3.1,-1.2,-0.3,-1.0,-2.9,-4.8,-5.7,-87.3,-91.6,-93.7,-92.5,-88.5,-84.1,-82.1,-83.3,-87.8,-88.3,-88.6,-89.1,-89.4,-89.4,-89.0,-87.0,-85.7,-85.0,-85.1,-86.1,-86.3,-85.7,-86.6,-88.5,-90.2,-90.7,-89.8,-88.0,-91.8,-96.2,-97.9,-95.8,-91.3,-86.8,-85.1,-86.9,-91.5,-92.5,-93.0,-93.0,-92.5,-91.8,-90.8,-89.2,-88.4,-88.3,-88.8,-89.7,-89.7,-88.8,-89.5,-91.5,-93.5,-94.3,-93.6,-91.7,632.6,631.7,632.1,633.6,635.3,636.6,635.8,634.3,636.0,633.4,631.6,631.1,632.6,635.1,637.9,635.8,633.5,632.4,632.8,634.1,634.9,635.5,635.7,635.3,634.6,634.0,633.8,634.2,660.6,660.8,661.1,661.3,661.3,661.0,660.8,660.8,662.5,660.7,659.3,659.0,660.3,662.7,665.6,662.8,660.3,659.0,659.2,660.8,661.6,661.7,661.8,661.9,661.9,661.9,661.7,661.6,-33.4,-42.4,595.2,0.057,-0.075,0.012,0.04,0.0,2.47,0.05,0.02,0.1,0.07,0.97,0.0,0.0,0.0,0.06,0.0,0.0,0.21,0.0
0.176744,0.292613,-0.939755,0.043423,0.260939,-0.964378,0.115,0.283,356.9,358.4,362.2,365.9,367.5,366.2,362.3,358.5,350.8,353.8,357.6,361.8,365.7,368.6,370.6,368.5,365.4,361.6,357.6,353.9,360.5,362.1,363.7,364.3,363.6,362.0,360.4,359.8,414.2,416.0,419.9,423.6,424.9,423.1,419.3,415.3,410.4,413.0,416.4,420.4,424.2,427.3,429.6,427.2,424.0,420.4,416.4,412.9,417.8,419.4,421.1,421.8,421.3,419.7,418.0,417.2,147.7,143.7,141.9,143.2,146.9,151.0,152.7,151.4,147.8,147.0,146.4,145.9,145.7,146.0,146.8,148.4,149.3,149.9,149.8,149.1,148.9,149.4,148.6,146.9,145.3,144.8,145.6,147.3,147.2,143.4,142.1,143.9,147.9,151.6,152.9,151.4,147.6,146.6,146.0,145.9,146.7,147.8,149.3,150.1,150.2,150.0,149.5,148.9,149.2,150.0,149.4,147.8,146.1,145.3,145.9,147.5,-73.5,-71.8,-67.6,-63.5,-61.9,-63.5,-67.8,-71.9,-80.8,-77.1,-72.6,-67.9,-63.6,-60.6,-58.6,-60.8,-64.1,-68.3,-72.8,-77.2,-69.8,-68.1,-66.3,-65.5,-66.2,-68.0,-69.8,-70.5,-9.0,-6.9,-2.4,1.8,3.4,1.3,-3.2,-7.8,-13.4,-10.4,-6.5,-1.9,2.5,6.1,8.9,6.1,2.3,-1.9,-6.4,-10.6,-4.9,-3.0,-1.1,-0.2,-0.9,-2.7,-4.7,-5.6,-88.5,-92.9,-95.1,-93.8,-89.9,-85.3,-83.3,-84.6,-88.8,-89.4,-89.8,-90.4,-90.8,-90.8,-90.3,-88.3,-86.9,-86.0,-86.1,-87.1,-87.5,-87.0,-87.9,-89.8,-91.5,-92.0,-91.1,-89.2,-91.3,-95.7,-97.4,-95.2,-90.6,-86.2,-84.5,-86.4,-91.0,-92.0,-92.5,-92.5,-91.8,-90.8,-89.5,-88.2,-87.7,-87.7,-88.4,-89.2,-89.1,-88.1,-88.8,-90.8,-92.8,-93.7,-93.0,-91.1,638.8,638.0,638.5,640.0,641.7,642.9,641.9,640.4,641.7,639.3,637.6,637.4,639.1,641.7,644.6,642.5,640.0,638.7,638.8,640.0,641.1,641.7,642.0,641.6,640.9,640.3,640.1,640.4,654.5,655.2,655.7,655.7,655.2,654.5,654.0,654.2,656.2,654.6,653.3,653.1,654.4,656.7,659.5,656.5,653.9,652.5,652.7,654.3,655.3,655.3,655.5,655.8,656.1,656.0,655.8,655.5,-33.2,-42.1,593.3,0.052,-0.075,0.014,0.04,0.0,2.32,0.05,0.0,0.05,0.06,1.01,0.0,0.0,0.01,0.13,0.0,0.0,0.39,0.18
0.170319,0.283511,-0.943723,0.059712,0.249572,-0.966513,0.12,0.272,357.5,359.0,362.8,366.5,368.1,366.7,362.7,359.0,351.4,354.4,358.2,362.4,366.4,369.3,371.3,369.2,366.0,362.1,358.1,354.4,361.0,362.6,364.2,364.9,364.2,362.6,361.0,360.3,414.9,416.6,420.4,424.1,425.5,423.8,419.9,416.0,410.9,413.5,416.9,420.8,424.5,427.6,429.8,427.6,424.5,420.9,417.0,413.4,418.4,420.0,421.6,422.4,421.8,420.2,418.5,417.8,146.9,143.0,141.2,142.6,146.3,150.4,152.0,150.6,146.8,146.1,145.7,145.2,145.2,145.7,146.4,147.9,148.8,149.2,149.1,148.3,148.2,148.7,148.0,146.3,144.7,144.1,144.9,146.6,146.5,142.8,141.5,143.3,147.2,150.9,152.2,150.7,147.2,146.1,145.3,145.3,146.1,147.2,148.7,149.5,149.6,149.4,149.0,148.5,148.6,149.4,148.8,147.2,145.5,144.7,145.3,146.9,-72.9,-71.0,-66.8,-62.8,-61.2,-62.9,-67.3,-71.3,-80.2,-76.4,-71.9,-67.1,-62.9,-59.8,-57.8,-60.0,-63.4,-67.6,-72.2,-76.5,-69.2,-67.4,-65.6,-64.8,-65.5,-67.2,-69.0,-69.8,-8.3,-6.3,-1.8,2.4,4.1,2.1,-2.4,-7.0,-13.0,-9.9,-6.0,-1.4,3.0,6.5,9.2,6.5,2.9,-1.3,-5.8,-10.0,-4.2,-2.3,-0.4,0.5,-0.2,-2.1,-4.0,-4.9,-89.3,-93.6,-95.7,-94.4,-90.4,-85.9,-84.0,-85.3,-89.9,-90.3,-90.6,-91.0,-91.3,-91.2,-90.7,-88.7,-87.4,-86.7,-86.9,-88.0,-88.2,-87.7,-88.6,-90.4,-92.1,-92.7,-91.8,-89.9,-92.5,-96.9,-98.6,-96.5,-91.8,-87.4,-85.7,-87.5,-91.9,-93.0,-93.7,-93.8,-93.1,-92.1,-90.7,-89.4,-88.8,-88.8,-89.4,-90.2,-90.2,-89.3,-90.0,-91.9,-94.0,-94.9,-94.2,-92.2,638.3,637.5,638.0,639.4,641.0,642.2,641.3,639.9,641.4,638.9,637.2,636.9,638.6,641.2,644.1,641.9,639.5,638.2,638.4,639.6,640.6,641.2,641.4,641.0,640.4,639.8,639.6,639.9,657.5,658.6,659.4,659.5,658.8,657.8,656.9,657.0,659.1,657.6,656.6,656.5,657.9,660.2,663.1,659.9,657.2,655.7,655.7,657.2,658.4,658.5,658.8,659.3,659.6,659.5,659.2,658.7,-32.7,-42.2,591.4,0.036,-0.071,0.013,0.02,0.0,2.14,0.0,0.0,0.1,0.04,1.09,0.0,0.0,0.01,0.2,0.0,0.0,0.47,0.49
0.177889,0.265082,-0.947675,0.050687,0.232063,-0.971379,0.119,0.253,358.2,359.6,363.3,367.0,368.7,367.5,363.6,359.8,352.2,355.1,358.8,362.9,366.8,369.8,371.8,369.7,366.6,362.7,358.8,355.2,361.7,363.4,364.9,365.5,364.8,363.2,361.6,361.0,415.1,416.8,420.6,424.2,425.6,423.9,420.1,416.1,411.3,413.8,417.1,421.1,424.8,427.9,430.2,427.9,424.7,421.1,417.2,413.7,418.6,420.2,421.8,422.6,422.0,420.4,418.7,418.0,146.0,142.0,140.2,141.5,145.2,149.3,151.0,149.7,146.2,145.4,144.7,144.2,144.2,144.6,145.4,146.9,147.7,148.2,148.2,147.5,147.2,147.8,147.0,145.3,143.7,143.1,143.9,145.6,145.4,141.6,140.2,142.0,145.9,149.7,151.0,149.5,146.1,144.9,144.2,144.1,144.7,145.7,147.0,148.0,148.3,148.3,147.9,147.3,147.3,148.0,147.4,145.8,144.1,143.4,144.0,145.6,-73.0,-71.3,-67.2,-63.0,-61.3,-62.7,-67.1,-71.3,-80.3,-76.7,-72.3,-67.5,-63.2,-60.0,-57.9,-60.1,-63.5,-67.8,-72.3,-76.7,-69.2,-67.4,-65.6,-64.9,-65.6,-67.4,-69.2,-70.0,-8.1,-6.1,-1.6,2.6,4.2,2.2,-2.3,-6.9,-12.6,-9.6,-5.7,-1.1,3.3,7.0,9.7,6.9,3.2,-1.0,-5.6,-9.7,-4.0,-2.2,-0.2,0.6,-0.0,-1.9,-3.8,-4.7,-91.6,-96.0,-98.2,-96.9,-92.9,-88.3,-86.2,-87.6,-91.8,-92.4,-92.9,-93.4,-93.7,-93.6,-93.0,-91.0,-89.8,-89.0,-89.1,-90.0,-90.5,-89.9,-90.9,-92.8,-94.5,-95.1,-94.1,-92.2,-94.4,-98.8,-100.5,-98.4,-93.8,-89.4,-87.7,-89.5,-93.8,-94.9,-95.6,-95.7,-95.1,-94.3,-93.2,-91.6,-90.8,-90.7,-91.2,-92.1,-92.3,-91.4,-92.1,-94.0,-96.0,-96.9,-96.2,-94.3,646.9,646.3,646.8,648.0,649.3,650.3,649.4,648.2,650.2,647.7,645.9,645.5,647.0,649.5,652.2,650.1,647.8,646.6,646.9,648.3,649.0,649.5,649.7,649.4,648.9,648.4,648.2,648.4,661.3,661.7,662.1,662.3,662.1,661.7,661.3,661.4,663.0,661.4,660.0,659.8,661.1,663.6,666.5,663.6,661.1,659.7,659.8,661.3,662.3,662.4,662.6,662.7,662.8,662.7,662.5,662.4,-32.2,-43.1,591.2,0.016,-0.074,0.012,0.0,0.0,2.09,0.0,0.0,0.11,0.0,1.08,0.0,0.0,0.01,0.27,0.0,0.0,0.56,0.73
0.16325,0.270866,-0.948673,0.04835,0.235766,-0.970606,0.11,0.258,357.8,359.3,363.0,366.7,368.3,367.1,363.2,359.5,352.1,354.9,358.5,362.7,366.6,369.5,371.6,369.5,366.3,362.4,358.6,355.0,361.4,363.0,364.6,365.2,364.5,362.9,361.3,360.7,415.1,416.8,420.7,424.3,425.7,423.9,420.1,416.1,411.3,413.8,417.1,421.1,424.9,428.1,430.4,428.0,424.8,421.1,417.2,413.7,418.6,420.2,421.9,422.6,422.0,420.5,418.8,418.1,146.0,142.1,140.3,141.7,145.3,149.4,151.0,149.7,146.2,145.4,144.8,144.3,144.3,144.7,145.4,146.9,147.7,148.2,148.1,147.5,147.3,147.8,147.1,145.4,143.8,143.2,144.0,145.7,145.4,141.7,140.3,142.1,146.0,149.8,151.1,149.6,146.0,144.9,144.2,144.1,144.7,145.6,146.9,148.0,148.5,148.5,148.0,147.3,147.3,148.1,147.5,145.8,144.2,143.4,144.0,145.6,-74.1,-72.3,-68.1,-63.9,-62.2,-63.7,-68.1,-72.4,-81.2,-77.5,-73.2,-68.3,-64.0,-60.8,-58.6,-60.9,-64.4,-68.7,-73.3,-77.6,-70.2,-68.4,-66.6,-65.8,-66.5,-68.4,-70.2,-70.9,-8.1,-6.0,-1.5,2.7,4.3,2.2,-2.3,-6.9,-12.5,-9.5,-5.7,-1.1,3.4,7.1,9.9,7.0,3.2,-1.1,-5.6,-9.6,-3.9,-2.1,-0.2,0.7,0.1,-1.8,-3.7,-4.6,-92.4,-96.7,-98.8,-97.5,-93.4,-88.9,-86.9,-88.3,-92.7,-93.2,-93.6,-94.1,-94.3,-94.3,-93.7,-91.8,-90.5,-89.8,-89.9,-90.9,-91.2,-90.6,-91.5,-93.4,-95.2,-95.7,-94.8,-93.0,-94.1,-98.4,-100.1,-98.0,-93.4,-89.1,-87.4,-89.2,-93.7,-94.7,-95.3,-95.3,-94.8,-94.1,-93.0,-91.4,-90.5,-90.3,-90.8,-91.8,-92.0,-91.1,-91.8,-93.7,-95.7,-96.6,-95.9,-94.0,652.5,651.8,652.1,653.3,654.6,655.7,655.0,653.9,656.0,653.3,651.5,650.9,652.3,654.8,657.4,655.4,653.2,652.1,652.5,654.0,654.5,655.0,655.2,654.8,654.3,653.8,653.6,654.0,659.6,659.5,659.7,659.9,660.1,660.1,659.9,660.0,661.5,659.6,658.1,657.7,659.0,661.4,664.4,661.6,659.3,658.0,658.2,659.8,660.6,660.7,660.8,660.8,660.7,660.6,660.6,660.6,-32.1,-43.1,591.1,0.012,-0.073,0.011,0.0,0.0,2.09,0.02,0.0,0.1,0.0,1.09,0.0,0.0,0.0,0.35,0.0,0.0,0.52,0.83
0.18385,0.249169,-0.950849,0.085022,0.197023,-0.976705,0.139,0.227,359.0,360.4,364.0,367.8,369.6,368.5,364.6,360.8,353.3,356.0,359.6,363.6,367.6,370.6,372.9,370.7,367.4,363.6,359.7,356.1,362.7,364.3,365.9,366.4,365.7,364.1,362.5,362.0,416.4,418.0,421.8,425.5,427.0,425.3,421.5,417.5,412.4,415.0,418.4,422.3,426.0,428.9,431.1,429.0,426.0,422.5,418.6,414.9,419.9,421.5,423.1,423.9,423.2,421.6,420.0,419.2,143.8,139.8,138.0,139.3,143.0,147.2,148.8,147.5,144.4,143.3,142.6,142.0,142.0,142.5,143.3,144.6,145.2,145.7,145.8,145.4,145.1,145.7,144.9,143.2,141.6,141.0,141.8,143.5,142.5,138.8,137.4,139.2,143.1,146.8,148.2,146.7,143.3,142.1,141.3,141.2,141.9,143.0,144.5,145.3,145.5,145.4,145.0,144.5,144.5,145.3,144.7,143.1,141.4,140.6,141.2,142.8,-72.8,-71.3,-67.1,-62.8,-60.8,-62.2,-66.6,-70.9,-80.0,-76.4,-72.1,-67.4,-62.9,-59.6,-57.2,-59.6,-63.1,-67.5,-72.1,-76.4,-68.8,-66.9,-65.2,-64.5,-65.3,-67.2,-69.0,-69.6,-6.5,-4.6,-0.2,4.1,5.8,3.8,-0.6,-5.2,-11.2,-8.2,-4.2,0.4,4.6,8.1,10.7,8.1,4.6,0.5,-4.0,-8.2,-2.5,-0.6,1.3,2.2,1.4,-0.4,-2.4,-3.2,-95.1,-99.7,-101.9,-100.5,-96.3,-91.5,-89.5,-90.9,-95.0,-95.8,-96.4,-97.0,-97.2,-96.9,-96.3,-94.5,-93.4,-92.8,-92.8,-93.5,-93.8,-93.2,-94.2,-96.1,-97.9,-98.5,-97.6,-95.6,-97.2,-101.7,-103.4,-101.3,-96.7,-92.2,-90.5,-92.2,-96.4,-97.7,-98.4,-98.6,-98.0,-97.1,-95.7,-94.3,-93.7,-93.6,-94.0,-94.8,-95.0,-94.0,-94.8,-96.8,-98.8,-99.7,-98.9,-97.0,653.9,653.7,654.1,654.9,655.7,656.2,655.4,654.6,657.6,654.9,653.0,652.4,653.6,655.8,658.2,656.1,653.8,652.9,653.5,655.2,655.6,655.9,656.1,656.0,655.7,655.3,655.2,655.2,657.4,658.5,659.6,659.9,659.2,658.1,657.0,656.9,658.7,657.4,656.5,656.6,658.2,660.7,663.6,660.4,657.6,655.8,655.7,657.0,658.5,658.6,659.0,659.5,659.8,659.7,659.2,658.7,-30.6,-45.4,587.8,-0.026,-0.094,0.005,0.0,0.0,2.15,0.05,0.0,0.01,0.0,1.06,0.0,0.0,0.0,0.41,0.0,0.0,0.49,0.82
0.178268,0.251304,-0.95135,0.086012,0.202305,-0.975538,0.136,0.231,359.1,360.4,364.1,367.9,369.6,368.5,364.7,360.9,353.1,356.0,359.7,363.8,367.7,370.7,372.8,370.7,367.6,363.7,359.8,356.1,362.7,364.3,365.9,366.5,365.7,364.1,362.5,362.0,416.4,418.0,421.8,425.4,426.9,425.3,421.5,417.5,412.4,415.0,418.4,422.3,425.9,428.8,430.9,428.8,425.9,422.4,418.6,414.9,419.8,421.4,423.1,423.8,423.2,421.6,419.9,419.2,143.8,139.8,137.9,139.3,143.0,147.3,148.9,147.6,144.5,143.4,142.6,141.9,141.9,142.5,143.4,144.6,145.2,145.7,145.8,145.4,145.2,145.7,144.9,143.2,141.6,141.0,141.8,143.6,142.4,138.8,137.4,139.2,143.1,146.8,148.1,146.6,143.3,142.0,141.3,141.1,141.9,143.0,144.4,145.3,145.5,145.3,144.9,144.5,144.5,145.3,144.7,143.1,141.4,140.6,141.2,142.8,-72.3,-70.7,-66.7,-62.4,-60.4,-61.7,-66.1,-70.3,-79.5,-75.9,-71.5,-66.8,-62.4,-59.2,-57.0,-59.2,-62.6,-66.9,-71.4,-75.8,-68.3,-66.5,-64.7,-64.1,-64.9,-66.7,-68.5,-69.1,-6.5,-4.6,-0.3,4.0,5.7,3.8,-0.6,-5.2,-11.3,-8.2,-4.2,0.3,4.6,8.0,10.5,8.0,4.6,0.5,-4.0,-8.3,-2.5,-0.6,1.3,2.1,1.4,-0.5,-2.4,-3.3,-94.5,-99.0,-101.3,-99.9,-95.7,-90.9,-88.8,-90.2,-94.1,-95.0,-95.7,-96.4,-96.6,-96.4,-95.7,-93.9,-92.9,-92.2,-92.1,-92.7,-93.1,-92.5,-93.5,-95.5,-97.3,-97.9,-96.9,-95.0,-97.8,-102.3,-104.1,-102.0,-97.4,-92.9,-91.2,-92.9,-97.0,-98.3,-99.1,-99.3,-98.7,-97.8,-96.5,-95.0,-94.4,-94.2,-94.7,-95.4,-95.6,-94.7,-95.5,-97.4,-99.5,-100.4,-99.6,-97.6,649.4,649.3,650.0,651.0,651.8,652.1,651.1,650.1,652.7,650.2,648.5,648.2,649.6,652.0,654.6,652.2,649.8,648.6,648.9,650.4,651.2,651.6,651.9,651.9,651.6,651.2,650.9,650.9,661.6,662.8,664.0,664.4,663.9,662.6,661.5,661.2,662.8,661.6,660.9,661.1,662.7,665.3,668.3,665.0,662.1,660.3,660.0,661.2,662.8,663.0,663.5,664.1,664.3,664.1,663.6,663.1,-30.6,-45.5,588.9,-0.021,-0.092,0.005,0.0,0.0,2.18,0.05,0.0,0.0,0.0,1.07,0.0,0.0,0.0,0.31,0.0,0.0,0.45,0.66
0.17757,0.246739,-0.952675,0.111277,0.200117,-0.973432,0.149,0.228,359.8,361.1,364.7,368.5,370.3,369.2,365.4,361.6,353.9,356.8,360.5,364.7,368.6,371.6,373.7,371.7,368.5,364.7,360.7,357.0,363.4,365.0,366.6,367.2,366.4,364.8,363.2,362.7,417.1,418.5,422.1,425.8,427.4,426.0,422.3,418.4,412.9,415.4,418.8,422.6,426.2,429.0,431.1,429.1,426.4,423.0,419.2,415.5,420.5,422.1,423.7,424.3,423.6,422.0,420.4,419.8,143.8,139.8,137.9,139.2,143.0,147.3,148.9,147.6,144.7,143.6,142.7,142.0,142.0,142.6,143.4,144.6,145.2,145.6,145.8,145.5,145.2,145.7,144.9,143.2,141.6,141.0,141.8,143.6,141.7,138.1,136.8,138.5,142.2,145.8,147.1,145.7,142.8,141.5,140.6,140.4,141.1,142.2,143.7,144.4,144.4,144.3,144.0,143.8,143.7,144.4,143.9,142.3,140.6,139.9,140.5,142.1,-71.1,-69.6,-65.5,-61.3,-59.3,-60.5,-64.8,-69.1,-78.2,-74.6,-70.2,-65.4,-61.1,-57.9,-55.6,-57.8,-61.1,-65.4,-70.0,-74.4,-67.1,-65.3,-63.6,-62.9,-63.8,-65.6,-67.3,-68.0,-5.8,-4.2,0.1,4.5,6.4,4.7,0.4,-4.3,-10.8,-7.8,-3.8,0.7,5.0,8.3,10.8,8.5,5.2,1.2,-3.4,-7.7,-1.8,0.1,2.0,2.8,1.9,0.0,-1.9,-2.6,-93.9,-98.6,-100.8,-99.4,-95.2,-90.3,-88.3,-89.7,-93.4,-94.3,-95.0,-95.8,-96.0,-95.8,-95.2,-93.5,-92.4,-91.7,-91.6,-92.1,-92.6,-92.0,-93.0,-95.0,-96.8,-97.4,-96.4,-94.4,-99.9,-104.4,-106.2,-104.3,-99.7,-95.2,-93.4,-95.0,-98.6,-100.1,-101.1,-101.4,-100.8,-99.9,-98.4,-97.2,-96.7,-96.6,-96.8,-97.3,-97.7,-96.8,-97.6,-99.6,-101.6,-102.4,-101.6,-99.7,645.7,645.8,646.6,647.5,648.1,648.4,647.2,646.3,648.9,646.5,644.9,644.6,646.1,648.6,651.2,648.7,646.2,644.9,645.2,646.7,647.5,647.9,648.2,648.3,648.0,647.6,647.3,647.2,669.3,671.1,672.7,673.1,672.1,670.3,668.8,668.5,670.3,669.4,668.8,669.2,670.8,673.4,676.3,672.9,669.9,667.9,667.6,668.7,670.5,670.7,671.3,672.1,672.6,672.4,671.7,670.9,-29.5,-47.3,596.5,-0.008,-0.11,-0.009,0.0,0.0,2.26,0.03,0.0,0.0,0.0,1.19,0.08,0.0,0.0,0.15,0.0,0.0,0.44,0.41
0.217065,0.289131,-0.932355,0.113187,0.237783,-0.964701,0.172,0.271,360.0,361.3,364.8,368.4,370.1,369.0,365.3,361.6,353.7,356.7,360.3,364.4,368.1,371.0,373.0,371.0,368.0,364.3,360.4,356.7,363.4,365.0,366.5,367.0,366.3,364.7,363.2,362.7,416.7,418.1,421.8,425.5,427.2,425.8,422.2,418.1,412.5,415.2,418.6,422.5,426.0,428.9,431.0,429.1,426.3,422.8,418.9,415.2,420.2,421.9,423.5,424.1,423.4,421.7,420.1,419.5,146.6,142.7,140.8,142.1,145.7,149.9,151.5,150.3,147.1,146.1,145.4,144.8,144.8,145.2,145.9,147.2,147.9,148.4,148.5,148.1,147.9,148.4,147.6,145.9,144.4,143.8,144.6,146.3,143.7,140.1,138.7,140.4,144.1,147.7,149.1,147.8,144.8,143.5,142.6,142.4,143.1,144.2,145.7,146.2,146.3,146.2,145.9,145.7,145.7,146.5,145.9,144.3,142.6,141.9,142.5,144.1,-72.4,-70.9,-66.9,-62.7,-60.9,-62.2,-66.4,-70.6,-80.1,-76.4,-71.9,-67.2,-62.9,-59.9,-57.8,-59.8,-63.1,-67.3,-71.9,-76.3,-68.6,-66.9,-65.1,-64.5,-65.3,-67.1,-68.8,-69.4,-6.2,-4.5,-0.3,4.2,6.1,4.5,0.2,-4.5,-11.1,-8.0,-4.0,0.5,4.7,8.1,10.6,8.3,5.0,1.0,-3.6,-7.9,-2.1,-0.1,1.8,2.5,1.6,-0.3,-2.2,-2.9,-92.7,-97.2,-99.6,-98.3,-94.1,-89.3,-87.2,-88.5,-92.5,-93.3,-94.0,-94.6,-94.9,-94.8,-94.3,-92.4,-91.3,-90.5,-90.4,-91.0,-91.5,-90.9,-91.9,-93.9,-95.7,-96.2,-95.2,-93.3,-96.2,-100.7,-102.5,-100.6,-96.1,-91.6,-89.7,-91.3,-95.0,-96.4,-97.3,-97.6,-97.1,-96.2,-94.9,-93.7,-93.2,-93.1,-93.3,-93.7,-94.0,-93.1,-93.9,-95.9,-97.9,-98.7,-97.9,-95.9,659.5,659.4,660.3,661.7,662.7,663.2,661.9,660.6,662.6,660.3,658.8,658.6,660.2,662.8,665.6,663.2,660.6,659.2,659.3,660.6,661.7,662.3,662.7,662.6,662.2,661.6,661.2,661.3,660.3,662.1,663.8,664.1,663.1,661.2,659.6,659.3,661.2,660.3,659.8,660.2,661.8,664.4,667.2,663.8,660.7,658.7,658.4,659.5,661.4,661.5,662.2,663.1,663.5,663.4,662.7,661.8,-29.6,-45.8,601.7,0.04,-0.114,-0.023,0.0,0.0,2.33,0.0,0.02,0.07,0.0,1.31,0.17,0.0,0.0,0.0,0.0,0.0,0.49,0.16
0.220882,0.279633,-0.934354,0.102212,0.231498,-0.967451,0.168,0.263,359.9,361.2,364.7,368.4,370.1,369.0,365.3,361.6,353.3,356.4,360.1,364.3,368.1,370.9,372.9,371.0,368.0,364.2,360.3,356.5,363.3,364.9,366.4,366.9,366.2,364.7,363.2,362.6,416.6,418.0,421.7,425.5,427.2,425.8,422.1,418.0,412.5,415.2,418.6,422.5,426.1,429.0,431.2,429.2,426.3,422.8,418.9,415.2,420.2,421.9,423.5,424.1,423.3,421.7,420.1,419.4,146.6,142.7,140.7,141.9,145.6,149.8,151.5,150.3,147.1,146.2,145.5,144.8,144.7,145.1,145.7,147.1,147.9,148.4,148.5,148.2,147.8,148.3,147.5,145.8,144.2,143.7,144.6,146.3,143.7,140.1,138.7,140.3,144.0,147.6,149.0,147.7,144.9,143.6,142.6,142.4,143.1,144.2,145.7,146.2,146.2,146.1,145.8,145.7,145.7,146.4,145.8,144.2,142.6,141.9,142.5,144.1,-71.1,-69.6,-65.7,-61.6,-59.8,-61.1,-65.3,-69.3,-79.1,-75.3,-70.8,-66.0,-61.8,-58.8,-56.8,-58.8,-62.0,-66.2,-70.7,-75.2,-67.5,-65.7,-64.0,-63.4,-64.2,-65.9,-67.6,-68.2,-6.3,-4.6,-0.4,4.1,6.1,4.4,0.2,-4.6,-11.0,-7.9,-4.0,0.6,4.8,8.2,10.8,8.4,5.0,1.0,-3.6,-7.9,-2.1,-0.2,1.7,2.5,1.6,-0.4,-2.3,-3.0,-90.9,-95.4,-97.8,-96.6,-92.6,-87.9,-85.7,-86.9,-90.8,-91.5,-92.1,-92.9,-93.2,-93.2,-92.9,-90.9,-89.7,-88.9,-88.7,-89.3,-89.9,-89.4,-90.4,-92.3,-94.0,-94.5,-93.5,-91.6,-95.7,-100.2,-102.0,-100.1,-95.6,-91.2,-89.4,-90.9,-94.5,-95.8,-96.8,-97.1,-96.6,-95.6,-94.3,-93.2,-92.7,-92.7,-92.9,-93.2,-93.5,-92.7,-93.5,-95.4,-97.4,-98.2,-97.4,-95.5,647.3,647.1,648.0,649.5,650.8,651.5,650.1,648.6,650.3,648.0,646.5,646.4,648.2,650.9,653.8,651.4,648.7,647.2,647.2,648.4,649.7,650.3,650.7,650.6,650.1,649.4,649.0,649.1,656.9,658.9,660.5,660.7,659.4,657.4,655.8,655.7,657.9,656.9,656.4,656.7,658.3,660.8,663.5,660.1,657.1,655.2,654.9,656.1,657.8,657.9,658.6,659.5,660.1,660.0,659.3,658.4,-29.5,-45.7,601.5,0.036,-0.109,-0.026,0.0,0.0,2.36,0.0,0.03,0.07,0.0,1.51,0.25,0.13,0.0,0.02,0.0,0.0,0.55,0.08
0.212939,0.307914,-0.927279,0.097872,0.264803,-0.959323,0.163,0.295,358.7,360.1,363.7,367.4,369.1,368.0,364.2,360.5,352.4,355.4,359.1,363.2,367.0,369.9,372.0,370.0,366.9,363.1,359.2,355.5,362.3,363.9,365.4,366.0,365.2,363.6,362.1,361.5,415.9,417.3,420.9,424.6,426.3,424.9,421.3,417.3,411.8,414.4,417.8,421.6,425.2,428.1,430.2,428.2,425.4,421.9,418.1,414.4,419.4,421.0,422.6,423.2,422.5,420.9,419.3,418.7,149.2,145.3,143.3,144.5,148.1,152.2,154.0,152.8,149.5,148.7,148.0,147.4,147.2,147.4,148.0,149.5,150.4,151.0,151.1,150.6,150.3,150.8,150.0,148.3,146.7,146.2,147.1,148.8,146.0,142.4,140.9,142.6,146.3,149.9,151.3,150.0,147.1,145.8,144.9,144.7,145.3,146.3,147.7,148.3,148.5,148.4,148.2,148.0,147.9,148.6,148.0,146.4,144.8,144.1,144.7,146.3,-72.7,-71.1,-67.0,-62.9,-61.0,-62.4,-66.7,-70.9,-80.3,-76.6,-72.2,-67.5,-63.2,-60.1,-57.9,-60.0,-63.3,-67.6,-72.1,-76.6,-68.9,-67.1,-65.4,-64.7,-65.5,-67.2,-69.0,-69.6,-7.2,-5.6,-1.3,3.2,5.1,3.4,-0.9,-5.6,-12.1,-9.0,-5.0,-0.5,3.8,7.2,9.9,7.4,4.0,-0.1,-4.7,-9.0,-3.1,-1.1,0.7,1.4,0.6,-1.3,-3.2,-3.9,-88.2,-92.6,-95.0,-93.9,-89.9,-85.3,-83.1,-84.2,-88.3,-88.9,-89.4,-90.1,-90.6,-90.7,-90.4,-88.4,-87.0,-86.1,-86.0,-86.7,-87.3,-86.8,-87.8,-89.7,-91.4,-91.9,-90.9,-88.9,-94.9,-99.4,-101.3,-99.4,-94.9,-90.4,-88.5,-90.0,-93.8,-95.1,-96.0,-96.4,-95.9,-95.1,-93.8,-92.5,-91.9,-91.8,-92.0,-92.4,-92.7,-91.9,-92.8,-94.7,-96.7,-97.5,-96.7,-94.7,649.1,648.5,649.1,650.6,652.1,653.1,652.1,650.6,652.3,649.9,648.2,647.9,649.5,652.0,654.8,652.6,650.2,648.9,649.1,650.4,651.4,652.0,652.3,652.0,651.4,650.8,650.5,650.8,670.1,671.7,673.0,673.4,672.5,670.8,669.5,669.3,671.3,670.2,669.5,669.7,671.3,673.9,676.7,673.4,670.4,668.5,668.3,669.5,671.2,671.3,671.9,672.6,673.0,672.9,672.3,671.6,-30.3,-43.3,602.1,0.07,-0.099,-0.032,0.0,0.0,2.36,0.0,0.1,0.26,0.02,1.68,0.26,0.43,0.0,0.32,0.08,0.0,0.63,0.23
0.186607,0.35251,-0.917014,0.082511,0.330206,-0.940296,0.144,0.352,356.6,358.0,361.5,365.1,366.7,365.5,361.8,358.2,350.8,353.7,357.2,361.2,364.9,367.6,369.6,367.7,364.7,361.0,357.2,353.7,360.0,361.6,363.0,363.6,362.9,361.4,359.9,359.3,413.9,415.5,419.2,422.8,424.3,422.7,419.0,415.1,410.0,412.5,415.7,419.6,423.3,426.4,428.7,426.4,423.3,419.7,415.9,412.4,417.4,419.0,420.6,421.3,420.6,419.1,417.5,416.8,155.0,151.2,149.4,150.6,154.1,158.1,159.7,158.5,155.2,154.4,153.8,153.3,153.2,153.5,154.2,155.6,156.5,157.0,157.0,156.4,156.1,156.6,155.9,154.2,152.7,152.2,153.0,154.6,152.0,148.2,146.7,148.3,152.1,155.9,157.4,156.1,152.4,151.4,150.7,150.6,151.0,151.7,152.7,153.9,154.5,154.6,154.3,153.7,153.7,154.4,153.7,152.1,150.5,149.8,150.4,152.1,-78.1,-76.5,-72.4,-68.2,-66.4,-67.9,-72.2,-76.4,-85.5,-81.8,-77.3,-72.6,-68.3,-65.2,-63.2,-65.3,-68.6,-72.9,-77.4,-81.8,-74.3,-72.5,-70.8,-70.1,-70.8,-72.6,-74.4,-75.1,-9.7,-7.8,-3.4,1.0,2.7,0.9,-3.6,-8.3,-14.3,-11.4,-7.5,-2.9,1.6,5.3,8.1,5.3,1.6,-2.7,-7.3,-11.4,-5.5,-3.6,-1.7,-0.9,-1.6,-3.5,-5.4,-6.2,-84.8,-89.3,-91.6,-90.3,-86.3,-81.6,-79.5,-80.8,-85.0,-85.6,-86.1,-86.8,-87.1,-87.1,-86.6,-84.6,-83.2,-82.4,-82.5,-83.3,-83.8,-83.3,-84.2,-86.1,-87.8,-88.4,-87.4,-85.5,-88.4,-92.9,-94.7,-92.8,-88.3,-83.8,-82.0,-83.6,-88.1,-89.1,-89.7,-89.9,-89.5,-89.0,-88.2,-86.4,-85.4,-85.0,-85.5,-86.3,-86.5,-85.7,-86.5,-88.4,-90.4,-91.2,-90.4,-88.4,675.5,674.9,675.4,676.8,678.2,679.3,678.3,676.9,678.6,676.1,674.5,674.2,675.8,678.4,681.1,679.0,676.5,675.2,675.4,676.7,677.7,678.3,678.5,678.3,677.7,677.1,676.8,677.1,674.7,674.8,675.2,675.5,675.7,675.6,675.2,675.2,676.7,674.9,673.5,673.2,674.5,677.0,680.0,677.1,674.7,673.3,673.4,675.0,675.9,676.1,676.2,676.3,676.2,676.0,675.9,675.9,-32.6,-36.3,600.2,0.144,-0.084,-0.027,0.0,0.0,2.39,0.0,0.16,0.39,0.02,1.81,0.31,0.74,0.0,0.54,0.19,0.0,0.73,0.39
0.183987,0.340515,-0.922062,0.074951,0.318126,-0.945081,0.138,0.339,356.7,358.0,361.5,365.1,366.8,365.6,362.0,358.3,350.8,353.7,357.3,361.3,365.0,367.8,369.7,367.8,364.9,361.2,357.4,353.8,360.1,361.6,363.1,363.7,363.0,361.5,360.0,359.4,413.7,415.3,419.0,422.7,424.2,422.6,418.9,414.9,409.9,412.4,415.7,419.6,423.3,426.3,428.7,426.4,423.3,419.7,415.8,412.3,417.3,418.9,420.5,421.2,420.5,418.9,417.3,416.6,155.1,151.2,149.4,150.5,154.1,158.1,159.8,158.6,155.2,154.4,153.8,153.2,153.1,153.4,154.0,155.5,156.5,157.0,157.1,156.5,156.2,156.7,155.9,154.2,152.7,152.2,153.0,154.7,152.0,148.2,146.7,148.3,152.1,155.9,157.5,156.1,152.5,151.4,150.7,150.5,151.0,151.8,152.9,153.9,154.5,154.5,154.2,153.8,153.8,154.5,153.8,152.2,150.5,149.8,150.5,152.1,-77.3,-75.7,-71.6,-67.4,-65.7,-67.1,-71.4,-75.5,-84.6,-80.8,-76.4,-71.7,-67.5,-64.5,-62.4,-64.5,-67.7,-71.9,-76.4,-80.9,-73.5,-71.7,-70.0,-69.3,-70.0,-71.8,-73.6,-74.3,-9.8,-8.0,-3.6,0.8,2.6,0.8,-3.7,-8.4,-14.4,-11.4,-7.5,-2.9,1.5,5.2,8.0,5.2,1.5,-2.7,-7.3,-11.5,-5.6,-3.7,-1.8,-1.0,-1.8,-3.7,-5.6,-6.4,-83.9,-88.4,-90.7,-89.5,-85.5,-80.8,-78.7,-79.9,-84.1,-84.8,-85.3,-86.0,-86.4,-86.4,-86.0,-83.9,-82.5,-81.6,-81.6,-82.4,-82.9,-82.4,-83.4,-85.3,-87.0,-87.5,-86.5,-84.6,-87.7,-92.3,-94.2,-92.3,-87.7,-83.2,-81.3,-82.9,-87.4,-88.5,-89.1,-89.3,-88.9,-88.4,-87.4,-85.8,-84.8,-84.5,-84.9,-85.7,-85.8,-85.0,-85.8,-87.8,-89.7,-90.6,-89.7,-87.8,668.7,668.2,668.8,670.2,671.7,672.7,671.6,670.2,671.7,669.3,667.7,667.5,669.2,671.9,674.7,672.5,670.0,668.6,668.7,669.9,671.0,671.6,671.9,671.7,671.0,670.4,670.2,670.4,670.1,670.5,671.0,671.3,671.2,670.8,670.3,670.3,672.0,670.3,669.0,668.8,670.1,672.6,675.5,672.6,670.0,668.6,668.7,670.2,671.3,671.4,671.6,671.8,671.8,671.7,671.5,671.3,-32.6,-36.2,601.0,0.128,-0.084,-0.029,0.0,0.0,2.45,0.0,0.23,0.49,0.09,1.94,0.39,0.97,0.0,0.82,0.39,0.0,0.82,0.71
0.154096,0.360255,-0.920038,0.063732,0.351612,-0.933974,0.117,0.367,355.3,356.6,360.1,363.9,365.6,364.5,360.7,357.0,350.1,352.8,356.1,360.1,363.9,366.9,369.1,366.9,363.7,360.0,356.2,352.8,358.9,360.5,362.0,362.6,361.8,360.2,358.7,358.1,412.7,414.3,418.1,421.8,423.2,421.6,417.8,413.9,409.0,411.5,414.7,418.6,422.4,425.5,427.9,425.5,422.3,418.7,414.8,411.4,416.3,417.9,419.5,420.2,419.6,418.0,416.4,415.7,157.7,153.9,152.1,153.3,156.8,160.8,162.4,161.2,157.8,157.0,156.5,156.0,155.9,156.1,156.8,158.3,159.1,159.7,159.6,159.0,158.8,159.3,158.6,156.9,155.4,154.9,155.7,157.3,154.9,151.1,149.6,151.3,155.1,158.9,160.4,159.0,155.0,154.0,153.4,153.3,153.8,154.5,155.6,156.8,157.4,157.5,157.1,156.4,156.6,157.3,156.7,155.0,153.4,152.6,153.3,154.9,-79.7,-78.0,-73.8,-69.4,-67.5,-68.9,-73.4,-77.8,-86.3,-82.8,-78.5,-73.7,-69.3,-65.9,-63.6,-66.0,-69.6,-74.0,-78.5,-82.8,-75.6,-73.7,-71.8,-71.1,-71.9,-73.8,-75.7,-76.4,-11.0,-9.0,-4.6,-0.2,1.5,-0.5,-5.0,-9.6,-15.4,-12.5,-8.6,-4.0,0.5,4.2,7.1,4.2,0.4,-3.9,-8.5,-12.6,-6.8,-4.9,-3.0,-2.1,-2.8,-4.7,-6.7,-7.5,-81.6,-86.0,-88.2,-86.8,-82.7,-78.1,-76.1,-77.5,-81.9,-82.5,-82.8,-83.4,-83.6,-83.6,-83.1,-81.1,-79.8,-79.1,-79.2,-80.2,-80.4,-79.8,-80.8,-82.7,-84.4,-85.0,-84.1,-82.2,-84.1,-88.6,-90.3,-88.4,-83.9,-79.4,-77.7,-79.4,-84.3,-85.2,-85.7,-85.7,-85.2,-84.7,-83.9,-82.1,-81.1,-80.8,-81.4,-82.4,-82.2,-81.4,-82.2,-84.1,-86.0,-86.9,-86.1,-84.2,674.8,673.9,673.9,674.7,675.9,677.2,676.9,676.1,678.4,675.6,673.5,672.7,673.9,676.1,678.6,676.7,674.7,673.9,674.6,676.3,676.5,676.9,676.8,676.5,675.9,675.6,675.6,676.0,668.4,668.1,668.1,668.4,668.8,669.1,669.1,669.1,670.3,668.4,666.8,666.4,667.7,670.1,673.1,670.4,668.1,666.8,667.0,668.6,669.5,669.7,669.7,669.6,669.4,669.3,669.2,669.4,-33.5,-32.7,597.2,0.15,-0.08,-0.026,0.0,0.0,2.54,0.06,0.2,0.48,0.12,1.95,0.45,0.89,0.0,0.9,0.66,0.0,1.01,1.03
0.112019,0.346337,-0.931398,0.048612,0.322405,-0.945353,0.085,0.342,353.5,355.0,358.8,362.6,364.3,363.0,359.0,355.1,348.4,351.2,355.0,359.2,363.3,366.2,368.2,366.0,362.8,358.9,354.9,351.3,357.2,358.8,360.5,361.1,360.4,358.7,357.1,356.5,411.1,412.7,416.5,420.1,421.5,419.8,416.1,412.2,407.6,409.9,413.0,416.9,420.7,423.9,426.3,423.9,420.6,417.0,413.2,409.9,414.7,416.2,417.8,418.5,417.9,416.4,414.8,414.0,158.1,154.2,152.5,153.8,157.4,161.4,163.0,161.7,158.2,157.4,157.0,156.5,156.4,156.8,157.7,159.3,160.3,160.8,160.6,159.7,159.2,159.8,159.0,157.4,155.8,155.3,156.0,157.7,155.3,151.6,150.2,151.9,155.7,159.4,160.8,159.3,155.7,154.6,154.0,153.9,154.4,155.1,156.1,157.4,158.1,158.2,157.8,157.1,157.0,157.7,157.1,155.5,153.9,153.1,153.8,155.3,-77.3,-75.4,-71.1,-66.9,-65.2,-66.8,-71.4,-75.6,-83.4,-79.9,-75.4,-70.5,-66.1,-63.1,-61.1,-63.4,-66.9,-71.2,-75.7,-79.9,-73.3,-71.5,-69.6,-68.8,-69.6,-71.4,-73.2,-74.0,-13.0,-11.0,-6.6,-2.3,-0.6,-2.6,-7.0,-11.7,-17.2,-14.4,-10.7,-6.1,-1.5,2.3,5.2,2.2,-1.6,-5.9,-10.5,-14.4,-8.8,-6.9,-5.0,-4.1,-4.8,-6.7,-8.6,-9.5,-76.6,-80.7,-82.7,-81.3,-77.4,-73.1,-71.3,-72.7,-76.9,-77.4,-77.6,-78.1,-78.4,-78.2,-77.6,-75.6,-74.2,-73.5,-73.8,-74.9,-75.5,-74.9,-75.8,-77.6,-79.2,-79.8,-79.0,-77.2,-84.3,-88.6,-90.2,-88.3,-83.8,-79.5,-77.8,-79.6,-84.0,-85.1,-85.6,-85.6,-85.1,-84.6,-83.8,-82.0,-80.9,-80.6,-81.1,-82.2,-82.4,-81.5,-82.3,-84.1,-86.1,-86.9,-86.2,-84.3,637.2,635.9,635.7,636.7,638.4,640.1,639.9,638.9,640.5,637.7,635.7,635.1,636.6,639.1,642.0,640.2,638.1,637.1,637.5,638.8,639.1,639.5,639.4,638.9,638.1,637.7,637.8,638.4,673.7,673.1,672.8,672.9,673.5,674.1,674.4,674.6,675.9,673.7,671.9,671.2,672.3,674.6,677.4,675.1,673.0,672.0,672.5,674.2,674.7,674.8,674.6,674.4,674.2,674.1,674.2,674.5,-35.1,-31.7,596.5,0.147,-0.065,-0.024,0.0,0.0,2.62,0.11,0.2,0.43,0.16,1.96,0.48,0.74,0.0,1.0,0.91,0.0,1.12,1.29
0.119387,0.345381,-0.930838,0.053256,0.316551,-0.947079,0.092,0.339,353.3,354.9,358.7,362.6,364.3,362.9,358.9,355.0,348.0,350.9,354.8,359.1,363.2,366.2,368.2,365.9,362.7,358.7,354.7,351.0,357.1,358.7,360.4,361.0,360.3,358.7,357.0,356.3,411.3,412.9,416.6,420.2,421.6,420.0,416.3,412.4,407.7,410.0,413.1,417.0,420.8,424.0,426.4,423.9,420.7,417.1,413.4,410.0,414.8,416.4,418.0,418.7,418.0,416.5,414.9,414.2,158.2,154.4,152.6,153.9,157.5,161.4,163.1,161.8,158.1,157.4,157.0,156.5,156.4,156.7,157.6,159.2,160.3,160.9,160.7,159.8,159.2,159.8,159.0,157.4,155.9,155.3,156.1,157.7,155.4,151.7,150.2,151.9,155.7,159.4,160.8,159.4,155.8,154.8,154.1,154.0,154.5,155.1,156.1,157.4,158.0,158.2,157.8,157.2,157.0,157.7,157.1,155.5,153.9,153.2,153.8,155.4,-76.2,-74.3,-70.0,-65.8,-64.2,-65.9,-70.4,-74.6,-82.5,-78.9,-74.4,-69.5,-65.2,-62.2,-60.2,-62.5,-65.9,-70.2,-74.7,-79.0,-72.3,-70.5,-68.6,-67.8,-68.5,-70.3,-72.1,-73.0,-12.9,-10.9,-6.5,-2.2,-0.5,-2.4,-6.8,-11.5,-17.2,-14.4,-10.6,-6.0,-1.5,2.4,5.3,2.3,-1.5,-5.8,-10.4,-14.4,-8.6,-6.8,-4.8,-4.0,-4.7,-6.6,-8.5,-9.4,-75.2,-79.3,-81.2,-80.0,-76.2,-72.0,-70.2,-71.5,-75.7,-76.1,-76.3,-76.8,-77.1,-77.1,-76.5,-74.5,-73.0,-72.2,-72.5,-73.7,-74.3,-73.7,-74.6,-76.3,-77.9,-78.5,-77.6,-75.9,-84.7,-89.0,-90.7,-88.8,-84.3,-80.0,-78.3,-80.0,-84.4,-85.4,-86.0,-86.1,-85.6,-85.1,-84.3,-82.5,-81.4,-81.1,-81.6,-82.6,-82.8,-82.0,-82.7,-84.6,-86.5,-87.4,-86.6,-84.7,626.8,625.3,625.1,626.4,628.3,630.2,629.9,628.7,630.0,627.2,625.2,624.7,626.3,628.9,631.9,630.2,628.1,627.0,627.2,628.4,628.8,629.4,629.3,628.6,627.8,627.3,627.4,628.0,677.7,677.2,676.9,677.1,677.5,678.0,678.3,678.4,679.9,677.7,676.0,675.3,676.3,678.7,681.5,679.1,677.0,675.9,676.4,678.1,678.7,678.7,678.6,678.4,678.2,678.2,678.3,678.5,-35.2,-31.6,596.0,0.138,-0.067,-0.021,0.06,0.0,2.6,0.11,0.19,0.4,0.09,1.81,0.43,0.61,0.0,0.94,0.82,0.03,0.93,0.97
0.15869,0.310979,-0.937075,0.047777,0.286582,-0.956864,0.109,0.306,353.9,355.4,359.1,362.9,364.6,363.4,359.4,355.6,348.2,351.0,354.7,358.9,362.9,365.9,368.0,365.9,362.6,358.7,354.8,351.1,357.6,359.2,360.8,361.4,360.7,359.1,357.5,356.9,411.4,413.0,416.7,420.4,421.9,420.3,416.6,412.6,407.8,410.2,413.3,417.2,421.0,424.2,426.5,424.2,421.1,417.5,413.7,410.2,415.0,416.6,418.2,418.9,418.2,416.6,415.1,414.4,153.8,150.0,148.2,149.4,153.0,157.0,158.7,157.4,153.9,153.1,152.6,152.1,151.9,152.2,153.0,154.5,155.5,156.0,156.0,155.3,154.9,155.5,154.7,153.0,151.5,151.0,151.8,153.4,151.8,148.0,146.5,148.1,151.9,155.7,157.2,155.9,152.4,151.1,150.3,150.0,150.5,151.4,152.6,153.8,154.4,154.5,154.2,153.7,153.5,154.2,153.5,151.9,150.3,149.6,150.2,151.8,-77.4,-75.6,-71.4,-67.2,-65.5,-67.0,-71.4,-75.7,-84.4,-80.8,-76.4,-71.5,-67.2,-64.0,-61.8,-64.1,-67.6,-71.9,-76.5,-80.8,-73.5,-71.7,-69.9,-69.1,-69.8,-71.6,-73.4,-74.2,-12.6,-10.7,-6.3,-1.9,-0.2,-2.0,-6.4,-11.1,-16.9,-14.0,-10.3,-5.6,-1.1,2.6,5.4,2.6,-1.1,-5.4,-9.9,-14.0,-8.3,-6.4,-4.5,-3.7,-4.5,-6.4,-8.3,-9.1,-82.0,-86.2,-88.3,-87.1,-83.2,-78.8,-76.9,-78.1,-82.4,-82.9,-83.3,-83.8,-84.1,-84.1,-83.7,-81.7,-80.3,-79.5,-79.6,-80.6,-81.0,-80.5,-81.4,-83.2,-84.9,-85.4,-84.5,-82.7,-88.2,-92.6,-94.5,-92.6,-88.0,-83.6,-81.7,-83.4,-87.6,-88.9,-89.8,-90.0,-89.5,-88.9,-87.8,-86.0,-85.0,-84.7,-85.1,-85.9,-86.3,-85.4,-86.2,-88.2,-90.1,-90.9,-90.1,-88.2,642.3,641.2,641.3,642.5,644.2,645.7,645.2,644.0,645.9,643.2,641.1,640.5,642.0,644.5,647.2,645.3,643.1,642.1,642.5,644.0,644.4,644.9,644.9,644.4,643.7,643.2,643.2,643.7,671.2,671.3,671.4,671.6,671.6,671.6,671.4,671.5,673.1,671.2,669.7,669.3,670.5,672.9,675.7,673.0,670.7,669.4,669.7,671.3,672.2,672.3,672.3,672.4,672.3,672.3,672.2,672.2,-35.3,-36.3,596.8,0.091,-0.06,-0.018,0.06,0.0,2.47,0.05,0.23,0.49,0.04,1.69,0.44,0.59,0.1,0.8,0.57,0.04,0.53,0.46
0.150757,0.319262,-0.935598,0.049316,0.292443,-0.955011,0.105,0.313,353.9,355.4,359.1,362.9,364.6,363.3,359.4,355.6,348.2,351.1,354.7,359.0,362.9,366.0,368.1,365.9,362.7,358.8,354.8,351.2,357.6,359.2,360.8,361.4,360.7,359.1,357.5,356.9,411.5,413.1,416.8,420.4,421.8,420.3,416.6,412.7,407.9,410.2,413.3,417.2,421.0,424.2,426.7,424.2,421.0,417.4,413.6,410.2,415.1,416.6,418.2,418.9,418.3,416.7,415.1,414.4,153.8,150.0,148.2,149.4,153.0,157.0,158.7,157.4,153.9,153.1,152.6,152.1,152.0,152.3,153.0,154.5,155.5,156.1,156.0,155.3,154.9,155.5,154.7,153.1,151.5,151.0,151.8,153.4,151.8,148.0,146.5,148.2,152.0,155.7,157.2,155.8,152.4,151.1,150.3,150.0,150.6,151.4,152.7,153.9,154.4,154.5,154.2,153.7,153.5,154.2,153.6,151.9,150.3,149.6,150.3,151.9,-77.4,-75.7,-71.4,-67.2,-65.5,-67.1,-71.5,-75.7,-84.4,-80.8,-76.4,-71.5,-67.1,-63.9,-61.8,-64.1,-67.5,-71.9,-76.4,-80.8,-73.5,-71.7,-69.9,-69.1,-69.9,-71.7,-73.5,-74.3,-12.6,-10.7,-6.3,-1.9,-0.2,-2.1,-6.5,-11.1,-16.9,-14.1,-10.4,-5.8,-1.2,2.6,5.6,2.6,-1.2,-5.5,-10.0,-14.0,-8.3,-6.4,-4.5,-3.7,-4.5,-6.3,-8.2,-9.0,-82.1,-86.3,-88.4,-87.1,-83.2,-78.8,-76.9,-78.2,-82.5,-83.0,-83.3,-83.8,-84.1,-84.1,-83.7,-81.7,-80.3,-79.5,-79.6,-80.7,-81.1,-80.5,-81.4,-83.2,-84.9,-85.4,-84.6,-82.7,-88.5,-93.0,-94.8,-92.8,-88.3,-83.8,-82.1,-83.7,-88.0,-89.3,-90.1,-90.3,-89.8,-89.1,-87.9,-86.2,-85.3,-85.0,-85.5,-86.3,-86.6,-85.7,-86.5,-88.4,-90.4,-91.2,-90.5,-88.5,642.8,641.7,641.7,642.9,644.5,646.1,645.7,644.5,646.4,643.6,641.6,641.0,642.4,644.9,647.7,645.8,643.6,642.6,643.0,644.5,644.8,645.3,645.4,644.9,644.2,643.7,643.6,644.1,674.0,674.1,674.0,674.0,673.9,673.9,673.9,674.3,676.2,674.2,672.5,671.9,672.9,675.1,677.8,675.2,673.1,672.0,672.5,674.3,674.8,674.8,674.8,674.8,674.8,674.9,674.9,674.9,-35.3,-36.4,596.8,0.1,-0.059,-0.017,0.06,0.0,2.42,0.0,0.21,0.49,0.0,1.56,0.37,0.53,0.17,0.76,0.24,0.05,0.12,0.0
0.17852,0.308649,-0.934273,0.04439,0.281597,-0.958506,0.117,0.302,355.0,356.4,360.2,364.1,365.8,364.6,360.6,356.7,348.7,351.6,355.4,359.7,363.8,366.9,369.1,366.9,363.6,359.6,355.5,351.8,358.7,360.3,361.9,362.6,361.8,360.2,358.6,357.9,412.5,414.2,417.9,421.5,422.9,421.2,417.5,413.7,409.0,411.3,414.4,418.2,422.1,425.3,427.8,425.3,422.0,418.4,414.6,411.3,416.1,417.6,419.2,419.9,419.3,417.8,416.2,415.5,152.8,148.9,146.9,148.1,151.8,155.8,157.6,156.4,152.8,152.1,151.5,151.0,150.8,151.0,151.6,153.1,154.1,154.8,154.8,154.2,153.8,154.3,153.5,151.8,150.3,149.8,150.6,152.3,150.7,147.0,145.5,147.2,151.0,154.7,156.2,154.7,151.2,150.1,149.3,149.2,149.8,150.6,151.8,152.9,153.4,153.4,153.0,152.5,152.4,153.2,152.5,150.9,149.3,148.6,149.2,150.8,-74.4,-72.7,-68.5,-64.4,-62.6,-64.1,-68.5,-72.7,-81.9,-78.3,-73.8,-69.0,-64.6,-61.4,-59.2,-61.5,-64.9,-69.3,-73.9,-78.2,-70.6,-68.8,-67.0,-66.3,-67.0,-68.8,-70.6,-71.3,-11.3,-9.4,-4.9,-0.6,1.1,-0.9,-5.3,-10.0,-15.6,-12.8,-9.1,-4.5,0.1,4.0,6.9,3.9,0.0,-4.3,-8.8,-12.8,-7.1,-5.2,-3.3,-2.5,-3.2,-5.0,-6.9,-7.8,-81.3,-85.5,-87.7,-86.5,-82.7,-78.4,-76.3,-77.5,-81.7,-82.2,-82.5,-83.1,-83.5,-83.6,-83.3,-81.3,-79.9,-79.1,-79.1,-80.0,-80.4,-79.9,-80.9,-82.7,-84.3,-84.8,-83.8,-82.1,-89.9,-94.3,-96.0,-94.0,-89.4,-85.0,-83.3,-85.0,-89.5,-90.6,-91.2,-91.3,-90.7,-90.1,-89.0,-87.4,-86.5,-86.3,-86.8,-87.8,-87.9,-87.0,-87.7,-89.6,-91.6,-92.4,-91.7,-89.8,627.6,626.4,626.5,627.9,629.7,631.2,630.7,629.3,631.4,628.6,626.5,625.9,627.3,629.8,632.6,630.7,628.5,627.5,627.9,629.4,629.7,630.3,630.4,629.9,629.1,628.5,628.5,629.0,674.1,674.0,673.9,673.8,673.8,673.9,674.0,674.4,676.3,674.3,672.6,671.8,672.8,675.0,677.7,675.2,673.0,672.0,672.5,674.4,674.9,674.8,674.8,674.7,674.7,674.8,674.8,674.9,-34.4,-38.6,600.0,0.079,-0.061,-0.017,0.0,0.0,2.44,0.0,0.23,0.61,0.01,1.46,0.33,0.4,0.19,0.79,0.18,0.02,0.02,0.0
0.172679,0.31192,-0.934285,0.046033,0.287506,-0.956672,0.115,0.307,355.2,356.6,360.4,364.2,365.8,364.6,360.6,356.8,348.9,351.9,355.7,360.0,364.0,367.0,369.1,367.0,363.8,359.8,355.8,352.0,358.8,360.4,362.0,362.6,361.9,360.3,358.7,358.1,412.5,414.2,417.9,421.5,422.9,421.2,417.5,413.6,409.0,411.2,414.3,418.2,422.1,425.3,427.8,425.3,422.0,418.3,414.5,411.2,416.1,417.6,419.2,419.9,419.3,417.8,416.2,415.5,152.7,148.8,146.9,148.1,151.7,155.8,157.6,156.3,152.9,152.1,151.5,150.9,150.8,151.1,151.7,153.2,154.2,154.8,154.8,154.2,153.8,154.3,153.5,151.8,150.3,149.7,150.6,152.2,150.7,147.0,145.6,147.2,151.1,154.8,156.2,154.8,151.2,150.1,149.4,149.2,149.8,150.7,151.9,152.9,153.4,153.4,153.0,152.5,152.5,153.2,152.6,151.0,149.3,148.6,149.2,150.8,-74.7,-73.0,-68.8,-64.7,-63.0,-64.6,-68.9,-73.0,-82.2,-78.5,-74.0,-69.2,-64.8,-61.7,-59.7,-61.8,-65.2,-69.5,-74.1,-78.5,-70.9,-69.2,-67.4,-66.7,-67.4,-69.1,-70.9,-71.6,-11.3,-9.4,-4.9,-0.6,1.0,-0.9,-5.4,-10.0,-15.6,-12.8,-9.1,-4.5,0.1,4.0,7.0,3.9,-0.0,-4.4,-8.9,-12.9,-7.1,-5.2,-3.3,-2.5,-3.2,-5.0,-6.9,-7.8,-82.0,-86.2,-88.4,-87.2,-83.3,-78.9,-76.9,-78.1,-82.2,-82.8,-83.2,-83.8,-84.1,-84.1,-83.8,-81.8,-80.4,-79.6,-79.6,-80.5,-81.0,-80.5,-81.4,-83.3,-84.9,-85.4,-84.5,-82.7,-89.8,-94.2,-95.9,-93.9,-89.3,-84.9,-83.2,-85.0,-89.5,-90.5,-91.2,-91.2,-90.6,-89.9,-88.8,-87.2,-86.4,-86.3,-86.8,-87.7,-87.8,-86.9,-87.6,-89.5,-91.5,-92.4,-91.6,-89.7,631.8,630.8,631.2,632.5,634.2,635.6,634.8,633.5,635.3,632.7,630.8,630.3,631.9,634.5,637.4,635.3,633.0,631.8,632.1,633.4,634.0,634.6,634.7,634.3,633.6,633.0,632.9,633.3,673.9,673.8,673.7,673.5,673.5,673.5,673.7,674.1,676.2,674.1,672.3,671.6,672.5,674.6,677.3,674.8,672.7,671.7,672.3,674.2,674.6,674.5,674.5,674.5,674.5,674.5,674.6,674.6,-34.5,-38.8,600.6,0.089,-0.059,-0.015,0.1,0.0,2.33,0.0,0.16,0.34,0.01,1.38,0.27,0.31,0.21,0.73,0.25,0.01,0.0,0.0
0.269838,0.346527,-0.898391,-0.011334,0.297007,-0.954808,0.139,0.334,358.7,360.1,363.8,367.6,369.4,368.3,364.4,360.5,352.3,354.9,358.1,362.0,366.0,369.3,371.8,369.6,366.1,362.1,358.3,355.0,362.5,364.1,365.7,366.3,365.5,363.8,362.3,361.7,413.1,414.8,418.4,421.9,423.2,421.5,417.9,414.1,410.0,412.5,415.7,419.4,423.0,425.9,428.0,425.8,422.9,419.5,415.8,412.4,416.5,418.0,419.6,420.3,419.7,418.2,416.6,415.9,155.7,151.7,149.8,151.2,155.0,159.2,160.8,159.5,156.1,155.1,154.4,153.8,153.6,153.8,154.4,156.3,157.4,158.1,158.1,157.5,157.0,157.6,156.8,155.1,153.5,152.9,153.7,155.4,153.9,150.3,149.0,150.7,154.4,158.0,159.3,157.9,154.3,153.4,153.0,153.0,153.6,154.4,155.5,156.5,156.8,156.7,156.3,155.6,155.7,156.5,155.9,154.3,152.7,152.0,152.6,154.1,-72.4,-70.8,-66.6,-62.2,-60.3,-61.6,-66.0,-70.4,-80.3,-77.0,-73.0,-68.4,-64.0,-60.3,-57.6,-60.0,-63.9,-68.4,-72.8,-76.9,-68.3,-66.4,-64.6,-63.9,-64.8,-66.6,-68.4,-69.1,-10.9,-8.9,-4.4,-0.1,1.4,-0.6,-5.1,-9.7,-14.7,-11.7,-7.8,-3.1,1.2,4.8,7.4,4.7,1.1,-3.1,-7.6,-11.8,-6.8,-4.9,-3.0,-2.1,-2.8,-4.7,-6.6,-7.5,-80.4,-84.9,-87.1,-85.6,-81.4,-76.7,-74.7,-76.2,-80.5,-81.2,-81.8,-82.4,-82.7,-82.6,-82.2,-79.8,-78.3,-77.5,-77.7,-78.6,-79.1,-78.4,-79.4,-81.3,-83.1,-83.7,-82.8,-80.9,-88.4,-92.9,-94.5,-92.5,-87.9,-83.4,-81.8,-83.6,-88.2,-89.0,-89.4,-89.4,-88.8,-88.1,-87.1,-85.6,-84.9,-84.8,-85.4,-86.3,-86.3,-85.4,-86.2,-88.1,-90.1,-91.0,-90.2,-88.3,646.2,645.9,646.2,647.0,647.7,648.4,647.8,647.0,650.9,648.0,645.8,644.7,645.2,646.9,649.0,647.2,645.4,645.1,646.3,648.4,647.8,648.2,648.3,648.2,647.8,647.5,647.4,647.5,693.3,693.6,693.9,694.0,693.8,693.5,693.3,693.5,694.7,693.0,691.8,691.6,693.1,695.6,698.6,695.6,693.1,691.5,691.5,693.0,694.3,694.3,694.4,694.5,694.6,694.6,694.5,694.3,-33.5,-38.3,608.6,0.091,-0.06,-0.006,0.1,0.0,2.35,0.0,0.17,0.25,0.04,1.28,0.21,0.33,0.14,0.59,0.36,0.0,0.0,0.0
0.234606,0.357632,-0.903913,0.026445,0.298436,-0.954063,0.14,0.339,358.0,359.7,363.5,367.2,368.6,367.0,363.1,359.4,350.7,354.0,357.9,362.2,366.1,369.0,371.0,369.0,365.8,361.9,357.8,353.9,361.3,362.9,364.6,365.3,364.7,363.1,361.4,360.7,414.5,416.1,419.9,423.5,424.9,423.2,419.5,415.6,410.8,413.3,416.6,420.5,424.1,427.1,429.4,427.1,424.1,420.6,416.7,413.2,418.0,419.5,421.1,421.8,421.2,419.7,418.1,417.4,154.6,150.6,148.7,150.0,153.7,157.9,159.6,158.3,154.1,153.6,153.2,152.7,152.5,152.6,153.1,155.0,156.1,156.7,156.5,155.7,155.8,156.3,155.5,153.7,152.1,151.5,152.4,154.1,153.2,149.5,148.2,149.9,153.7,157.4,158.7,157.2,153.7,152.7,152.1,152.1,152.8,153.8,155.1,155.8,155.9,155.8,155.3,154.9,155.1,155.9,155.3,153.7,152.1,151.3,151.9,153.5,-70.2,-68.2,-64.1,-60.3,-58.9,-60.8,-65.0,-68.8,-78.5,-74.6,-70.1,-65.4,-61.3,-58.4,-56.4,-58.5,-61.7,-65.9,-70.4,-74.7,-66.8,-65.1,-63.3,-62.5,-63.1,-64.8,-66.5,-67.4,-9.0,-7.0,-2.6,1.8,3.4,1.4,-3.0,-7.7,-13.4,-10.4,-6.4,-1.8,2.5,6.1,8.9,6.2,2.5,-1.7,-6.3,-10.5,-4.8,-3.0,-1.1,-0.2,-0.9,-2.8,-4.7,-5.6,-78.3,-82.5,-84.7,-83.6,-79.8,-75.3,-73.2,-74.4,-79.1,-79.4,-79.7,-80.1,-80.6,-80.8,-80.7,-78.4,-76.8,-76.0,-76.1,-77.2,-77.3,-76.8,-77.8,-79.7,-81.4,-81.9,-80.9,-79.0,-87.2,-91.7,-93.4,-91.3,-86.6,-82.2,-80.5,-82.2,-86.8,-87.7,-88.3,-88.3,-87.6,-86.8,-85.5,-84.3,-83.8,-83.9,-84.4,-85.1,-85.0,-84.1,-84.8,-86.7,-88.7,-89.6,-88.9,-87.0,619.3,618.4,619.2,621.3,623.4,624.7,623.4,621.4,621.9,619.6,618.2,618.1,619.9,622.6,625.6,623.5,620.9,619.5,619.5,620.4,622.1,623.0,623.4,623.0,622.1,621.2,620.8,621.2,676.6,677.5,678.2,678.2,677.5,676.5,675.8,676.1,678.1,676.6,675.5,675.3,676.6,679.0,681.8,678.7,676.1,674.5,674.6,676.2,677.4,677.4,677.6,678.1,678.4,678.4,678.1,677.7,-33.1,-37.7,603.2,0.102,-0.053,0.002,0.14,0.0,2.46,0.0,0.14,0.11,0.09,1.19,0.18,0.28,0.11,0.5,0.41,0.0,0.0,0.0
0.239978,0.367194,-0.898654,0.024194,0.303901,-0.952396,0.142,0.348,357.7,359.6,363.5,367.3,368.7,367.0,362.8,359.1,350.1,353.6,357.6,362.1,366.2,369.2,371.2,369.1,365.8,361.7,357.5,353.5,361.1,362.8,364.5,365.3,364.7,363.1,361.3,360.5,414.5,416.2,419.9,423.6,425.0,423.4,419.6,415.7,410.8,413.4,416.7,420.6,424.3,427.4,429.7,427.4,424.3,420.7,416.8,413.3,418.1,419.7,421.3,422.0,421.4,419.8,418.2,417.5,154.7,150.6,148.6,149.9,153.7,158.0,159.8,158.5,154.0,153.5,153.1,152.7,152.5,152.5,152.9,154.9,156.2,156.9,156.7,155.7,155.8,156.4,155.5,153.7,152.1,151.5,152.3,154.1,153.3,149.6,148.2,149.9,153.7,157.4,158.8,157.4,153.8,152.9,152.2,152.2,152.9,153.8,155.1,155.8,155.9,155.7,155.3,154.9,155.2,156.0,155.4,153.8,152.1,151.4,152.0,153.6,-67.7,-65.6,-61.6,-57.8,-56.6,-58.5,-62.8,-66.5,-76.1,-72.1,-67.7,-62.9,-58.8,-56.0,-54.1,-56.2,-59.3,-63.5,-68.0,-72.3,-64.5,-62.8,-61.0,-60.1,-60.6,-62.3,-64.1,-65.0,-8.9,-6.9,-2.4,1.9,3.6,1.6,-2.8,-7.5,-13.2,-10.2,-6.3,-1.7,2.7,6.4,9.2,6.4,2.7,-1.5,-6.1,-10.3,-4.7,-2.8,-0.9,-0.0,-0.7,-2.6,-4.5,-5.4,-75.1,-79.3,-81.5,-80.4,-76.7,-72.4,-70.3,-71.4,-76.2,-76.4,-76.6,-77.1,-77.5,-77.9,-77.8,-75.4,-73.7,-72.8,-73.1,-74.2,-74.3,-73.8,-74.8,-76.6,-78.3,-78.7,-77.8,-76.0,-86.1,-90.6,-92.3,-90.3,-85.6,-81.2,-79.5,-81.2,-85.7,-86.6,-87.2,-87.2,-86.6,-85.7,-84.6,-83.4,-82.9,-82.9,-83.4,-84.1,-83.9,-83.0,-83.8,-85.7,-87.7,-88.6,-87.8,-85.9,595.2,594.2,595.0,597.2,599.6,601.1,599.8,597.5,597.7,595.4,594.0,594.0,595.8,598.6,601.7,599.6,597.1,595.6,595.5,596.3,598.2,599.2,599.5,599.1,598.1,597.1,596.7,597.2,669.0,670.1,670.7,670.6,669.8,668.8,668.2,668.5,670.7,669.1,667.9,667.8,669.0,671.3,674.1,671.0,668.4,666.9,667.1,668.7,669.8,669.7,670.0,670.5,670.8,670.8,670.6,670.1,-33.1,-37.6,601.7,0.11,-0.055,0.004,0.05,0.0,2.71,0.0,0.19,0.13,0.15,1.14,0.13,0.22,0.0,0.45,0.37,0.0,0.0,0.0
0.226856,0.35637,-0.906387,0.027199,0.299226,-0.953794,0.136,0.339,358.1,359.6,363.3,367.1,368.7,367.5,363.5,359.8,351.8,354.6,358.0,362.0,366.0,369.0,371.3,369.1,365.8,361.9,358.1,354.6,361.7,363.3,364.9,365.6,364.9,363.2,361.6,361.0,414.5,416.2,419.9,423.6,425.0,423.3,419.5,415.6,410.8,413.4,416.7,420.5,424.2,427.3,429.6,427.3,424.2,420.6,416.8,413.3,418.0,419.6,421.2,421.9,421.3,419.8,418.1,417.4,154.5,150.7,148.8,150.1,153.7,157.7,159.3,158.1,154.2,153.6,153.1,152.7,152.4,152.6,153.1,155.0,156.1,156.7,156.6,155.7,155.6,156.2,155.4,153.7,152.1,151.6,152.4,154.1,153.2,149.6,148.2,150.0,153.7,157.4,158.7,157.3,153.8,152.9,152.2,152.2,152.9,153.9,155.2,155.8,155.9,155.7,155.3,154.9,155.2,155.9,155.3,153.8,152.1,151.4,152.0,153.5,-73.6,-71.8,-67.6,-63.4,-61.6,-63.2,-67.7,-71.9,-81.3,-77.8,-73.7,-68.9,-64.5,-61.2,-58.8,-61.2,-64.8,-69.3,-73.7,-77.9,-69.8,-67.9,-66.1,-65.3,-66.0,-67.9,-69.7,-70.5,-8.9,-7.0,-2.5,1.9,3.5,1.5,-2.9,-7.6,-13.3,-10.3,-6.3,-1.8,2.6,6.3,9.1,6.3,2.6,-1.6,-6.2,-10.4,-4.7,-2.9,-0.9,-0.1,-0.8,-2.7,-4.6,-5.5,-82.4,-86.7,-88.8,-87.6,-83.7,-79.2,-77.2,-78.5,-83.2,-83.6,-83.8,-84.3,-84.7,-84.8,-84.5,-82.2,-80.6,-79.8,-80.1,-81.2,-81.4,-80.8,-81.8,-83.6,-85.4,-85.9,-85.0,-83.1,-86.6,-91.1,-92.7,-90.7,-86.0,-81.6,-79.9,-81.6,-86.1,-87.0,-87.6,-87.6,-87.0,-86.1,-84.9,-83.7,-83.3,-83.4,-83.8,-84.5,-84.3,-83.4,-84.2,-86.1,-88.1,-89.0,-88.2,-86.3,651.4,650.3,650.5,651.8,653.5,655.0,654.4,653.1,655.2,652.4,650.4,649.6,650.6,652.7,655.2,653.6,651.7,651.0,651.7,653.3,653.5,654.1,654.2,653.7,653.0,652.4,652.3,652.8,672.1,673.2,673.9,673.8,672.9,671.8,671.1,671.4,673.8,672.2,671.0,670.8,672.1,674.3,677.1,674.0,671.4,669.9,670.1,671.7,672.8,672.7,673.0,673.5,673.9,673.9,673.7,673.2,-33.2,-37.8,604.2,0.108,-0.053,0.004,0.05,0.0,2.74,0.0,0.14,0.09,0.12,1.17,0.12,0.19,0.05,0.46,0.24,0.0,0.0,0.0
0.189779,0.332657,-0.923755,0.023808,0.301245,-0.953249,0.113,0.326,356.8,358.3,362.1,365.9,367.5,366.2,362.2,358.4,350.4,353.3,357.0,361.2,365.3,368.4,370.6,368.4,365.0,361.0,357.0,353.4,360.4,362.0,363.6,364.3,363.6,362.0,360.4,359.7,414.4,416.2,419.9,423.5,424.8,423.0,419.3,415.4,410.9,413.2,416.3,420.3,424.2,427.4,429.9,427.3,424.0,420.3,416.5,413.2,417.9,419.5,421.1,421.9,421.3,419.8,418.1,417.4,152.1,148.2,146.4,147.7,151.4,155.5,157.1,155.8,152.1,151.4,150.9,150.4,150.4,150.8,151.5,153.0,153.8,154.3,154.2,153.5,153.3,153.9,153.1,151.4,149.9,149.3,150.0,151.7,151.6,148.0,146.7,148.5,152.3,156.0,157.3,155.7,152.0,151.0,150.4,150.4,151.0,151.7,152.8,154.1,154.7,154.8,154.3,153.5,153.4,154.2,153.6,152.0,150.4,149.6,150.2,151.7,-73.1,-71.3,-67.1,-62.9,-61.3,-62.9,-67.3,-71.5,-80.7,-77.2,-72.8,-67.9,-63.5,-60.2,-58.0,-60.3,-63.9,-68.3,-72.8,-77.1,-69.2,-67.5,-65.7,-64.9,-65.6,-67.4,-69.2,-69.9,-9.0,-6.9,-2.4,1.8,3.3,1.2,-3.2,-7.8,-13.1,-10.4,-6.7,-2.0,2.6,6.4,9.3,6.3,2.4,-2.0,-6.5,-10.4,-4.8,-3.0,-1.1,-0.2,-0.8,-2.6,-4.6,-5.5,-82.8,-87.1,-89.1,-87.8,-83.8,-79.4,-77.5,-78.9,-83.3,-83.8,-84.0,-84.4,-84.6,-84.5,-84.1,-82.2,-81.0,-80.3,-80.5,-81.5,-81.7,-81.2,-82.0,-83.9,-85.5,-86.1,-85.2,-83.4,-87.6,-91.8,-93.3,-91.2,-86.8,-82.6,-81.1,-83.0,-87.5,-88.4,-88.8,-88.7,-88.2,-87.6,-86.7,-84.9,-83.9,-83.7,-84.3,-85.5,-85.7,-84.8,-85.4,-87.2,-89.1,-90.0,-89.4,-87.6,633.2,632.3,632.5,633.7,635.3,636.6,636.0,634.7,637.2,634.4,632.3,631.6,632.9,635.3,637.9,636.0,633.9,632.9,633.5,635.1,635.3,635.8,635.9,635.5,634.8,634.3,634.2,634.6,665.8,665.1,664.7,664.9,665.5,666.2,666.6,666.8,668.1,665.9,664.0,663.2,664.4,666.7,669.7,667.3,665.2,664.2,664.7,666.4,666.8,666.9,666.8,666.5,666.2,666.1,666.3,666.6,-33.8,-37.9,597.4,0.111,-0.049,0.012,0.01,0.0,2.72,0.0,0.07,0.04,0.08,1.2,0.11,0.3,0.1,0.45,0.14,0.0,0.0,0.0
0.188716,0.33982,-0.921363,0.021164,0.306136,-0.951752,0.112,0.332,356.3,357.9,361.6,365.4,367.0,365.6,361.7,357.9,350.0,352.9,356.6,360.8,364.8,367.9,370.0,367.9,364.6,360.6,356.6,352.9,359.9,361.5,363.1,363.8,363.1,361.5,359.9,359.2,413.9,415.7,419.4,423.0,424.2,422.5,418.7,414.9,410.5,412.8,415.9,419.8,423.7,426.9,429.3,426.7,423.5,419.8,416.0,412.7,417.4,419.0,420.6,421.3,420.8,419.2,417.6,416.9,151.6,147.8,146.0,147.3,151.0,155.0,156.7,155.3,151.6,150.9,150.5,150.0,149.9,150.2,150.9,152.4,153.3,153.8,153.7,153.0,152.8,153.4,152.6,151.0,149.4,148.8,149.6,151.3,151.2,147.6,146.3,148.1,152.0,155.6,156.9,155.3,151.6,150.6,150.1,150.1,150.7,151.5,152.5,153.7,154.2,154.3,153.8,153.0,153.0,153.8,153.2,151.7,150.0,149.3,149.8,151.4,-74.0,-72.1,-67.9,-63.8,-62.2,-63.8,-68.3,-72.4,-81.6,-78.0,-73.6,-68.7,-64.3,-61.2,-59.0,-61.3,-64.7,-69.1,-73.7,-78.0,-70.2,-68.4,-66.6,-65.8,-66.5,-68.3,-70.1,-70.9,-9.6,-7.5,-3.1,1.2,2.7,0.6,-3.9,-8.4,-13.8,-11.0,-7.2,-2.6,2.0,5.8,8.7,5.7,1.8,-2.6,-7.1,-11.1,-5.5,-3.6,-1.7,-0.8,-1.5,-3.3,-5.2,-6.1,-83.7,-88.0,-90.0,-88.7,-84.8,-80.4,-78.5,-79.8,-84.3,-84.7,-84.9,-85.4,-85.6,-85.6,-85.2,-83.3,-82.0,-81.3,-81.5,-82.5,-82.7,-82.1,-83.0,-84.8,-86.5,-87.1,-86.2,-84.4,-89.0,-93.3,-94.7,-92.6,-88.1,-83.9,-82.4,-84.3,-88.9,-89.8,-90.2,-90.1,-89.5,-88.9,-88.0,-86.3,-85.4,-85.2,-85.9,-87.0,-87.0,-86.1,-86.7,-88.6,-90.5,-91.4,-90.8,-89.0,636.5,635.5,635.8,637.1,638.8,640.2,639.5,638.2,640.2,637.4,635.5,634.9,636.2,638.7,641.5,639.5,637.3,636.2,636.7,638.2,638.7,639.3,639.4,639.0,638.2,637.6,637.5,638.0,672.9,672.3,672.0,672.1,672.6,673.2,673.5,673.7,675.2,673.0,671.2,670.4,671.5,673.8,676.8,674.3,672.2,671.2,671.6,673.4,673.9,673.9,673.8,673.5,673.3,673.3,673.4,673.7,-34.2,-38.0,596.1,0.115,-0.054,0.015,0.0,0.0,2.74,0.0,0.01,0.07,0.02,1.14,0.06,0.37,0.21,0.58,0.01,0.0,0.0,0.09
0.158426,0.359763,-0.919495,0.013905,0.320183,-0.947254,0.092,0.349,355.4,356.9,360.6,364.3,365.9,364.7,360.8,357.0,349.9,352.6,356.0,360.0,363.9,367.0,369.2,367.0,363.7,359.8,356.0,352.6,359.0,360.6,362.2,362.9,362.2,360.6,359.0,358.3,413.3,415.0,418.8,422.3,423.6,421.8,418.0,414.3,410.0,412.2,415.3,419.2,423.1,426.4,428.9,426.2,422.9,419.1,415.4,412.1,416.8,418.3,419.9,420.7,420.1,418.6,417.0,416.3,152.9,149.1,147.3,148.7,152.4,156.4,157.9,156.5,152.8,152.0,151.5,151.1,151.1,151.6,152.4,153.8,154.6,155.0,154.8,154.1,154.2,154.8,154.0,152.4,150.8,150.2,150.9,152.6,152.6,149.1,147.8,149.7,153.5,157.1,158.3,156.7,152.9,151.9,151.5,151.5,152.2,153.0,154.0,155.2,155.8,155.7,155.2,154.3,154.4,155.2,154.7,153.2,151.5,150.7,151.3,152.8,-78.0,-76.2,-71.9,-67.6,-65.8,-67.4,-72.0,-76.3,-85.0,-81.5,-77.2,-72.5,-68.0,-64.6,-62.2,-64.7,-68.3,-72.8,-77.3,-81.5,-74.0,-72.1,-70.3,-69.5,-70.2,-72.1,-74.0,-74.7,-10.4,-8.3,-3.8,0.4,1.8,-0.2,-4.7,-9.2,-14.3,-11.6,-7.9,-3.3,1.3,5.2,8.2,5.0,1.0,-3.4,-7.9,-11.7,-6.2,-4.4,-2.5,-1.6,-2.2,-4.0,-5.9,-6.8,-85.7,-90.0,-92.0,-90.5,-86.4,-81.9,-80.0,-81.6,-86.3,-86.8,-87.1,-87.5,-87.6,-87.4,-86.7,-84.9,-83.7,-83.1,-83.4,-84.5,-84.4,-83.7,-84.6,-86.5,-88.3,-88.9,-88.1,-86.2,-87.2,-91.4,-92.7,-90.6,-86.1,-81.9,-80.5,-82.5,-87.3,-88.0,-88.3,-88.1,-87.5,-86.9,-85.9,-84.2,-83.4,-83.3,-84.0,-85.3,-85.2,-84.2,-84.8,-86.6,-88.5,-89.5,-88.9,-87.1,662.2,661.3,661.3,662.2,663.4,664.7,664.4,663.5,666.0,663.2,661.0,660.2,661.2,663.3,665.8,664.0,662.0,661.3,662.1,663.8,664.0,664.3,664.3,663.9,663.4,663.0,663.0,663.4,671.8,671.0,670.4,670.3,670.9,671.7,672.3,672.7,674.2,671.9,669.9,668.9,669.8,672.0,674.9,672.6,670.7,669.8,670.5,672.4,672.6,672.6,672.3,672.0,671.7,671.8,672.0,672.4,-35.0,-36.5,596.8,0.128,-0.055,0.018,0.0,0.0,2.78,0.0,0.01,0.11,0.03,1.15,0.03,0.37,0.26,0.68,0.0,0.0,0.0,0.16
0.157203,0.354467,-0.921759,0.020211,0.325343,-0.94538,0.095,0.349,355.5,356.9,360.6,364.3,366.0,364.8,360.9,357.1,350.0,352.6,356.1,360.1,364.0,367.1,369.3,367.1,363.8,359.9,356.1,352.7,359.1,360.7,362.3,362.9,362.2,360.6,359.0,358.4,413.5,415.3,419.0,422.6,423.9,422.1,418.3,414.5,410.1,412.4,415.5,419.4,423.3,426.6,429.1,426.5,423.1,419.4,415.6,412.3,417.0,418.6,420.2,421.0,420.4,418.9,417.2,416.5,153.0,149.2,147.4,148.8,152.4,156.4,158.0,156.6,153.1,152.3,151.7,151.3,151.2,151.7,152.5,153.8,154.6,155.0,154.9,154.3,154.2,154.8,154.1,152.4,150.9,150.3,151.0,152.7,152.8,149.2,147.9,149.8,153.6,157.3,158.5,156.9,153.0,152.1,151.6,151.7,152.4,153.2,154.2,155.4,155.9,155.9,155.3,154.4,154.6,155.4,154.9,153.3,151.6,150.8,151.4,152.9,-78.0,-76.2,-71.9,-67.6,-65.8,-67.3,-71.9,-76.2,-84.9,-81.5,-77.2,-72.4,-67.9,-64.5,-62.1,-64.6,-68.3,-72.7,-77.3,-81.5,-74.0,-72.1,-70.2,-69.5,-70.2,-72.1,-74.0,-74.7,-10.1,-7.9,-3.5,0.7,2.2,0.1,-4.4,-8.9,-14.1,-11.3,-7.6,-3.0,1.5,5.5,8.5,5.3,1.3,-3.1,-7.6,-11.5,-5.9,-4.1,-2.1,-1.2,-1.9,-3.7,-5.6,-6.5,-85.7,-90.0,-92.0,-90.6,-86.5,-81.9,-80.0,-81.5,-86.1,-86.6,-87.0,-87.4,-87.6,-87.4,-86.7,-84.9,-83.7,-83.1,-83.3,-84.3,-84.4,-83.7,-84.6,-86.5,-88.3,-88.9,-88.0,-86.2,-86.3,-90.5,-91.9,-89.7,-85.2,-81.1,-79.6,-81.6,-86.4,-87.2,-87.5,-87.3,-86.6,-85.9,-85.0,-83.3,-82.5,-82.4,-83.2,-84.4,-84.3,-83.3,-83.9,-85.7,-87.7,-88.6,-88.0,-86.2,662.8,662.0,661.9,662.8,664.0,665.2,664.9,664.0,666.7,663.9,661.7,660.8,661.9,664.0,666.5,664.6,662.6,661.9,662.7,664.5,664.5,664.9,664.9,664.5,664.0,663.6,663.6,664.0,666.3,665.6,665.0,665.0,665.5,666.2,666.8,667.2,668.7,666.4,664.4,663.5,664.5,666.7,669.5,667.2,665.2,664.4,665.0,666.9,667.2,667.2,666.9,666.6,666.4,666.4,666.6,667.0,-34.9,-36.5,597.0,0.129,-0.056,0.019,0.0,0.0,2.7,0.0,0.01,0.11,0.04,1.18,0.0,0.46,0.35,0.84,0.17,0.0,0.14,0.38
0.183314,0.394984,-0.900213,0.020709,0.351545,-0.935942,0.111,0.386,354.7,356.2,360.0,363.8,365.4,364.1,360.2,356.4,348.6,351.5,355.2,359.3,363.3,366.4,368.5,366.4,363.1,359.1,355.2,351.6,358.3,360.0,361.6,362.2,361.5,359.9,358.3,357.6,411.8,413.5,417.2,420.7,421.9,420.2,416.5,412.7,408.4,410.8,413.9,417.7,421.4,424.4,426.7,424.3,421.2,417.7,414.0,410.7,415.2,416.7,418.3,419.0,418.5,417.0,415.4,414.6,158.1,154.2,152.4,153.6,157.2,161.2,162.9,161.7,157.8,157.2,156.8,156.3,156.1,156.2,156.7,158.6,159.7,160.4,160.2,159.4,159.2,159.7,158.9,157.2,155.7,155.1,155.9,157.6,157.0,153.5,152.2,154.0,157.8,161.3,162.6,161.1,157.5,156.6,156.1,156.1,156.8,157.7,158.9,159.7,160.0,159.8,159.3,158.7,158.9,159.7,159.2,157.6,156.0,155.2,155.8,157.3,-76.2,-74.4,-70.1,-66.0,-64.3,-65.9,-70.4,-74.5,-83.5,-79.9,-75.5,-70.8,-66.4,-63.2,-61.0,-63.3,-66.8,-71.2,-75.7,-80.0,-72.4,-70.6,-68.7,-67.9,-68.6,-70.5,-72.3,-73.1,-12.5,-10.4,-5.9,-1.6,-0.1,-2.2,-6.8,-11.3,-16.7,-13.7,-9.9,-5.2,-0.8,2.9,5.7,2.8,-1.0,-5.3,-9.8,-13.9,-8.4,-6.5,-4.6,-3.6,-4.3,-6.1,-8.1,-9.0,-76.9,-81.2,-83.3,-82.0,-78.1,-73.8,-71.8,-73.1,-77.7,-78.0,-78.3,-78.8,-79.1,-79.3,-79.0,-76.7,-75.1,-74.3,-74.5,-75.7,-76.0,-75.4,-76.3,-78.2,-79.8,-80.4,-79.5,-77.6,-84.4,-88.8,-90.3,-88.1,-83.5,-79.1,-77.6,-79.5,-84.0,-84.9,-85.3,-85.3,-84.6,-83.8,-82.7,-81.3,-80.7,-80.7,-81.4,-82.3,-82.1,-81.2,-81.9,-83.8,-85.8,-86.7,-86.1,-84.2,640.0,638.9,639.0,640.4,642.1,643.7,643.1,641.8,643.5,640.7,638.8,638.2,639.5,641.9,644.6,642.8,640.7,639.8,640.3,641.7,642.2,642.8,642.8,642.3,641.6,641.0,640.9,641.4,691.3,691.6,691.7,691.7,691.5,691.2,691.1,691.4,693.2,691.4,689.9,689.5,690.6,692.9,695.8,692.9,690.6,689.3,689.6,691.4,692.1,692.1,692.2,692.3,692.4,692.4,692.3,692.2,-36.0,-32.6,598.1,0.172,-0.063,0.012,0.0,0.0,2.6,0.0,0.01,0.2,0.06,1.28,0.0,0.53,0.37,0.89,0.25,0.0,0.3,0.5
0.199002,0.382981,-0.902066,0.022362,0.3505,-0.936296,0.12,0.38,355.0,356.4,360.0,363.7,365.3,364.1,360.2,356.5,348.6,351.5,355.1,359.3,363.2,366.1,368.1,366.1,362.9,359.1,355.2,351.6,358.4,360.0,361.6,362.2,361.5,359.9,358.3,357.7,411.8,413.6,417.3,420.7,421.9,420.1,416.5,412.8,408.5,410.8,413.9,417.7,421.3,424.4,426.6,424.3,421.2,417.7,414.0,410.7,415.2,416.7,418.3,419.0,418.5,417.0,415.4,414.7,158.0,154.1,152.3,153.5,157.0,161.0,162.7,161.5,158.0,157.2,156.7,156.1,155.9,156.1,156.7,158.4,159.5,160.2,160.1,159.4,159.1,159.6,158.8,157.1,155.6,155.1,155.9,157.5,157.0,153.5,152.3,154.1,157.8,161.4,162.6,161.0,157.4,156.6,156.1,156.2,156.8,157.7,158.8,159.7,160.0,159.9,159.4,158.7,158.9,159.7,159.2,157.6,156.0,155.2,155.8,157.3,-77.1,-75.3,-71.2,-67.1,-65.4,-67.0,-71.3,-75.4,-84.8,-81.1,-76.7,-71.9,-67.6,-64.5,-62.4,-64.6,-68.0,-72.3,-76.8,-81.1,-73.4,-71.6,-69.8,-69.0,-69.8,-71.5,-73.3,-74.1,-12.5,-10.4,-5.8,-1.6,-0.2,-2.3,-6.8,-11.4,-16.7,-13.8,-9.9,-5.3,-0.8,2.9,5.7,2.8,-1.0,-5.3,-9.9,-13.9,-8.4,-6.6,-4.6,-3.7,-4.3,-6.1,-8.1,-9.0,-78.2,-82.5,-84.7,-83.5,-79.6,-75.1,-73.1,-74.3,-78.6,-79.1,-79.5,-80.1,-80.5,-80.6,-80.3,-78.1,-76.5,-75.7,-75.8,-76.7,-77.2,-76.7,-77.6,-79.5,-81.2,-81.7,-80.7,-78.9,-85.0,-89.3,-90.8,-88.6,-84.0,-79.7,-78.2,-80.1,-84.8,-85.6,-86.0,-85.8,-85.1,-84.4,-83.3,-81.9,-81.3,-81.3,-81.9,-83.0,-82.8,-81.8,-82.5,-84.4,-86.4,-87.3,-86.7,-84.8,649.5,648.6,649.0,650.6,652.3,653.6,652.7,651.2,652.9,650.3,648.5,648.0,649.5,652.0,654.8,652.9,650.6,649.5,649.8,651.1,651.8,652.5,652.7,652.3,651.6,650.9,650.7,651.1,696.4,696.5,696.5,696.5,696.5,696.5,696.4,696.7,698.4,696.5,695.0,694.5,695.6,698.0,700.8,698.1,695.8,694.5,694.8,696.6,697.3,697.3,697.3,697.3,697.4,697.3,697.3,697.3,-36.1,-32.5,598.9,0.165,-0.063,0.011,0.05,0.0,2.46,0.0,0.0,0.21,0.04,1.31,0.03,0.65,0.46,0.96,0.41,0.0,0.51,0.65
0.20275,0.404041,-0.891988,0.013832,0.360693,-0.932582,0.118,0.397,355.1,356.6,360.4,364.1,365.7,364.4,360.5,356.7,348.9,352.0,355.6,359.7,363.6,366.5,368.5,366.5,363.4,359.5,355.6,351.9,358.6,360.2,361.8,362.5,361.8,360.2,358.6,357.9,410.7,412.4,416.2,419.7,420.9,419.2,415.5,411.7,407.4,409.8,412.9,416.7,420.5,423.6,426.0,423.6,420.4,416.7,413.0,409.7,414.2,415.7,417.3,418.1,417.5,416.0,414.4,413.6,160.7,156.8,154.9,156.1,159.8,163.9,165.7,164.4,160.7,159.8,159.3,158.7,158.4,158.5,159.1,161.2,162.6,163.4,163.2,162.3,161.9,162.4,161.6,159.9,158.3,157.7,158.6,160.3,159.1,155.4,154.2,155.9,159.7,163.3,164.6,163.1,159.4,158.6,158.1,158.2,158.8,159.5,160.5,161.6,162.0,161.9,161.4,160.7,160.9,161.7,161.1,159.5,157.9,157.1,157.7,159.2,-75.3,-73.4,-69.3,-65.2,-63.6,-65.3,-69.6,-73.7,-82.6,-78.8,-74.5,-69.9,-65.7,-62.7,-60.7,-62.8,-66.1,-70.3,-74.7,-79.0,-71.6,-69.8,-68.0,-67.3,-68.0,-69.7,-71.5,-72.3,-13.6,-11.5,-7.0,-2.8,-1.3,-3.4,-7.9,-12.4,-17.6,-14.7,-10.9,-6.3,-1.8,2.0,4.9,1.9,-2.0,-6.3,-10.9,-14.9,-9.5,-7.6,-5.6,-4.7,-5.4,-7.3,-9.2,-10.1,-73.4,-77.8,-80.0,-78.8,-74.9,-70.3,-68.3,-69.5,-73.8,-74.5,-74.9,-75.6,-76.1,-76.3,-76.0,-73.3,-71.5,-70.5,-70.7,-71.8,-72.4,-71.9,-72.9,-74.8,-76.5,-77.0,-76.0,-74.1,-80.8,-85.1,-86.7,-84.5,-79.9,-75.6,-74.1,-76.0,-80.7,-81.4,-81.7,-81.6,-81.0,-80.4,-79.5,-77.9,-77.2,-77.1,-77.7,-78.8,-78.7,-77.7,-78.4,-80.3,-82.3,-83.2,-82.6,-80.7,635.8,634.9,635.4,637.1,638.9,640.2,639.2,637.6,638.5,636.0,634.5,634.3,635.9,638.4,641.2,639.4,637.0,635.9,636.0,637.1,638.2,639.0,639.2,638.8,638.0,637.3,637.1,637.5,682.1,681.8,681.6,681.5,681.6,681.9,682.1,682.5,684.1,682.1,680.4,679.7,680.8,683.1,685.9,683.3,681.1,680.0,680.4,682.2,682.8,682.8,682.7,682.6,682.6,682.6,682.7,682.8,-36.4,-30.6,599.6,0.182,-0.064,0.004,0.05,0.0,2.54,0.0,0.0,0.28,0.04,1.35,0.09,0.61,0.36,1.0,0.31,0.0,0.85,0.9
0.162556,0.398307,-0.902733,0.032905,0.380487,-0.924201,0.107,0.403,352.6,353.9,357.4,361.2,363.1,362.1,358.2,354.4,347.4,349.9,353.2,357.0,360.9,364.1,366.5,364.3,360.9,357.1,353.4,350.1,356.3,357.9,359.5,360.0,359.2,357.6,356.1,355.6,409.9,411.6,415.4,419.1,420.5,418.8,414.9,411.0,406.3,408.8,412.0,415.9,419.8,422.9,425.3,422.9,419.7,416.0,412.1,408.7,413.5,415.1,416.7,417.5,416.9,415.3,413.6,412.9,160.7,156.9,155.0,156.2,159.8,163.8,165.5,164.3,160.8,160.0,159.4,158.8,158.6,158.9,159.6,161.2,162.2,162.8,162.8,162.1,161.8,162.3,161.6,159.9,158.4,157.9,158.7,160.3,159.0,155.3,153.9,155.6,159.4,163.1,164.6,163.1,159.2,158.3,157.8,157.8,158.3,158.8,159.7,161.0,161.7,161.9,161.4,160.7,160.7,161.5,160.8,159.2,157.5,156.8,157.4,159.0,-82.2,-80.5,-76.3,-71.8,-69.8,-71.1,-75.7,-80.2,-88.8,-85.5,-81.3,-76.6,-72.1,-68.6,-66.0,-68.5,-72.2,-76.7,-81.2,-85.4,-77.9,-76.0,-74.2,-73.5,-74.4,-76.3,-78.1,-78.8,-14.2,-12.2,-7.7,-3.4,-1.8,-3.8,-8.3,-13.0,-18.5,-15.6,-11.8,-7.1,-2.6,1.1,3.9,1.0,-2.7,-7.0,-11.6,-15.7,-10.1,-8.2,-6.2,-5.3,-6.0,-7.9,-9.9,-10.8,-77.3,-81.7,-83.9,-82.5,-78.4,-73.8,-71.8,-73.2,-77.6,-78.3,-78.7,-79.2,-79.5,-79.5,-78.9,-76.8,-75.5,-74.7,-74.8,-75.8,-76.1,-75.5,-76.5,-78.3,-80.1,-80.7,-79.8,-77.9,-78.8,-83.1,-84.8,-82.8,-78.4,-74.1,-72.4,-74.2,-78.8,-79.6,-80.0,-80.0,-79.6,-79.2,-78.6,-76.7,-75.7,-75.3,-75.9,-77.0,-77.0,-76.1,-76.8,-78.7,-80.6,-81.5,-80.8,-78.9,668.9,667.9,667.6,668.2,669.3,670.7,670.6,670.0,672.9,669.9,667.6,666.5,667.3,669.2,671.5,669.9,668.1,667.6,668.6,670.6,670.3,670.6,670.5,670.1,669.6,669.3,669.4,669.9,665.0,664.3,664.1,664.5,665.2,665.9,666.1,666.1,667.0,665.0,663.3,662.8,664.1,666.6,669.6,667.1,664.9,663.7,663.9,665.5,666.2,666.4,666.3,666.0,665.7,665.5,665.6,665.9,-36.9,-28.7,590.9,0.196,-0.062,-0.003,0.05,0.0,2.64,0.0,0.0,0.38,0.04,1.39,0.12,0.67,0.24,1.07,0.27,0.0,1.12,1.12
0.190212,0.382908,-0.903992,0.039778,0.368169,-0.928908,0.125,0.389,352.7,354.0,357.6,361.3,362.9,361.8,358.0,354.3,346.6,349.5,353.1,357.1,360.8,363.7,365.8,363.8,360.8,357.0,353.2,349.6,356.1,357.7,359.2,359.8,359.1,357.5,356.0,355.4,410.0,411.7,415.5,419.2,420.6,418.9,415.1,411.1,406.4,408.8,412.0,416.0,419.9,423.1,425.5,423.0,419.8,416.1,412.2,408.7,413.6,415.2,416.9,417.6,417.0,415.4,413.7,413.0,160.7,156.8,154.9,156.2,159.8,163.9,165.5,164.3,161.0,160.1,159.4,158.8,158.6,158.9,159.6,161.2,162.2,162.8,162.8,162.2,161.9,162.4,161.6,159.9,158.4,157.9,158.6,160.3,159.0,155.3,153.8,155.6,159.4,163.2,164.6,163.1,159.2,158.3,157.8,157.7,158.2,158.8,159.7,161.1,161.7,161.9,161.4,160.7,160.7,161.5,160.9,159.2,157.5,156.8,157.4,159.0,-81.1,-79.5,-75.4,-71.2,-69.5,-70.9,-75.2,-79.4,-88.6,-84.9,-80.6,-75.9,-71.6,-68.5,-66.3,-68.4,-71.8,-76.0,-80.5,-84.9,-77.3,-75.6,-73.8,-73.1,-73.9,-75.6,-77.4,-78.1,-14.0,-12.0,-7.5,-3.2,-1.6,-3.6,-8.1,-12.7,-18.3,-15.5,-11.6,-7.0,-2.5,1.3,4.1,1.2,-2.6,-6.9,-11.5,-15.5,-9.9,-8.0,-6.0,-5.1,-5.8,-7.7,-9.7,-10.6,-76.5,-80.9,-83.2,-81.9,-77.8,-73.1,-71.0,-72.4,-76.5,-77.2,-77.8,-78.5,-78.9,-78.8,-78.3,-76.2,-74.8,-73.9,-73.9,-74.8,-75.3,-74.8,-75.7,-77.6,-79.4,-80.0,-79.0,-77.1,-78.3,-82.6,-84.2,-82.2,-77.8,-73.5,-71.9,-73.6,-78.3,-79.1,-79.5,-79.5,-79.1,-78.7,-77.9,-76.1,-75.1,-74.8,-75.3,-76.4,-76.4,-75.6,-76.3,-78.1,-80.1,-80.9,-80.2,-78.4,661.3,660.8,661.4,662.8,664.1,665.0,663.9,662.6,664.4,662.0,660.3,660.0,661.5,664.0,666.7,664.5,662.1,660.9,661.2,662.6,663.5,664.0,664.3,664.1,663.6,663.0,662.7,662.9,660.2,659.6,659.4,659.7,660.5,661.2,661.4,661.3,662.4,660.3,658.6,658.1,659.3,661.8,664.8,662.3,660.1,658.9,659.2,660.8,661.5,661.7,661.6,661.3,660.9,660.8,660.9,661.2,-36.8,-28.5,590.1,0.18,-0.067,-0.004,0.0,0.0,2.79,0.0,0.0,0.48,0.06,1.39,0.11,0.68,0.04,1.13,0.14,0.0,1.27,1.31
0.176407,0.385112,-0.905853,0.046797,0.367042,-0.929026,0.121,0.389,352.1,353.4,356.9,360.6,362.3,361.2,357.4,353.7,346.1,349.0,352.6,356.5,360.3,363.2,365.3,363.3,360.2,356.5,352.7,349.1,355.5,357.1,358.7,359.2,358.5,356.9,355.4,354.8,410.2,412.0,415.8,419.5,420.8,419.1,415.2,411.3,406.5,408.9,412.1,416.1,420.0,423.3,425.7,423.2,419.9,416.1,412.2,408.8,413.8,415.4,417.1,417.8,417.2,415.7,414.0,413.2,160.1,156.3,154.4,155.6,159.1,163.1,164.8,163.6,160.0,159.3,158.8,158.2,158.1,158.3,158.8,160.5,161.5,162.1,162.1,161.4,161.2,161.7,160.9,159.2,157.7,157.2,158.0,159.7,158.3,154.6,153.2,155.0,158.8,162.5,163.9,162.3,158.4,157.5,157.1,157.1,157.6,158.2,159.1,160.4,161.0,161.2,160.7,159.8,160.0,160.7,160.1,158.5,156.9,156.1,156.7,158.3,-82.5,-80.9,-76.8,-72.5,-70.7,-72.2,-76.5,-80.7,-90.0,-86.2,-81.8,-77.1,-72.8,-69.7,-67.4,-69.6,-73.0,-77.3,-81.8,-86.2,-78.7,-76.9,-75.1,-74.3,-75.1,-77.0,-78.8,-79.5,-13.8,-11.7,-7.2,-2.9,-1.3,-3.4,-7.9,-12.5,-18.2,-15.3,-11.5,-6.9,-2.3,1.5,4.4,1.4,-2.5,-6.8,-11.4,-15.4,-9.6,-7.7,-5.8,-4.9,-5.6,-7.4,-9.4,-10.3,-77.8,-82.2,-84.4,-83.2,-79.2,-74.6,-72.5,-73.8,-78.2,-78.8,-79.2,-79.8,-80.1,-80.2,-79.9,-77.7,-76.2,-75.4,-75.4,-76.4,-76.7,-76.2,-77.1,-79.1,-80.8,-81.4,-80.4,-78.4,-79.2,-83.4,-85.0,-82.9,-78.5,-74.3,-72.7,-74.6,-79.3,-80.1,-80.3,-80.2,-79.8,-79.4,-78.7,-76.9,-75.9,-75.6,-76.3,-77.4,-77.3,-76.5,-77.1,-79.0,-80.9,-81.7,-81.1,-79.2,666.8,666.1,666.5,667.7,669.2,670.3,669.5,668.3,670.2,667.6,665.8,665.3,666.7,669.1,671.8,669.8,667.5,666.4,666.8,668.2,668.9,669.5,669.7,669.3,668.7,668.2,668.0,668.3,660.6,659.7,659.4,659.8,660.6,661.5,661.8,661.8,662.9,660.7,658.9,658.2,659.4,661.8,664.8,662.4,660.3,659.2,659.6,661.3,661.8,662.0,661.8,661.5,661.1,660.9,661.1,661.4,-36.8,-28.6,588.1,0.175,-0.065,-0.006,0.0,0.0,2.77,0.0,0.0,0.57,0.05,1.38,0.07,0.65,0.0,1.11,0.14,0.0,1.19,1.32
0.13987,0.366894,-0.919688,0.059015,0.34328,-0.937377,0.107,0.365,352.1,353.6,357.3,361.1,362.8,361.6,357.7,353.8,347.0,349.7,353.1,357.1,361.0,364.2,366.4,364.2,360.9,357.0,353.2,349.7,355.8,357.5,359.1,359.7,359.0,357.3,355.7,355.1,410.9,412.6,416.5,420.3,421.7,420.0,416.0,412.0,406.9,409.4,412.7,416.8,420.8,424.1,426.6,424.0,420.7,416.9,412.9,409.4,414.5,416.2,417.9,418.6,418.0,416.4,414.7,413.9,158.7,154.8,153.1,154.4,158.1,162.2,163.7,162.4,158.9,158.1,157.5,157.0,156.9,157.3,158.1,159.6,160.4,160.9,160.8,160.1,160.0,160.6,159.8,158.1,156.6,156.0,156.7,158.4,157.1,153.2,151.8,153.5,157.5,161.4,162.8,161.3,157.5,156.4,155.8,155.7,156.2,156.9,158.0,159.3,160.0,160.1,159.6,158.9,158.8,159.6,159.0,157.3,155.6,154.8,155.5,157.1,-81.5,-79.7,-75.4,-71.0,-69.2,-70.6,-75.2,-79.6,-88.0,-84.5,-80.2,-75.5,-71.0,-67.6,-65.1,-67.6,-71.2,-75.7,-80.2,-84.5,-77.3,-75.4,-73.6,-72.8,-73.6,-75.5,-77.4,-78.1,-12.7,-10.7,-6.2,-1.9,-0.3,-2.3,-6.8,-11.4,-17.2,-14.4,-10.6,-5.9,-1.4,2.4,5.3,2.3,-1.5,-5.8,-10.4,-14.4,-8.5,-6.7,-4.7,-3.8,-4.5,-6.4,-8.3,-9.2,-78.5,-82.9,-84.9,-83.4,-79.3,-74.7,-72.8,-74.3,-78.8,-79.4,-79.7,-80.2,-80.4,-80.2,-79.6,-77.7,-76.5,-75.8,-76.0,-77.0,-77.2,-76.5,-77.4,-79.3,-81.1,-81.8,-80.9,-79.0,-78.4,-82.7,-84.3,-82.4,-77.9,-73.6,-72.0,-73.7,-78.2,-79.2,-79.7,-79.7,-79.2,-78.7,-77.9,-76.1,-75.1,-74.8,-75.4,-76.4,-76.5,-75.7,-76.4,-78.3,-80.2,-81.0,-80.3,-78.5,659.1,658.2,658.1,658.8,659.8,661.0,660.8,660.1,662.8,660.0,657.8,656.9,657.9,660.0,662.5,660.6,658.7,657.9,658.7,660.6,660.6,660.9,660.8,660.4,660.0,659.7,659.8,660.1,642.8,642.2,642.1,642.5,643.1,643.7,643.8,643.7,645.1,643.0,641.3,640.6,641.9,644.3,647.3,644.8,642.7,641.5,641.8,643.4,644.0,644.2,644.1,643.9,643.6,643.4,643.5,643.7,-36.0,-29.2,585.6,0.162,-0.067,-0.005,0.0,0.0,2.76,0.0,0.02,0.52,0.04,1.42,0.07,0.63,0.0,1.06,0.26,0.0,1.14,1.37
0.168545,0.374108,-0.911941,0.061238,0.351241,-0.93428,0.124,0.374,352.5,353.9,357.5,361.2,362.8,361.7,357.9,354.2,346.9,349.7,353.2,357.1,360.9,363.9,366.0,363.9,360.8,357.0,353.2,349.7,356.0,357.6,359.2,359.8,359.1,357.5,355.9,355.3,410.9,412.7,416.6,420.3,421.7,420.0,416.1,412.0,407.0,409.4,412.7,416.8,420.8,424.1,426.6,424.0,420.6,416.8,412.9,409.4,414.6,416.2,417.9,418.7,418.0,416.4,414.7,414.0,158.8,154.9,153.1,154.4,158.0,162.0,163.6,162.4,158.8,158.0,157.5,156.9,156.8,157.1,157.8,159.4,160.3,160.8,160.7,160.1,160.0,160.5,159.8,158.1,156.5,156.0,156.8,158.4,157.1,153.3,151.8,153.6,157.6,161.4,162.8,161.2,157.3,156.3,155.8,155.7,156.3,156.9,157.9,159.3,160.0,160.1,159.6,158.8,158.8,159.6,159.0,157.3,155.6,154.8,155.5,157.1,-82.1,-80.4,-76.1,-71.9,-70.1,-71.6,-76.0,-80.3,-89.2,-85.5,-81.2,-76.5,-72.1,-68.9,-66.6,-68.9,-72.3,-76.7,-81.2,-85.6,-78.2,-76.3,-74.5,-73.7,-74.5,-76.4,-78.2,-78.9,-12.7,-10.7,-6.2,-1.9,-0.3,-2.3,-6.8,-11.4,-17.2,-14.4,-10.6,-6.0,-1.4,2.4,5.3,2.3,-1.6,-5.9,-10.4,-14.4,-8.5,-6.6,-4.7,-3.8,-4.5,-6.4,-8.3,-9.2,-79.4,-83.9,-86.0,-84.7,-80.5,-75.9,-73.9,-75.3,-79.7,-80.4,-80.8,-81.4,-81.7,-81.6,-81.1,-79.0,-77.7,-76.9,-77.1,-78.0,-78.2,-77.6,-78.6,-80.5,-82.3,-82.9,-81.9,-80.0,-78.8,-83.0,-84.6,-82.6,-78.2,-73.9,-72.3,-74.1,-78.7,-79.6,-80.0,-80.0,-79.5,-79.1,-78.3,-76.4,-75.4,-75.1,-75.7,-76.8,-76.9,-76.0,-76.7,-78.6,-80.5,-81.4,-80.7,-78.8,667.5,666.9,667.2,668.3,669.6,670.7,669.9,668.8,670.9,668.3,666.4,665.9,667.2,669.6,672.2,670.1,667.9,666.9,667.3,668.9,669.5,670.0,670.1,669.8,669.3,668.8,668.7,669.0,645.6,644.9,644.7,645.1,645.8,646.5,646.7,646.7,648.0,645.8,644.0,643.3,644.5,646.9,649.9,647.5,645.4,644.3,644.7,646.4,646.9,647.0,646.9,646.6,646.3,646.1,646.2,646.5,-36.1,-29.3,585.5,0.164,-0.068,-0.005,0.0,0.0,2.72,0.0,0.02,0.58,0.04,1.49,0.08,0.57,0.0,1.03,0.33,0.0,1.16,1.38
0.146878,0.362274,-0.920426,0.071883,0.334168,-0.939768,0.117,0.358,353.3,354.8,358.4,362.2,363.8,362.5,358.6,354.9,347.9,350.7,354.3,358.4,362.3,365.2,367.3,365.2,362.0,358.1,354.3,350.7,356.9,358.5,360.1,360.7,360.0,358.4,356.8,356.2,411.8,413.5,417.4,421.1,422.5,420.7,416.9,412.9,407.7,410.2,413.5,417.6,421.5,424.7,427.1,424.6,421.4,417.6,413.7,410.1,415.4,417.0,418.6,419.4,418.8,417.2,415.5,414.8,157.9,154.0,152.3,153.7,157.4,161.4,162.9,161.6,158.0,157.2,156.7,156.2,156.2,156.7,157.5,158.8,159.5,160.0,159.9,159.2,159.2,159.8,159.0,157.4,155.8,155.2,155.9,157.6,156.3,152.5,151.1,152.8,156.8,160.6,162.0,160.5,156.8,155.8,155.1,155.0,155.6,156.3,157.4,158.6,159.2,159.2,158.8,158.2,158.1,158.9,158.2,156.6,154.9,154.2,154.8,156.4,-80.1,-78.3,-74.1,-69.8,-68.1,-69.6,-74.2,-78.4,-86.9,-83.3,-78.8,-74.0,-69.6,-66.4,-64.2,-66.5,-70.0,-74.4,-79.0,-83.3,-76.2,-74.4,-72.5,-71.7,-72.5,-74.3,-76.2,-76.9,-11.8,-9.8,-5.4,-1.1,0.5,-1.5,-5.9,-10.6,-16.6,-13.6,-9.8,-5.1,-0.6,3.1,5.9,3.0,-0.7,-5.0,-9.6,-13.7,-7.7,-5.8,-3.9,-3.0,-3.7,-5.6,-7.5,-8.4,-79.5,-83.9,-85.9,-84.4,-80.3,-75.7,-73.8,-75.3,-79.7,-80.4,-80.8,-81.2,-81.4,-81.1,-80.5,-78.7,-77.6,-77.0,-77.1,-78.0,-78.2,-77.5,-78.4,-80.3,-82.1,-82.7,-81.9,-80.0,-80.5,-84.8,-86.5,-84.6,-80.1,-75.7,-74.0,-75.7,-80.2,-81.2,-81.7,-81.8,-81.3,-80.8,-79.9,-78.2,-77.2,-77.0,-77.5,-78.4,-78.6,-77.7,-78.5,-80.3,-82.3,-83.1,-82.4,-80.5,659.2,658.5,658.8,659.7,660.9,661.9,661.3,660.4,662.6,660.0,658.1,657.5,658.9,661.3,663.9,661.8,659.5,658.5,658.9,660.5,661.0,661.4,661.5,661.2,660.8,660.3,660.2,660.5,652.8,652.6,652.8,653.2,653.7,653.9,653.8,653.6,655.0,653.1,651.5,651.1,652.4,654.9,658.0,655.3,652.9,651.6,651.8,653.4,654.1,654.3,654.4,654.3,654.1,653.9,653.8,653.9,-35.2,-29.8,584.8,0.154,-0.071,-0.003,0.0,0.0,2.73,0.0,0.02,0.64,0.06,1.53,0.07,0.59,0.0,1.09,0.33,0.0,1.18,1.4
0.138615,0.362266,-0.92171,0.069072,0.336882,-0.93901,0.111,0.359,353.1,354.6,358.3,362.1,363.7,362.4,358.4,354.7,347.6,350.5,354.2,358.4,362.3,365.2,367.3,365.2,362.0,358.1,354.2,350.6,356.7,358.3,359.9,360.5,359.9,358.3,356.7,356.0,411.7,413.5,417.4,421.1,422.4,420.7,416.8,412.8,407.7,410.2,413.5,417.5,421.4,424.7,427.0,424.6,421.3,417.6,413.6,410.1,415.3,416.9,418.6,419.3,418.7,417.2,415.5,414.7,157.8,154.0,152.2,153.6,157.2,161.3,162.8,161.5,157.8,157.0,156.6,156.1,156.1,156.4,157.2,158.8,159.7,160.2,160.1,159.3,159.0,159.6,158.9,157.2,155.7,155.1,155.8,157.5,156.3,152.5,151.1,152.8,156.7,160.5,162.0,160.4,156.7,155.6,155.0,155.0,155.5,156.2,157.3,158.6,159.2,159.3,158.9,158.1,158.0,158.8,158.2,156.5,154.9,154.1,154.7,156.4,-79.1,-77.3,-73.0,-68.8,-67.1,-68.8,-73.3,-77.5,-85.8,-82.1,-77.7,-72.9,-68.5,-65.4,-63.3,-65.6,-69.0,-73.3,-77.9,-82.2,-75.2,-73.4,-71.6,-70.8,-71.5,-73.3,-75.1,-75.9,-11.8,-9.8,-5.4,-1.1,0.5,-1.5,-6.0,-10.6,-16.6,-13.7,-9.8,-5.1,-0.6,3.1,5.8,3.0,-0.8,-5.1,-9.6,-13.7,-7.7,-5.9,-4.0,-3.1,-3.8,-5.6,-7.5,-8.4,-78.3,-82.6,-84.6,-83.2,-79.2,-74.7,-72.9,-74.3,-78.8,-79.3,-79.6,-80.0,-80.3,-80.2,-79.6,-77.6,-76.2,-75.5,-75.7,-76.8,-77.1,-76.5,-77.4,-79.2,-80.9,-81.5,-80.7,-78.9,-80.4,-84.7,-86.4,-84.4,-79.9,-75.6,-73.9,-75.7,-80.2,-81.1,-81.6,-81.6,-81.2,-80.7,-79.9,-78.1,-77.0,-76.8,-77.3,-78.4,-78.5,-77.7,-78.4,-80.3,-82.2,-83.0,-82.3,-80.4,648.9,647.9,648.0,649.2,650.7,652.1,651.6,650.4,652.1,649.5,647.6,647.2,648.6,651.1,653.9,651.9,649.7,648.6,648.9,650.3,650.9,651.4,651.5,651.0,650.4,649.9,649.8,650.3,651.6,651.1,651.2,651.7,652.3,652.8,652.7,652.5,653.8,651.8,650.2,649.7,651.0,653.6,656.6,654.0,651.7,650.5,650.7,652.2,652.9,653.2,653.2,653.0,652.7,652.5,652.5,652.7,-35.2,-29.9,584.9,0.153,-0.069,-0.004,0.0,0.0,2.78,0.0,0.0,0.58,0.05,1.51,0.05,0.56,0.0,1.2,0.19,0.0,1.16,1.32
0.146745,0.355628,-0.923036,0.070371,0.338016,-0.938506,0.116,0.357,352.6,354.3,358.4,362.5,364.2,362.7,358.4,354.2,346.5,349.7,353.8,358.4,362.8,366.0,368.2,365.8,362.3,358.1,353.7,349.7,356.5,358.2,360.0,360.7,360.0,358.3,356.5,355.8,412.3,414.1,417.8,421.5,422.8,421.1,417.3,413.4,408.5,410.9,414.2,418.1,421.9,425.0,427.3,424.9,421.7,418.1,414.3,410.8,415.8,417.4,419.0,419.8,419.2,417.6,416.0,415.3,157.3,153.3,151.5,152.8,156.6,160.7,162.4,161.1,156.8,156.3,156.1,155.7,155.5,155.7,156.3,158.1,159.3,160.0,159.7,158.7,158.4,158.9,158.1,156.5,154.9,154.3,155.1,156.8,155.8,152.1,150.7,152.4,156.2,159.9,161.3,159.8,155.8,154.9,154.4,154.4,154.9,155.6,156.6,157.9,158.5,158.6,158.1,157.3,157.5,158.2,157.6,156.0,154.4,153.6,154.2,155.8,-72.3,-70.3,-66.0,-61.9,-60.4,-62.1,-66.7,-70.8,-79.0,-75.3,-70.8,-65.9,-61.6,-58.5,-56.5,-58.9,-62.3,-66.6,-71.1,-75.5,-68.4,-66.7,-64.9,-64.0,-64.7,-66.4,-68.2,-69.1,-11.5,-9.4,-4.9,-0.6,0.9,-1.1,-5.6,-10.2,-16.1,-13.1,-9.3,-4.6,-0.1,3.5,6.3,3.4,-0.3,-4.6,-9.1,-13.2,-7.3,-5.5,-3.5,-2.6,-3.3,-5.2,-7.1,-8.0,-71.5,-75.4,-77.3,-76.1,-72.5,-68.4,-66.6,-67.8,-72.4,-72.6,-72.6,-73.0,-73.3,-73.5,-73.2,-71.1,-69.5,-68.8,-69.0,-70.3,-70.7,-70.2,-71.0,-72.6,-74.2,-74.7,-73.9,-72.2,-83.3,-87.6,-89.3,-87.3,-82.8,-78.5,-76.8,-78.6,-83.4,-84.3,-84.7,-84.6,-84.2,-83.7,-82.9,-81.1,-80.0,-79.7,-80.3,-81.5,-81.4,-80.6,-81.3,-83.1,-85.1,-85.9,-85.2,-83.3,588.3,586.7,586.5,587.9,590.1,592.2,591.9,590.5,591.6,588.8,586.8,586.3,587.8,590.5,593.4,591.7,589.6,588.6,588.8,590.0,590.5,591.1,591.0,590.3,589.4,588.8,588.9,589.6,669.9,669.5,669.5,670.1,670.8,671.2,671.2,671.0,672.0,670.0,668.4,668.0,669.4,671.9,675.0,672.4,670.1,668.8,668.9,670.4,671.3,671.6,671.6,671.4,671.1,670.9,670.8,671.0,-34.8,-30.4,583.0,0.142,-0.078,-0.005,0.0,0.0,2.88,0.0,0.0,0.41,0.03,1.49,0.05,0.51,0.0,1.2,0.09,0.0,1.11,1.31
0.158116,0.352666,-0.922294,0.071607,0.334373,-0.939717,0.123,0.353,352.5,354.3,358.4,362.5,364.2,362.7,358.3,354.2,346.4,349.6,353.7,358.3,362.7,365.9,368.1,365.7,362.2,358.0,353.6,349.6,356.5,358.2,360.0,360.7,360.0,358.3,356.5,355.8,412.4,414.1,417.9,421.5,422.9,421.2,417.4,413.5,408.5,411.0,414.2,418.2,422.0,425.1,427.4,425.0,421.9,418.2,414.4,410.9,415.9,417.5,419.1,419.8,419.2,417.7,416.0,415.3,157.3,153.3,151.5,152.8,156.6,160.7,162.5,161.1,156.9,156.3,156.1,155.7,155.5,155.7,156.4,158.2,159.4,160.0,159.8,158.7,158.4,159.0,158.2,156.5,154.9,154.3,155.1,156.8,155.8,152.0,150.6,152.3,156.1,159.9,161.3,159.8,155.9,155.0,154.5,154.4,154.9,155.6,156.6,157.8,158.4,158.5,158.1,157.3,157.5,158.2,157.6,156.0,154.3,153.6,154.2,155.8,-71.9,-69.9,-65.6,-61.5,-59.9,-61.7,-66.2,-70.4,-78.7,-75.0,-70.5,-65.6,-61.3,-58.2,-56.2,-58.5,-62.0,-66.3,-70.8,-75.1,-68.0,-66.3,-64.5,-63.6,-64.3,-66.0,-67.8,-68.6,-11.4,-9.4,-4.9,-0.6,1.0,-1.0,-5.5,-10.1,-16.0,-13.0,-9.2,-4.5,-0.0,3.7,6.4,3.6,-0.2,-4.5,-9.0,-13.1,-7.2,-5.4,-3.4,-2.6,-3.3,-5.1,-7.1,-7.9,-71.0,-74.9,-76.8,-75.6,-72.0,-68.0,-66.1,-67.4,-71.9,-72.1,-72.1,-72.5,-72.8,-72.9,-72.6,-70.5,-69.0,-68.3,-68.6,-69.8,-70.2,-69.7,-70.5,-72.2,-73.7,-74.2,-73.4,-71.7,-83.1,-87.5,-89.2,-87.2,-82.8,-78.4,-76.7,-78.4,-83.2,-84.0,-84.5,-84.5,-84.0,-83.6,-82.8,-81.0,-80.0,-79.7,-80.2,-81.3,-81.3,-80.4,-81.2,-83.1,-85.0,-85.8,-85.1,-83.2,584.5,582.8,582.6,584.1,586.2,588.3,588.1,586.6,587.8,585.0,583.0,582.4,584.0,586.6,589.6,587.9,585.8,584.7,585.0,586.2,586.7,587.3,587.2,586.5,585.6,585.0,585.0,585.7,668.7,668.2,668.3,668.8,669.5,669.9,669.9,669.6,670.7,668.7,667.2,666.8,668.2,670.7,673.8,671.2,668.8,667.5,667.6,669.1,670.1,670.3,670.3,670.1,669.8,669.6,669.6,669.8,-34.7,-30.3,582.0,0.14,-0.084,-0.005,0.0,0.0,2.91,0.0,0.0,0.22,0.0,1.43,0.06,0.5,0.0,1.25,0.08,0.0,1.05,1.2
0.153745,0.352858,-0.922959,0.073307,0.328737,-0.941572,0.121,0.35,353.0,354.6,358.6,362.5,364.1,362.7,358.6,354.6,347.2,350.3,354.1,358.5,362.7,365.7,367.9,365.6,362.3,358.2,354.1,350.3,356.8,358.5,360.1,360.8,360.1,358.4,356.8,356.1,412.4,414.1,417.9,421.5,422.8,421.1,417.4,413.5,408.5,411.0,414.2,418.1,421.9,425.0,427.3,424.9,421.8,418.2,414.3,410.9,415.9,417.5,419.1,419.8,419.2,417.7,416.1,415.3,156.1,152.2,150.4,151.8,155.5,159.6,161.2,159.9,155.8,155.3,154.9,154.5,154.4,154.7,155.4,157.0,158.0,158.5,158.3,157.4,157.3,157.9,157.1,155.4,153.8,153.3,154.0,155.7,154.7,151.0,149.6,151.3,155.1,158.8,160.2,158.7,154.9,153.9,153.4,153.4,153.9,154.5,155.5,156.7,157.4,157.5,157.0,156.3,156.4,157.1,156.5,154.9,153.2,152.5,153.1,154.7,-75.4,-73.5,-69.2,-65.1,-63.5,-65.2,-69.7,-73.9,-82.2,-78.5,-74.0,-69.2,-64.8,-61.7,-59.6,-61.9,-65.4,-69.7,-74.3,-78.6,-71.6,-69.8,-67.9,-67.1,-67.8,-69.6,-71.4,-72.2,-11.4,-9.4,-4.9,-0.6,1.0,-1.0,-5.5,-10.2,-16.1,-13.1,-9.2,-4.6,-0.1,3.6,6.4,3.5,-0.2,-4.5,-9.1,-13.2,-7.3,-5.4,-3.5,-2.6,-3.3,-5.1,-7.1,-7.9,-76.4,-80.5,-82.5,-81.2,-77.3,-73.0,-71.2,-72.5,-77.1,-77.4,-77.5,-77.9,-78.2,-78.2,-77.9,-75.9,-74.5,-73.8,-74.0,-75.2,-75.4,-74.8,-75.7,-77.4,-79.1,-79.6,-78.8,-77.0,-84.8,-89.1,-90.8,-88.9,-84.4,-80.1,-78.4,-80.1,-84.9,-85.7,-86.1,-86.1,-85.7,-85.3,-84.5,-82.7,-81.6,-81.3,-81.9,-83.0,-83.0,-82.1,-82.9,-84.7,-86.6,-87.5,-86.8,-84.9,617.9,616.6,616.6,617.9,619.7,621.4,621.1,619.8,621.2,618.5,616.6,616.0,617.5,620.1,623.0,621.1,618.9,617.8,618.1,619.4,620.0,620.6,620.6,620.0,619.2,618.7,618.7,619.3,671.9,671.5,671.5,672.0,672.7,673.2,673.2,673.0,674.0,672.0,670.5,670.0,671.4,674.0,677.1,674.4,672.1,670.8,671.0,672.5,673.3,673.6,673.6,673.4,673.1,672.8,672.8,673.0,-34.8,-31.5,583.7,0.133,-0.079,-0.006,0.0,0.0,2.83,0.0,0.0,0.2,0.0,1.4,0.06,0.53,0.0,1.24,0.1,0.0,1.03,1.2
0.156292,0.358491,-0.920357,0.073174,0.328681,-0.941602,0.123,0.354,353.0,354.6,358.6,362.5,364.1,362.7,358.6,354.7,347.2,350.2,354.1,358.5,362.6,365.7,367.8,365.6,362.3,358.2,354.1,350.2,356.8,358.4,360.1,360.8,360.1,358.4,356.8,356.1,412.4,414.0,417.8,421.4,422.8,421.1,417.3,413.4,408.5,410.9,414.2,418.1,421.8,425.0,427.3,424.9,421.7,418.1,414.3,410.9,415.9,417.4,419.0,419.8,419.2,417.6,416.0,415.3,156.1,152.2,150.4,151.8,155.5,159.6,161.2,159.9,155.9,155.3,154.9,154.5,154.4,154.7,155.3,156.9,157.9,158.5,158.3,157.4,157.3,157.9,157.1,155.4,153.8,153.3,154.0,155.7,154.6,150.9,149.5,151.2,155.0,158.7,160.1,158.7,154.9,154.0,153.4,153.3,153.8,154.5,155.5,156.7,157.3,157.4,156.9,156.3,156.3,157.0,156.4,154.8,153.2,152.5,153.1,154.7,-75.5,-73.6,-69.3,-65.2,-63.6,-65.3,-69.8,-73.9,-82.4,-78.6,-74.2,-69.3,-65.0,-61.9,-59.8,-62.1,-65.5,-69.8,-74.4,-78.7,-71.6,-69.9,-68.0,-67.2,-67.9,-69.7,-71.5,-72.3,-11.5,-9.5,-5.0,-0.7,0.9,-1.1,-5.6,-10.2,-16.1,-13.2,-9.3,-4.7,-0.2,3.5,6.3,3.5,-0.3,-4.6,-9.2,-13.3,-7.3,-5.5,-3.5,-2.7,-3.4,-5.2,-7.2,-8.0,-76.5,-80.6,-82.6,-81.3,-77.4,-73.1,-71.3,-72.6,-77.2,-77.5,-77.7,-78.0,-78.3,-78.4,-78.0,-76.0,-74.6,-73.9,-74.1,-75.2,-75.5,-74.9,-75.7,-77.5,-79.2,-79.7,-78.9,-77.1,-85.0,-89.4,-91.1,-89.1,-84.6,-80.2,-78.5,-80.3,-84.9,-85.8,-86.3,-86.3,-85.9,-85.4,-84.5,-82.8,-81.8,-81.6,-82.1,-83.1,-83.1,-82.3,-83.0,-84.9,-86.8,-87.7,-86.9,-85.0,618.6,617.3,617.3,618.6,620.5,622.1,621.7,620.4,621.9,619.2,617.3,616.8,618.3,620.9,623.7,621.8,619.6,618.4,618.7,620.1,620.7,621.3,621.3,620.7,619.9,619.4,619.4,619.9,672.7,672.4,672.5,672.9,673.4,673.7,673.6,673.5,674.8,672.9,671.3,670.9,672.2,674.7,677.7,675.1,672.7,671.4,671.6,673.2,674.0,674.2,674.2,674.1,673.9,673.7,673.6,673.8,-34.8,-31.5,583.3,0.14,-0.08,-0.005,0.0,0.0,2.79,0.0,0.0,0.17,0.0,1.35,0.05,0.64,0.06,1.35,0.1,0.0,0.93,1.12
0.167544,0.353966,-0.920129,0.068063,0.319,-0.945308,0.126,0.346,353.1,354.7,358.5,362.4,364.0,362.7,358.6,354.8,347.3,350.2,353.9,358.1,362.2,365.3,367.5,365.3,361.9,357.9,353.9,350.3,356.8,358.5,360.1,360.8,360.1,358.4,356.8,356.1,412.2,413.9,417.7,421.3,422.7,421.0,417.3,413.3,408.4,410.8,414.1,418.0,421.8,425.0,427.3,424.9,421.7,418.1,414.2,410.7,415.8,417.3,419.0,419.7,419.1,417.5,415.9,415.2,155.3,151.4,149.6,150.9,154.6,158.6,160.3,158.9,154.9,154.3,154.0,153.6,153.5,153.8,154.4,155.9,156.9,157.4,157.2,156.4,156.4,157.0,156.2,154.6,153.0,152.4,153.2,154.8,153.6,149.9,148.5,150.2,154.0,157.8,159.2,157.7,154.0,153.0,152.4,152.3,152.9,153.6,154.6,155.8,156.3,156.4,156.0,155.3,155.4,156.1,155.5,153.9,152.2,151.5,152.1,153.7,-77.4,-75.5,-71.2,-67.0,-65.3,-67.0,-71.5,-75.8,-84.4,-80.8,-76.3,-71.5,-67.1,-63.9,-61.6,-64.0,-67.5,-71.9,-76.5,-80.8,-73.5,-71.7,-69.8,-69.0,-69.7,-71.5,-73.4,-74.2,-11.5,-9.5,-5.1,-0.8,0.9,-1.2,-5.6,-10.3,-16.2,-13.2,-9.3,-4.7,-0.2,3.5,6.3,3.4,-0.3,-4.6,-9.2,-13.3,-7.4,-5.5,-3.6,-2.7,-3.4,-5.3,-7.2,-8.1,-79.5,-83.7,-85.7,-84.3,-80.4,-76.1,-74.2,-75.6,-80.3,-80.6,-80.8,-81.1,-81.4,-81.4,-81.0,-79.0,-77.7,-77.1,-77.3,-78.4,-78.4,-77.9,-78.7,-80.5,-82.2,-82.8,-81.9,-80.1,-85.5,-89.9,-91.6,-89.6,-85.1,-80.7,-79.0,-80.8,-85.3,-86.3,-86.8,-86.8,-86.4,-85.8,-85.0,-83.3,-82.3,-82.1,-82.6,-83.6,-83.6,-82.7,-83.5,-85.4,-87.3,-88.2,-87.4,-85.6,635.0,633.8,633.7,634.9,636.6,638.3,637.9,636.7,638.6,635.8,633.7,633.0,634.3,636.7,639.4,637.6,635.5,634.5,635.1,636.6,637.0,637.5,637.5,637.0,636.2,635.7,635.8,636.3,667.8,667.7,667.8,668.2,668.5,668.7,668.5,668.4,669.9,668.0,666.5,666.1,667.4,669.9,672.9,670.1,667.7,666.4,666.7,668.2,669.0,669.2,669.2,669.2,669.0,668.9,668.8,668.9,-34.8,-32.5,583.5,0.127,-0.077,-0.008,0.0,0.0,2.81,0.0,0.0,0.13,0.0,1.18,0.03,0.67,0.29,1.38,0.06,0.09,0.58,0.81
0.15592,0.32801,-0.931718,0.064357,0.310535,-0.948381,0.117,0.327,353.2,354.6,358.4,362.3,364.0,362.9,358.9,355.0,347.7,350.4,354.0,358.2,362.3,365.4,367.7,365.4,362.0,358.0,354.1,350.5,357.0,358.7,360.2,360.9,360.1,358.4,356.8,356.2,412.2,413.9,417.6,421.3,422.7,421.0,417.2,413.3,408.4,410.8,414.0,418.0,421.8,424.9,427.3,424.8,421.6,418.0,414.2,410.7,415.7,417.3,418.9,419.6,419.1,417.5,415.9,415.1,153.9,150.0,148.2,149.5,153.2,157.2,158.9,157.6,154.0,153.2,152.6,152.1,152.1,152.4,153.2,154.7,155.6,156.2,156.1,155.3,155.1,155.6,154.8,153.2,151.6,151.1,151.8,153.5,152.5,148.8,147.4,149.1,152.9,156.6,158.1,156.6,152.9,151.8,151.2,151.0,151.6,152.3,153.3,154.6,155.3,155.4,155.0,154.3,154.2,155.0,154.3,152.7,151.1,150.3,151.0,152.6,-77.8,-76.1,-71.8,-67.5,-65.7,-67.1,-71.7,-76.0,-84.5,-81.1,-76.8,-72.0,-67.5,-64.1,-61.8,-64.2,-67.8,-72.3,-76.8,-81.1,-73.7,-71.9,-70.1,-69.3,-70.1,-72.0,-73.8,-74.5,-11.6,-9.6,-5.1,-0.9,0.8,-1.2,-5.7,-10.3,-16.1,-13.2,-9.4,-4.8,-0.3,3.4,6.3,3.4,-0.4,-4.7,-9.2,-13.3,-7.4,-5.6,-3.6,-2.8,-3.5,-5.3,-7.3,-8.1,-81.6,-85.8,-87.9,-86.5,-82.5,-78.1,-76.2,-77.6,-82.0,-82.5,-82.8,-83.3,-83.5,-83.4,-82.8,-80.9,-79.6,-78.9,-79.1,-80.2,-80.4,-79.9,-80.7,-82.6,-84.3,-84.8,-84.0,-82.2,-86.8,-91.1,-92.8,-90.9,-86.4,-82.1,-80.4,-82.1,-86.6,-87.7,-88.2,-88.3,-87.8,-87.3,-86.5,-84.6,-83.5,-83.2,-83.7,-84.8,-84.9,-84.1,-84.8,-86.7,-88.6,-89.5,-88.7,-86.9,639.3,638.2,638.0,638.8,640.2,641.7,641.5,640.7,643.2,640.2,638.0,637.1,638.2,640.4,643.0,641.2,639.3,638.6,639.3,641.0,641.0,641.3,641.3,640.8,640.2,639.8,639.9,640.4,667.4,667.0,667.0,667.4,668.0,668.4,668.4,668.3,669.5,667.5,665.9,665.4,666.7,669.2,672.2,669.6,667.4,666.1,666.4,667.9,668.7,668.9,668.9,668.7,668.5,668.3,668.3,668.5,-34.9,-34.4,586.3,0.112,-0.069,-0.009,0.0,0.0,2.85,0.0,0.0,0.12,0.0,0.98,0.01,0.66,0.54,1.45,0.01,0.15,0.25,0.46
0.162293,0.334245,-0.928408,0.054984,0.315171,-0.947441,0.115,0.333,353.2,354.6,358.4,362.3,364.0,362.8,358.8,354.9,347.7,350.4,354.0,358.1,362.2,365.4,367.6,365.4,362.0,358.0,354.1,350.5,357.0,358.6,360.2,360.8,360.1,358.4,356.8,356.2,412.0,413.7,417.6,421.2,422.6,420.9,417.1,413.1,408.3,410.8,414.0,418.0,421.8,425.0,427.3,424.9,421.7,418.0,414.1,410.7,415.6,417.2,418.8,419.6,419.0,417.4,415.7,415.0,153.9,150.0,148.1,149.5,153.2,157.2,158.9,157.6,153.9,153.2,152.6,152.1,152.0,152.4,153.2,154.7,155.6,156.1,156.1,155.3,155.1,155.6,154.9,153.2,151.6,151.1,151.8,153.5,152.4,148.7,147.3,149.0,152.9,156.6,158.1,156.6,152.7,151.6,151.0,150.9,151.5,152.2,153.3,154.6,155.3,155.4,154.9,154.1,154.2,154.9,154.3,152.7,151.0,150.3,150.9,152.5,-77.9,-76.2,-71.9,-67.6,-65.8,-67.2,-71.8,-76.1,-84.7,-81.2,-76.9,-72.1,-67.6,-64.3,-61.9,-64.3,-67.9,-72.4,-76.9,-81.2,-73.8,-72.0,-70.2,-69.4,-70.2,-72.1,-73.9,-74.6,-11.7,-9.7,-5.2,-0.9,0.7,-1.3,-5.8,-10.4,-16.1,-13.2,-9.3,-4.7,-0.2,3.5,6.3,3.4,-0.4,-4.7,-9.2,-13.2,-7.5,-5.7,-3.7,-2.9,-3.5,-5.4,-7.3,-8.2,-81.6,-85.9,-88.0,-86.6,-82.6,-78.1,-76.2,-77.6,-82.1,-82.6,-82.9,-83.4,-83.6,-83.5,-83.0,-81.0,-79.7,-79.0,-79.2,-80.2,-80.5,-79.9,-80.8,-82.6,-84.3,-84.9,-84.1,-82.2,-86.1,-90.4,-92.0,-90.1,-85.6,-81.3,-79.6,-81.4,-86.1,-87.1,-87.6,-87.6,-87.1,-86.6,-85.7,-83.8,-82.7,-82.4,-83.0,-84.1,-84.2,-83.4,-84.1,-85.9,-87.9,-88.7,-88.0,-86.1,639.9,638.8,638.7,639.5,640.9,642.3,642.1,641.2,643.7,640.8,638.6,637.7,638.8,641.1,643.6,641.8,639.9,639.1,639.8,641.6,641.6,641.9,641.9,641.4,640.8,640.5,640.5,641.0,661.3,660.8,660.7,661.1,661.8,662.3,662.3,662.3,663.3,661.3,659.7,659.2,660.4,662.9,666.0,663.5,661.2,659.9,660.2,661.7,662.6,662.7,662.7,662.5,662.2,662.0,662.1,662.3,-34.9,-34.4,585.5,0.117,-0.071,-0.009,0.0,0.0,2.66,0.0,0.0,0.27,0.0,0.85,0.0,0.62,0.61,1.43,0.0,0.21,0.0,0.12
0.169464,0.336032,-0.92648,0.049935,0.293776,-0.954569,0.116,0.323,354.9,356.2,359.8,363.7,365.6,364.6,360.7,356.8,349.6,352.3,355.7,359.7,363.7,366.9,369.2,367.0,363.7,359.8,356.0,352.4,358.7,360.4,361.9,362.5,361.7,360.0,358.4,357.9,412.9,414.5,418.1,421.6,423.0,421.4,417.8,414.0,409.4,411.8,415.0,418.8,422.5,425.5,427.7,425.4,422.4,418.9,415.2,411.8,416.3,417.8,419.4,420.1,419.5,418.0,416.4,415.7,153.0,149.2,147.3,148.3,151.8,155.8,157.6,156.5,152.8,152.2,151.7,151.0,150.7,150.7,151.2,153.0,154.3,155.0,155.0,154.3,153.9,154.4,153.6,151.9,150.4,150.0,150.8,152.4,149.5,145.9,144.5,146.1,149.8,153.4,154.9,153.5,150.0,148.9,148.3,148.1,148.7,149.5,150.6,151.6,152.1,152.2,151.8,151.3,151.2,151.9,151.3,149.7,148.1,147.4,148.0,149.6,-77.2,-75.6,-71.3,-66.9,-64.9,-66.3,-70.8,-75.2,-83.8,-80.3,-76.1,-71.4,-66.9,-63.5,-61.1,-63.4,-67.0,-71.5,-76.0,-80.3,-73.0,-71.1,-69.3,-68.6,-69.5,-71.4,-73.2,-73.9,-11.1,-9.2,-4.8,-0.4,1.2,-0.7,-5.1,-9.8,-15.3,-12.4,-8.5,-3.9,0.6,4.2,7.0,4.2,0.5,-3.7,-8.3,-12.4,-6.9,-5.1,-3.2,-2.3,-3.1,-4.9,-6.8,-7.6,-84.0,-88.2,-90.3,-89.2,-85.5,-81.1,-79.1,-80.2,-84.6,-85.1,-85.3,-85.9,-86.5,-86.7,-86.5,-84.2,-82.5,-81.5,-81.7,-82.7,-83.2,-82.7,-83.6,-85.4,-87.0,-87.5,-86.6,-84.8,-93.2,-97.6,-99.3,-97.4,-92.9,-88.4,-86.7,-88.4,-92.8,-93.8,-94.5,-94.6,-94.1,-93.5,-92.5,-90.9,-89.9,-89.7,-90.2,-91.0,-91.2,-90.4,-91.1,-93.0,-95.0,-95.8,-95.1,-93.2,650.2,648.7,648.3,649.2,651.0,652.9,652.9,651.9,653.8,650.9,648.6,647.7,648.7,650.9,653.5,651.9,650.1,649.5,650.2,651.9,652.0,652.4,652.2,651.6,650.8,650.4,650.6,651.2,688.2,688.2,688.4,688.7,688.8,688.7,688.5,688.6,690.0,688.2,686.8,686.5,687.8,690.4,693.4,690.5,688.1,686.6,686.8,688.3,689.3,689.4,689.4,689.5,689.4,689.3,689.2,689.2,-33.3,-37.8,592.0,0.088,-0.086,-0.027,0.04,0.0,2.25,0.0,0.0,0.42,0.0,1.09,0.0,0.43,0.38,1.34,0.0,0.12,0.33,0.36
0.288704,0.38243,-0.877723,0.031424,0.341089,-0.939506,0.174,0.379,359.4,360.6,364.2,368.0,369.9,368.9,365.1,361.3,352.7,355.7,359.2,363.2,367.0,370.0,372.2,370.3,367.2,363.3,359.4,355.8,362.9,364.6,366.2,366.7,365.9,364.2,362.6,362.1,413.3,414.8,418.5,422.3,423.9,422.4,418.6,414.6,410.0,412.6,416.1,420.0,423.7,426.5,428.6,426.6,423.8,420.4,416.4,412.7,416.8,418.5,420.1,420.8,420.1,418.4,416.8,416.1,157.4,153.3,151.2,152.4,156.2,160.6,162.4,161.2,157.9,156.8,156.0,155.1,154.8,154.9,155.4,157.3,158.4,159.2,159.3,159.0,158.7,159.3,158.3,156.5,154.8,154.3,155.2,157.1,152.5,148.7,147.1,148.7,152.6,156.4,158.0,156.6,153.1,152.0,151.3,151.1,151.7,152.6,153.9,154.8,155.2,155.2,154.8,154.4,154.3,155.0,154.4,152.7,151.0,150.3,151.0,152.7,-71.1,-69.8,-65.8,-61.6,-59.5,-60.7,-64.9,-69.1,-79.1,-75.4,-71.2,-66.7,-62.5,-59.3,-57.0,-59.0,-62.3,-66.6,-71.0,-75.3,-67.3,-65.5,-63.7,-63.1,-64.0,-65.9,-67.6,-68.2,-10.1,-8.4,-4.1,0.3,2.2,0.4,-3.9,-8.6,-13.9,-10.8,-6.9,-2.3,2.0,5.3,7.7,5.3,2.1,-1.9,-6.4,-10.8,-6.0,-4.1,-2.2,-1.4,-2.2,-4.1,-6.0,-6.8,-77.9,-82.6,-85.1,-84.0,-79.8,-74.8,-72.5,-73.7,-77.6,-78.7,-79.5,-80.4,-81.0,-81.2,-80.8,-78.5,-76.9,-75.8,-75.7,-76.3,-76.7,-76.2,-77.3,-79.4,-81.2,-81.7,-80.6,-78.6,-85.0,-89.5,-91.4,-89.6,-85.1,-80.5,-78.6,-80.1,-84.3,-85.5,-86.3,-86.5,-86.0,-85.3,-84.2,-82.7,-82.0,-81.7,-82.1,-82.7,-83.0,-82.2,-83.0,-85.0,-87.0,-87.8,-86.9,-85.0,642.0,642.0,643.1,644.6,645.7,646.1,644.6,643.1,644.8,642.6,641.2,641.1,642.5,644.8,647.4,645.1,642.5,641.2,641.6,642.9,644.3,645.0,645.5,645.5,645.0,644.3,643.9,643.9,653.2,654.2,655.1,655.4,655.0,654.0,653.2,653.0,654.1,652.9,652.2,652.5,654.4,657.1,660.2,656.9,654.0,652.0,651.5,652.6,654.4,654.5,654.9,655.3,655.5,655.4,655.0,654.6,-29.9,-34.8,589.9,0.141,-0.134,-0.043,0.1,0.0,1.78,0.0,0.0,0.4,0.0,1.44,0.0,0.29,0.13,1.21,0.0,0.05,0.7,0.77
0.306774,0.387705,-0.869238,0.032242,0.348056,-0.936919,0.186,0.387,359.8,360.9,364.4,368.3,370.1,369.2,365.4,361.6,352.8,355.8,359.2,363.2,367.0,370.0,372.2,370.2,367.1,363.3,359.4,355.8,363.3,364.9,366.5,367.0,366.2,364.5,362.9,362.4,413.4,414.9,418.6,422.3,423.9,422.4,418.7,414.6,410.1,412.7,416.1,420.1,423.7,426.5,428.5,426.5,423.8,420.4,416.4,412.7,416.9,418.5,420.1,420.8,420.1,418.5,416.9,416.2,157.4,153.3,151.2,152.4,156.2,160.6,162.4,161.1,158.0,156.9,156.0,155.2,154.8,154.9,155.4,157.0,158.0,158.7,158.9,158.7,158.7,159.2,158.3,156.5,154.9,154.3,155.2,157.0,152.5,148.7,147.2,148.8,152.7,156.5,158.0,156.7,153.1,152.0,151.3,151.2,151.8,152.7,153.9,154.9,155.2,155.2,154.8,154.4,154.4,155.1,154.4,152.8,151.1,150.4,151.0,152.7,-71.7,-70.3,-66.4,-62.2,-60.1,-61.2,-65.4,-69.6,-80.1,-76.4,-72.2,-67.6,-63.4,-60.2,-57.8,-59.9,-63.2,-67.5,-72.0,-76.3,-67.9,-66.0,-64.3,-63.7,-64.6,-66.5,-68.2,-68.8,-10.1,-8.3,-4.0,0.4,2.2,0.4,-3.9,-8.6,-13.9,-10.8,-6.8,-2.3,2.0,5.3,7.7,5.3,2.0,-1.9,-6.4,-10.8,-6.0,-4.1,-2.2,-1.4,-2.2,-4.1,-6.0,-6.8,-79.0,-83.8,-86.3,-85.1,-80.8,-75.8,-73.5,-74.8,-78.7,-79.7,-80.5,-81.4,-82.1,-82.2,-81.9,-79.8,-78.4,-77.4,-77.2,-77.5,-77.8,-77.2,-78.3,-80.4,-82.3,-82.8,-81.7,-79.6,-85.5,-90.0,-91.9,-90.1,-85.5,-81.0,-79.1,-80.6,-84.9,-86.0,-86.7,-87.0,-86.5,-85.8,-84.7,-83.2,-82.5,-82.2,-82.6,-83.2,-83.5,-82.7,-83.5,-85.5,-87.5,-88.3,-87.4,-85.4,650.7,650.9,652.1,653.7,654.6,654.7,653.1,651.6,653.7,651.4,650.1,649.9,651.3,653.6,656.1,653.6,651.0,649.8,650.2,651.6,653.0,653.7,654.2,654.3,653.9,653.3,652.7,652.6,657.4,658.3,659.2,659.6,659.3,658.4,657.5,657.3,658.3,657.1,656.4,656.7,658.6,661.3,664.5,661.2,658.2,656.2,655.8,656.8,658.6,658.8,659.2,659.6,659.7,659.5,659.1,658.8,-29.9,-34.9,591.3,0.142,-0.126,-0.047,0.1,0.0,1.83,0.0,0.0,0.44,0.07,1.73,0.1,0.14,0.0,1.01,0.0,0.0,0.96,1.11
0.243445,0.402908,-0.88227,0.117993,0.379197,-0.917762,0.198,0.41,359.2,360.1,363.4,367.2,369.3,368.7,365.1,361.3,353.7,356.2,359.5,363.2,367.0,370.1,372.4,370.4,367.3,363.6,359.9,356.5,362.9,364.5,366.0,366.4,365.5,363.8,362.3,362.0,415.7,417.1,420.7,424.4,426.0,424.7,421.1,417.1,412.0,414.4,417.6,421.4,425.1,428.2,430.5,428.3,425.3,421.8,418.0,414.5,419.3,420.9,422.5,423.1,422.3,420.7,419.2,418.6,162.7,158.7,156.6,157.5,160.9,165.0,167.0,166.1,163.5,162.4,161.5,160.5,160.1,160.0,160.4,162.1,163.2,164.1,164.5,164.4,163.6,164.0,163.0,161.3,159.8,159.5,160.4,162.1,155.7,151.9,150.2,151.7,155.4,159.2,160.8,159.7,156.4,155.3,154.5,154.2,154.4,155.0,155.9,157.0,157.6,157.9,157.8,157.5,157.3,157.9,157.2,155.5,153.9,153.3,154.0,155.7,-75.4,-74.3,-70.3,-65.8,-63.3,-64.1,-68.4,-72.9,-82.4,-79.0,-74.9,-70.3,-65.9,-62.4,-59.8,-62.0,-65.6,-70.0,-74.5,-78.8,-71.1,-69.1,-67.4,-66.9,-68.0,-69.9,-71.7,-72.2,-7.6,-5.9,-1.6,2.9,4.9,3.2,-1.1,-5.9,-12.1,-9.1,-5.3,-0.7,3.8,7.5,10.3,7.6,4.0,-0.2,-4.8,-9.0,-3.2,-1.3,0.6,1.3,0.4,-1.5,-3.4,-4.1,-76.0,-80.7,-83.3,-82.3,-78.3,-73.4,-71.0,-71.9,-75.4,-76.4,-77.3,-78.3,-79.0,-79.3,-79.1,-76.8,-75.2,-74.1,-73.7,-74.1,-75.0,-74.6,-75.7,-77.8,-79.5,-80.0,-78.8,-76.8,-84.7,-89.4,-91.5,-89.8,-85.3,-80.7,-78.6,-80.0,-84.1,-85.2,-86.1,-86.4,-86.3,-86.0,-85.3,-83.5,-82.4,-81.9,-82.1,-82.6,-83.0,-82.3,-83.2,-85.2,-87.1,-87.9,-87.0,-85.0,677.9,677.5,677.8,678.5,679.2,679.9,679.3,678.6,681.9,679.1,677.1,676.3,677.2,679.1,681.4,679.4,677.4,676.7,677.5,679.4,679.4,679.7,679.8,679.7,679.4,679.1,679.0,679.1,681.4,681.7,682.2,682.5,682.5,682.2,681.8,681.7,683.2,681.5,680.2,680.0,681.4,683.9,686.9,683.9,681.4,679.9,680.0,681.5,682.6,682.7,682.9,683.1,683.1,682.9,682.7,682.6,-28.2,-29.9,590.3,0.208,-0.153,-0.062,0.06,0.0,2.05,0.0,0.0,0.6,0.07,1.83,0.2,0.19,0.0,0.91,0.0,0.0,0.86,1.08
0.254601,0.39482,-0.882777,0.119913,0.372849,-0.920111,0.205,0.403,359.2,360.1,363.4,367.2,369.3,368.6,365.1,361.2,353.6,356.1,359.3,363.1,366.9,369.9,372.3,370.3,367.2,363.5,359.8,356.4,362.8,364.5,365.9,366.3,365.4,363.8,362.3,361.9,415.7,417.1,420.7,424.3,426.0,424.6,421.1,417.1,412.0,414.4,417.7,421.5,425.1,428.1,430.4,428.2,425.3,421.8,418.0,414.5,419.3,420.9,422.4,423.0,422.3,420.7,419.2,418.6,162.7,158.7,156.6,157.5,160.8,164.9,166.9,166.0,163.5,162.4,161.5,160.5,160.1,160.0,160.4,162.2,163.3,164.3,164.6,164.4,163.5,163.9,163.0,161.3,159.8,159.4,160.4,162.1,155.7,151.9,150.3,151.7,155.4,159.2,160.8,159.7,156.3,155.3,154.5,154.2,154.5,155.0,155.9,157.0,157.6,157.8,157.7,157.4,157.3,157.9,157.2,155.5,153.9,153.3,154.0,155.7,-75.2,-74.1,-70.1,-65.6,-63.3,-64.1,-68.3,-72.8,-82.4,-79.0,-74.9,-70.3,-65.9,-62.4,-59.9,-62.0,-65.6,-70.0,-74.5,-78.8,-71.0,-69.1,-67.3,-66.8,-67.9,-69.8,-71.5,-72.0,-7.6,-6.0,-1.6,2.8,4.8,3.2,-1.1,-5.9,-12.1,-9.1,-5.2,-0.7,3.8,7.4,10.2,7.6,4.0,-0.2,-4.8,-9.1,-3.3,-1.4,0.5,1.2,0.4,-1.6,-3.5,-4.2,-75.8,-80.4,-83.0,-82.1,-78.2,-73.3,-70.9,-71.9,-75.3,-76.3,-77.1,-78.2,-78.8,-79.1,-79.0,-76.6,-75.0,-73.8,-73.4,-73.9,-74.9,-74.5,-75.7,-77.7,-79.4,-79.8,-78.7,-76.7,-85.0,-89.7,-91.8,-90.1,-85.6,-81.0,-78.9,-80.2,-84.5,-85.6,-86.3,-86.7,-86.5,-86.2,-85.5,-83.8,-82.8,-82.3,-82.4,-83.0,-83.3,-82.6,-83.5,-85.5,-87.4,-88.1,-87.2,-85.2,676.4,675.9,676.1,677.0,677.9,678.8,678.2,677.4,680.5,677.7,675.6,674.8,675.7,677.8,680.1,678.2,676.2,675.4,676.2,678.1,678.1,678.4,678.5,678.3,677.9,677.6,677.5,677.7,683.6,684.1,684.6,685.0,684.9,684.5,683.9,683.8,685.3,683.7,682.5,682.4,683.8,686.4,689.4,686.4,683.7,682.1,682.2,683.6,684.8,685.0,685.2,685.4,685.4,685.3,685.0,684.9,-28.2,-29.7,590.0,0.2,-0.151,-0.066,0.0,0.0,2.46,0.0,0.1,0.54,0.15,1.9,0.41,0.31,0.0,0.76,0.0,0.0,0.8,0.68
0.243771,0.413804,-0.877122,0.139741,0.398095,-0.906638,0.212,0.427,356.7,357.6,361.1,365.0,367.1,366.4,362.7,358.8,350.9,353.7,357.2,361.1,364.9,368.0,370.2,368.3,365.2,361.4,357.5,353.9,360.4,362.1,363.5,363.9,363.1,361.4,359.9,359.5,414.3,415.7,419.4,423.2,425.0,423.6,419.9,415.8,410.5,412.9,416.1,420.0,423.9,427.1,429.6,427.3,424.1,420.5,416.5,413.0,418.1,419.7,421.3,421.9,421.2,419.5,417.9,417.3,169.2,165.1,163.0,163.9,167.5,171.8,173.8,172.8,170.0,168.9,168.0,167.1,166.7,166.8,167.2,168.7,169.6,170.4,170.8,170.7,170.3,170.7,169.7,168.0,166.5,166.1,167.0,168.7,161.6,157.7,155.9,157.3,161.0,164.9,166.7,165.6,162.1,161.0,160.2,159.8,160.0,160.3,160.9,162.5,163.5,164.0,163.9,163.4,162.9,163.5,162.8,161.1,159.5,158.9,159.7,161.3,-76.4,-75.3,-71.4,-66.9,-64.5,-65.4,-69.6,-74.1,-83.6,-80.0,-75.7,-71.1,-66.8,-63.5,-61.0,-63.1,-66.5,-70.8,-75.4,-79.8,-72.2,-70.3,-68.7,-68.2,-69.2,-71.1,-72.8,-73.3,-9.0,-7.4,-3.0,1.4,3.5,1.9,-2.5,-7.3,-13.5,-10.7,-6.9,-2.3,2.2,6.0,9.0,6.2,2.5,-1.8,-6.4,-10.5,-4.6,-2.7,-0.8,-0.1,-1.0,-2.9,-4.8,-5.5,-66.4,-71.2,-73.8,-72.8,-68.6,-63.6,-61.2,-62.3,-65.8,-66.9,-67.8,-68.8,-69.4,-69.5,-69.3,-67.3,-66.0,-65.0,-64.5,-64.7,-65.4,-64.9,-66.1,-68.1,-69.9,-70.3,-69.2,-67.2,-75.2,-79.7,-81.8,-80.2,-75.9,-71.4,-69.4,-70.7,-74.9,-75.9,-76.6,-77.0,-77.0,-77.0,-76.5,-74.4,-72.9,-72.2,-72.4,-73.2,-73.8,-73.1,-74.0,-75.9,-77.8,-78.5,-77.6,-75.6,661.2,661.2,661.9,662.8,663.4,663.7,662.7,661.8,664.5,662.1,660.4,660.0,661.3,663.6,666.0,663.7,661.3,660.1,660.5,662.2,663.0,663.3,663.6,663.6,663.4,663.0,662.7,662.7,659.8,659.2,659.1,659.6,660.3,661.0,661.1,660.9,662.0,659.9,658.3,657.7,659.0,661.4,664.4,662.0,659.8,658.6,658.8,660.4,661.2,661.4,661.3,661.1,660.7,660.5,660.6,660.8,-28.9,-23.2,583.2,0.244,-0.171,-0.074,0.0,0.0,2.55,0.0,0.18,0.32,0.15,1.91,0.55,0.52,0.0,0.64,0.0,0.0,0.82,0.34
0.256355,0.385732,-0.88628,0.135624,0.358564,-0.923601,0.213,0.39,356.4,357.3,360.8,364.7,366.9,366.2,362.4,358.5,350.7,353.4,356.8,360.6,364.5,367.7,370.1,368.0,364.8,361.0,357.1,353.6,360.2,361.9,363.3,363.7,362.8,361.2,359.7,359.3,414.2,415.6,419.2,423.1,424.8,423.4,419.8,415.7,410.5,412.8,416.0,420.0,423.8,427.0,429.4,427.2,424.1,420.4,416.5,413.0,417.9,419.6,421.2,421.8,421.0,419.4,417.8,417.2,169.2,165.1,162.9,163.9,167.5,171.8,173.8,172.8,169.9,168.9,167.9,167.1,166.7,166.7,167.1,168.7,169.7,170.5,170.9,170.7,170.2,170.7,169.7,168.0,166.5,166.0,167.0,168.7,161.7,157.8,156.0,157.4,161.1,165.0,166.7,165.6,162.2,161.1,160.3,159.9,160.0,160.3,160.9,162.5,163.5,164.1,164.0,163.5,163.0,163.6,162.8,161.1,159.5,158.9,159.7,161.4,-76.7,-75.6,-71.6,-67.0,-64.6,-65.4,-69.7,-74.3,-83.8,-80.3,-76.1,-71.5,-67.1,-63.6,-61.0,-63.3,-66.8,-71.2,-75.7,-80.1,-72.4,-70.5,-68.8,-68.3,-69.3,-71.2,-73.0,-73.4,-9.1,-7.5,-3.2,1.3,3.3,1.7,-2.6,-7.4,-13.5,-10.8,-7.0,-2.4,2.1,5.9,8.8,6.1,2.4,-1.8,-6.4,-10.5,-4.8,-2.8,-1.0,-0.3,-1.2,-3.1,-5.0,-5.7,-66.3,-71.1,-73.7,-72.6,-68.5,-63.5,-61.1,-62.2,-65.9,-66.9,-67.8,-68.7,-69.3,-69.4,-69.2,-67.1,-65.8,-64.7,-64.4,-64.7,-65.3,-64.8,-66.0,-68.0,-69.8,-70.2,-69.1,-67.1,-75.5,-79.9,-82.0,-80.5,-76.2,-71.7,-69.7,-71.0,-75.0,-76.2,-76.9,-77.3,-77.3,-77.3,-76.9,-74.8,-73.3,-72.5,-72.7,-73.4,-74.0,-73.4,-74.3,-76.2,-78.1,-78.7,-77.8,-75.9,660.3,660.2,660.6,661.3,661.9,662.4,661.6,660.9,664.0,661.4,659.5,658.8,659.8,661.9,664.2,662.0,659.8,658.9,659.7,661.5,661.9,662.2,662.4,662.3,662.1,661.8,661.6,661.6,662.9,662.3,662.2,662.7,663.5,664.1,664.2,664.0,665.0,662.9,661.3,660.8,662.1,664.7,667.7,665.2,663.0,661.8,662.0,663.5,664.3,664.5,664.5,664.2,663.8,663.6,663.7,663.9,-29.0,-22.7,582.9,0.196,-0.18,-0.073,0.0,0.0,2.66,0.0,0.25,0.11,0.21,1.87,0.67,0.71,0.0,0.49,0.0,0.0,0.84,0.04
0.257757,0.369479,-0.892775,0.135553,0.337133,-0.931647,0.212,0.37,356.4,357.4,360.8,364.8,366.9,366.2,362.5,358.5,350.6,353.4,356.8,360.6,364.5,367.6,370.1,368.0,364.8,361.0,357.1,353.6,360.2,361.9,363.4,363.8,362.9,361.2,359.7,359.3,414.3,415.6,419.2,423.0,424.8,423.4,419.8,415.7,410.5,412.8,416.0,419.9,423.8,427.0,429.4,427.1,424.0,420.4,416.5,413.0,417.9,419.6,421.2,421.8,421.0,419.4,417.8,417.2,169.3,165.2,163.0,164.0,167.6,171.8,173.8,172.9,170.0,168.9,168.0,167.1,166.7,166.7,167.1,168.7,169.7,170.5,170.9,170.8,170.3,170.7,169.8,168.0,166.5,166.1,167.0,168.8,161.7,157.8,156.1,157.4,161.1,165.0,166.8,165.7,162.4,161.2,160.3,159.9,160.0,160.3,161.1,162.6,163.6,164.0,164.0,163.6,163.1,163.7,162.9,161.2,159.6,159.0,159.8,161.5,-76.6,-75.5,-71.5,-66.9,-64.6,-65.4,-69.7,-74.2,-83.8,-80.3,-76.1,-71.5,-67.1,-63.6,-61.0,-63.2,-66.8,-71.2,-75.7,-80.1,-72.4,-70.4,-68.7,-68.2,-69.2,-71.2,-72.9,-73.4,-9.1,-7.5,-3.3,1.2,3.3,1.7,-2.6,-7.4,-13.6,-10.8,-7.0,-2.4,2.1,5.9,8.8,6.1,2.4,-1.9,-6.4,-10.6,-4.8,-2.8,-1.0,-0.3,-1.2,-3.1,-5.0,-5.7,-66.2,-71.0,-73.6,-72.5,-68.4,-63.5,-61.1,-62.1,-65.8,-66.8,-67.7,-68.6,-69.2,-69.4,-69.2,-67.1,-65.7,-64.7,-64.3,-64.6,-65.2,-64.8,-65.9,-67.9,-69.7,-70.1,-69.0,-67.0,-75.8,-80.3,-82.4,-80.9,-76.6,-72.1,-70.0,-71.2,-75.3,-76.5,-77.3,-77.7,-77.7,-77.7,-77.1,-75.1,-73.7,-72.9,-73.0,-73.7,-74.3,-73.7,-74.6,-76.5,-78.4,-79.1,-78.2,-76.2,660.2,659.9,660.3,661.0,661.8,662.4,661.7,660.9,664.0,661.3,659.3,658.6,659.6,661.7,664.0,661.9,659.8,658.9,659.6,661.5,661.8,662.1,662.3,662.2,661.9,661.5,661.4,661.5,666.5,666.0,666.0,666.4,667.1,667.6,667.6,667.4,668.5,666.5,665.0,664.5,665.8,668.3,671.3,668.8,666.5,665.2,665.4,667.0,667.8,668.0,668.0,667.8,667.5,667.3,667.3,667.5,-29.1,-22.5,584.5,0.169,-0.179,-0.071,0.0,0.0,2.73,0.0,0.26,0.09,0.23,1.83,0.7,0.83,0.0,0.58,0.0,0.0,0.64,0.0
0.248745,0.395142,-0.884301,0.155976,0.350184,-0.923603,0.22,0.391,354.4,355.5,359.2,363.5,365.7,364.9,360.9,356.7,348.3,351.3,355.1,359.3,363.4,366.8,369.4,367.2,363.7,359.6,355.4,351.5,358.5,360.3,361.9,362.3,361.4,359.6,358.0,357.6,413.6,414.9,418.6,422.5,424.4,423.1,419.4,415.2,409.6,411.9,415.1,419.1,423.1,426.5,429.0,426.7,423.5,419.8,415.8,412.2,417.5,419.1,420.7,421.3,420.5,418.8,417.2,416.7,174.7,170.4,168.0,169.1,172.9,177.4,179.6,178.5,175.2,174.2,173.3,172.4,172.0,171.9,172.2,174.0,175.2,176.1,176.5,176.3,175.7,176.2,175.2,173.3,171.7,171.3,172.3,174.1,166.1,162.1,160.2,161.5,165.2,169.2,171.1,170.1,166.5,165.3,164.4,164.0,164.1,164.3,164.9,166.6,167.7,168.3,168.3,167.8,167.3,167.9,167.1,165.4,163.7,163.2,164.0,165.7,-73.1,-71.9,-67.9,-63.4,-61.1,-62.0,-66.3,-70.8,-80.3,-76.6,-72.3,-67.7,-63.4,-59.9,-57.4,-59.5,-63.0,-67.4,-72.0,-76.5,-68.9,-67.0,-65.3,-64.8,-65.7,-67.7,-69.4,-69.9,-9.7,-8.2,-3.9,0.6,2.8,1.3,-3.0,-7.8,-14.3,-11.6,-7.9,-3.3,1.3,5.1,8.2,5.4,1.7,-2.5,-7.1,-11.3,-5.2,-3.3,-1.5,-0.8,-1.8,-3.7,-5.5,-6.2,-55.5,-60.1,-62.7,-61.7,-57.6,-52.8,-50.4,-51.4,-55.3,-56.2,-57.0,-57.9,-58.4,-58.7,-58.6,-56.4,-55.0,-53.9,-53.6,-54.0,-54.5,-54.1,-55.2,-57.2,-58.9,-59.3,-58.2,-56.3,-69.0,-73.5,-75.7,-74.3,-70.1,-65.5,-63.3,-64.5,-68.8,-69.9,-70.7,-71.2,-71.2,-71.2,-70.8,-68.6,-67.1,-66.3,-66.4,-67.1,-67.7,-67.1,-68.0,-70.0,-71.8,-72.4,-71.5,-69.5,611.5,611.1,611.3,612.2,613.1,613.9,613.3,612.5,615.3,612.6,610.7,610.0,611.1,613.3,615.8,613.6,611.4,610.5,611.1,612.9,613.2,613.6,613.7,613.5,613.1,612.7,612.6,612.8,650.8,650.1,650.0,650.4,651.2,651.9,652.1,651.9,653.0,650.9,649.2,648.6,649.7,652.1,655.1,652.7,650.6,649.5,649.8,651.4,652.1,652.3,652.3,652.0,651.6,651.4,651.5,651.8,-29.0,-17.4,577.2,0.192,-0.191,-0.077,0.0,0.0,2.81,0.0,0.29,0.09,0.24,1.84,0.71,0.91,0.0,0.76,0.0,0.02,0.48,0.0
0.258308,0.385382,-0.885865,0.156389,0.332158,-0.930168,0.225,0.376,354.3,355.4,359.2,363.5,365.7,364.9,360.8,356.5,347.8,350.9,354.8,359.1,363.3,366.8,369.4,367.2,363.6,359.4,355.1,351.1,358.4,360.2,361.8,362.3,361.3,359.5,357.9,357.5,413.6,414.9,418.6,422.5,424.4,423.1,419.4,415.2,409.6,411.9,415.0,419.1,423.1,426.4,429.0,426.7,423.5,419.8,415.8,412.2,417.4,419.1,420.7,421.2,420.4,418.8,417.2,416.6,174.8,170.4,168.0,169.1,172.9,177.5,179.7,178.6,175.1,174.2,173.3,172.4,172.0,171.9,172.2,174.1,175.2,176.2,176.5,176.2,175.8,176.2,175.2,173.3,171.7,171.3,172.3,174.1,166.1,162.1,160.2,161.4,165.2,169.2,171.1,170.1,166.5,165.3,164.5,164.0,164.1,164.3,165.0,166.6,167.7,168.3,168.3,167.8,167.3,167.9,167.1,165.3,163.7,163.2,164.0,165.7,-71.8,-70.6,-66.6,-62.1,-59.9,-60.8,-65.1,-69.6,-79.2,-75.5,-71.2,-66.6,-62.2,-58.8,-56.2,-58.4,-61.9,-66.3,-70.9,-75.4,-67.7,-65.8,-64.1,-63.6,-64.5,-66.4,-68.1,-68.6,-9.7,-8.2,-3.9,0.6,2.7,1.2,-3.0,-7.9,-14.3,-11.6,-8.0,-3.3,1.3,5.1,8.1,5.4,1.7,-2.5,-7.2,-11.3,-5.3,-3.3,-1.5,-0.9,-1.8,-3.7,-5.6,-6.2,-54.3,-58.9,-61.4,-60.4,-56.5,-51.7,-49.3,-50.3,-54.4,-55.1,-55.8,-56.7,-57.2,-57.5,-57.5,-55.3,-53.8,-52.8,-52.4,-52.9,-53.5,-53.0,-54.1,-56.0,-57.7,-58.1,-57.1,-55.1,-68.9,-73.4,-75.5,-74.1,-69.9,-65.4,-63.2,-64.4,-68.5,-69.7,-70.5,-71.0,-71.1,-71.1,-70.6,-68.4,-66.9,-66.1,-66.2,-66.9,-67.5,-66.9,-67.9,-69.8,-71.6,-72.2,-71.3,-69.4,599.4,598.8,599.0,599.9,601.0,602.0,601.5,600.5,603.3,600.5,598.5,597.8,598.9,601.2,603.7,601.6,599.4,598.5,599.1,600.9,601.2,601.6,601.7,601.4,600.9,600.5,600.4,600.7,649.2,648.5,648.4,648.9,649.7,650.3,650.5,650.3,651.4,649.3,647.6,647.0,648.2,650.6,653.6,651.2,649.1,647.9,648.2,649.9,650.5,650.7,650.7,650.4,650.0,649.8,649.9,650.2,-29.0,-17.1,577.1,0.174,-0.189,-0.08,0.0,0.0,2.92,0.0,0.32,0.0,0.24,1.88,0.75,0.97,0.0,0.85,0.0,0.14,0.23,0.0
0.315919,0.409895,-0.855676,0.160968,0.366604,-0.916346,0.263,0.413,355.8,356.9,361.2,366.2,368.9,368.2,363.5,358.5,348.4,351.5,355.6,360.4,365.5,369.6,372.9,370.2,366.0,361.1,356.3,352.0,360.7,362.8,364.6,365.0,363.9,361.8,360.0,359.5,415.8,417.0,420.6,424.5,426.4,425.2,421.6,417.5,411.9,414.2,417.3,421.3,425.2,428.4,430.9,428.7,425.6,422.0,418.0,414.5,419.6,421.3,422.8,423.3,422.5,420.8,419.3,418.8,178.6,173.6,171.0,172.3,176.7,182.0,184.3,183.1,180.7,177.5,175.0,173.3,173.2,174.3,176.2,177.9,178.8,179.8,180.5,181.0,180.2,180.7,179.6,177.5,175.6,175.1,176.2,178.3,169.1,165.1,163.2,164.3,168.0,171.9,173.9,173.0,169.4,168.2,167.3,166.7,166.7,166.8,167.4,169.2,170.4,171.1,171.1,170.7,170.2,170.7,169.9,168.2,166.6,166.1,167.0,168.7,-60.4,-59.5,-55.7,-51.1,-48.5,-49.1,-53.3,-57.8,-67.6,-64.5,-60.6,-56.1,-51.6,-48.0,-45.1,-47.3,-51.0,-55.4,-59.8,-64.0,-56.0,-54.1,-52.5,-52.2,-53.2,-55.1,-56.7,-57.1,-7.2,-5.8,-1.6,2.9,5.2,3.8,-0.4,-5.3,-11.9,-9.1,-5.4,-0.8,3.7,7.5,10.5,7.9,4.2,-0.0,-4.6,-8.8,-2.8,-0.8,1.0,1.5,0.6,-1.3,-3.1,-3.7,-43.2,-47.9,-50.4,-49.2,-45.1,-40.1,-38.0,-39.1,-41.7,-44.4,-46.5,-48.0,-48.2,-47.3,-45.7,-43.9,-43.0,-42.0,-41.4,-41.1,-41.9,-41.4,-42.5,-44.4,-46.1,-46.6,-45.6,-43.6,-66.5,-71.1,-73.4,-72.1,-67.9,-63.3,-61.0,-62.1,-66.3,-67.6,-68.5,-69.1,-69.2,-69.3,-69.0,-66.7,-65.0,-64.1,-64.1,-64.7,-65.4,-64.8,-65.8,-67.7,-69.5,-70.0,-69.1,-67.1,515.5,516.6,517.5,517.6,516.9,516.0,514.9,514.8,519.5,517.3,515.6,515.0,515.7,517.3,518.9,516.4,514.2,513.5,514.4,516.5,516.4,516.5,516.9,517.3,517.6,517.6,517.2,516.7,660.5,659.8,659.6,660.2,661.2,662.0,662.1,661.8,662.6,660.5,658.8,658.3,659.6,662.1,665.2,662.8,660.6,659.3,659.5,661.1,662.0,662.3,662.2,661.9,661.5,661.2,661.3,661.6,-25.6,-12.6,563.5,0.217,-0.217,-0.085,0.0,0.0,2.98,0.0,0.35,0.0,0.24,1.81,0.76,1.03,0.0,0.66,0.0,0.19,0.11,0.01
0.299547,0.391334,-0.870132,0.162213,0.351354,-0.922083,0.252,0.393,355.2,356.5,361.2,366.7,369.7,368.9,363.7,358.2,348.8,351.7,355.6,360.5,365.9,370.5,374.3,371.1,366.3,361.0,356.2,352.0,360.8,363.1,365.0,365.5,364.3,362.1,360.1,359.6,416.3,417.5,421.2,425.3,427.3,426.0,422.3,418.0,412.3,414.8,418.2,422.3,426.2,429.4,431.8,429.7,426.6,423.0,418.9,415.1,420.2,421.9,423.5,424.0,423.2,421.5,419.9,419.4,180.4,174.8,171.7,173.0,177.8,183.8,186.5,185.2,182.0,179.0,176.7,175.1,174.7,175.5,177.4,179.6,180.8,182.0,182.7,182.8,181.8,182.4,181.1,178.8,176.8,176.3,177.5,179.8,170.1,165.9,163.8,165.0,168.8,173.0,175.0,174.1,170.4,169.1,168.2,167.6,167.6,167.7,168.2,170.0,171.3,172.0,172.1,171.7,171.2,171.7,170.8,169.1,167.5,167.0,167.9,169.6,-57.1,-56.1,-52.0,-47.3,-44.6,-45.3,-49.7,-54.4,-63.1,-60.3,-56.7,-52.4,-47.8,-43.9,-40.8,-43.4,-47.3,-51.8,-56.1,-60.0,-52.3,-50.4,-48.7,-48.3,-49.4,-51.3,-53.0,-53.4,-6.4,-5.1,-0.9,3.7,6.0,4.6,0.4,-4.5,-11.0,-8.1,-4.3,0.3,4.7,8.4,11.2,8.7,5.2,1.1,-3.5,-7.9,-2.0,-0.1,1.7,2.3,1.3,-0.6,-2.4,-3.0,-39.0,-43.8,-46.4,-45.3,-41.1,-36.0,-33.7,-34.8,-38.0,-40.3,-42.0,-43.3,-43.7,-43.1,-41.6,-39.6,-38.4,-37.4,-36.9,-37.0,-37.8,-37.3,-38.4,-40.4,-42.1,-42.6,-41.5,-39.5,-63.2,-67.8,-70.2,-68.9,-64.7,-60.1,-57.7,-58.8,-63.0,-64.2,-65.1,-65.8,-66.0,-66.2,-65.8,-63.5,-61.9,-60.9,-60.8,-61.4,-62.1,-61.5,-62.5,-64.5,-66.2,-66.8,-65.8,-63.8,483.0,483.7,483.7,483.1,482.2,481.7,481.4,482.1,487.2,484.7,482.4,481.2,481.3,482.2,483.5,481.6,480.1,480.0,481.5,484.2,483.2,483.0,483.0,483.3,483.6,483.9,483.9,483.6,638.5,637.9,638.1,638.9,639.8,640.4,640.2,639.8,640.1,638.3,636.9,636.8,638.3,641.0,644.2,641.6,639.1,637.6,637.5,638.8,640.2,640.5,640.5,640.3,639.9,639.6,639.5,639.8,-24.0,-10.4,555.5,0.209,-0.226,-0.101,0.0,0.0,2.98,0.0,0.38,0.0,0.22,1.7,0.76,1.23,0.0,0.5,0.0,0.22,0.0,0.02
0.300784,0.388062,-0.87117,0.164867,0.336411,-0.927171,0.253,0.383,355.7,356.9,361.4,366.5,369.3,368.6,363.7,358.5,349.5,352.1,355.9,360.7,365.9,370.3,373.8,370.8,366.2,361.1,356.5,352.5,360.9,363.1,365.0,365.5,364.3,362.1,360.2,359.8,416.2,417.4,421.1,425.1,427.1,425.9,422.2,417.9,412.3,414.7,418.1,422.1,426.0,429.2,431.7,429.5,426.5,422.8,418.8,415.0,420.1,421.8,423.4,423.9,423.0,421.3,419.8,419.2,180.7,175.5,172.6,173.7,178.2,183.8,186.4,185.2,182.6,179.3,176.8,175.0,174.8,175.7,177.7,179.8,180.9,182.0,182.8,183.2,182.1,182.6,181.4,179.2,177.3,176.8,178.0,180.2,170.1,166.0,163.9,165.1,168.8,173.0,175.0,174.1,170.5,169.2,168.2,167.6,167.5,167.7,168.3,170.1,171.3,172.1,172.2,171.8,171.2,171.7,170.9,169.1,167.5,167.0,167.9,169.7,-59.2,-58.2,-54.2,-49.6,-47.0,-47.6,-51.9,-56.5,-65.3,-62.6,-59.0,-54.6,-50.0,-46.1,-43.1,-45.6,-49.5,-54.0,-58.3,-62.2,-54.5,-52.6,-50.9,-50.5,-51.6,-53.6,-55.2,-55.6,-6.6,-5.2,-1.0,3.5,5.8,4.4,0.2,-4.6,-11.1,-8.2,-4.4,0.1,4.6,8.2,11.1,8.6,5.1,0.9,-3.7,-7.9,-2.2,-0.2,1.6,2.1,1.2,-0.8,-2.5,-3.1,-40.4,-45.2,-47.8,-46.7,-42.6,-37.6,-35.3,-36.3,-39.1,-41.9,-43.9,-45.4,-45.6,-44.8,-43.2,-41.2,-40.0,-39.0,-38.4,-38.3,-39.2,-38.8,-39.8,-41.8,-43.5,-44.0,-42.9,-40.9,-63.4,-68.0,-70.4,-69.1,-65.0,-60.3,-57.9,-58.9,-63.1,-64.4,-65.4,-66.0,-66.3,-66.4,-66.0,-63.7,-62.0,-61.1,-60.9,-61.5,-62.3,-61.7,-62.7,-64.7,-66.4,-67.0,-66.0,-64.0,504.4,505.2,505.4,504.8,503.8,503.2,502.8,503.4,508.9,506.4,504.2,503.0,503.2,504.1,505.3,503.3,501.7,501.5,503.0,505.7,504.6,504.4,504.5,504.8,505.2,505.5,505.4,505.1,640.9,640.3,640.4,641.1,642.1,642.6,642.5,642.1,642.6,640.7,639.3,639.1,640.6,643.2,646.4,643.8,641.4,639.9,639.9,641.2,642.5,642.8,642.8,642.6,642.2,641.9,641.8,642.1,-24.0,-10.2,559.9,0.192,-0.227,-0.111,0.0,0.0,3.05,0.0,0.49,0.0,0.18,1.68,0.77,1.43,0.0,0.41,0.0,0.19,0.0,0.02
0.322056,0.383304,-0.865655,0.15849,0.347131,-0.924327,0.262,0.387,357.0,358.4,363.1,368.2,370.9,369.9,364.8,359.6,351.4,353.6,356.9,361.4,366.6,371.4,375.4,372.0,366.9,361.8,357.4,353.9,362.5,364.6,366.4,367.0,365.9,363.9,362.0,361.4,417.0,418.2,421.9,426.0,428.1,427.0,423.3,418.9,413.1,415.7,419.1,423.2,427.1,430.4,432.9,430.7,427.6,423.9,419.8,416.0,421.1,422.8,424.4,424.9,424.0,422.2,420.6,420.2,183.5,178.0,175.0,176.3,181.0,186.8,189.5,188.2,185.6,182.3,179.8,178.0,177.5,178.4,180.2,182.5,183.7,185.0,185.9,186.2,184.9,185.4,184.2,182.0,180.1,179.6,180.8,183.0,172.5,168.3,166.1,167.2,171.0,175.2,177.5,176.6,173.1,171.6,170.5,169.8,169.6,169.7,170.4,172.2,173.5,174.3,174.5,174.3,173.6,174.1,173.2,171.4,169.8,169.3,170.2,172.0,-56.1,-54.9,-50.8,-46.2,-43.8,-44.6,-49.0,-53.6,-61.5,-59.3,-56.1,-52.0,-47.5,-43.4,-40.0,-42.8,-47.1,-51.5,-55.5,-58.9,-51.3,-49.4,-47.8,-47.3,-48.3,-50.2,-51.8,-52.3,-5.5,-4.3,-0.1,4.5,6.8,5.6,1.5,-3.4,-9.9,-7.0,-3.2,1.3,5.7,9.4,12.2,9.8,6.3,2.2,-2.4,-6.7,-1.0,0.9,2.7,3.2,2.2,0.2,-1.5,-2.0,-36.7,-41.4,-44.0,-42.8,-38.6,-33.6,-31.3,-32.5,-35.2,-37.9,-39.8,-41.2,-41.5,-40.8,-39.3,-37.3,-36.1,-35.1,-34.5,-34.4,-35.4,-34.9,-35.9,-37.9,-39.6,-40.0,-39.0,-37.1,-59.4,-64.1,-66.6,-65.4,-61.3,-56.6,-54.1,-55.0,-59.0,-60.4,-61.6,-62.4,-62.7,-62.8,-62.4,-60.1,-58.4,-57.4,-57.1,-57.5,-58.4,-57.9,-58.9,-60.9,-62.6,-63.1,-62.1,-60.1,487.4,488.1,487.5,486.1,484.6,484.0,484.4,485.8,492.7,489.9,487.1,485.2,484.4,484.5,485.1,483.6,482.8,483.5,485.8,489.1,486.7,486.1,485.9,486.2,486.8,487.4,487.6,487.3,628.3,627.9,628.0,628.7,629.5,630.0,629.8,629.5,629.9,628.1,626.8,626.6,628.1,630.8,634.0,631.3,628.8,627.3,627.2,628.5,629.9,630.2,630.2,630.0,629.7,629.4,629.4,629.6,-22.6,-7.7,558.5,0.208,-0.229,-0.117,0.0,0.0,3.1,0.0,0.56,0.0,0.09,1.71,0.8,1.64,0.0,0.44,0.0,0.22,0.01,0.01
0.312604,0.373655,-0.873305,0.167189,0.329988,-0.929062,0.26,0.372,356.9,358.5,363.2,368.4,371.0,370.0,364.8,359.6,351.9,353.9,357.0,361.4,366.8,371.7,375.9,372.2,366.9,361.7,357.4,354.1,362.6,364.7,366.6,367.2,366.1,364.0,362.1,361.5,417.2,418.4,422.2,426.4,428.5,427.3,423.5,419.0,413.2,415.7,419.2,423.4,427.3,430.6,433.2,431.0,427.8,424.0,419.9,416.0,421.3,423.0,424.7,425.2,424.3,422.5,420.9,420.4,183.9,178.2,175.0,176.3,181.2,187.3,190.0,188.8,186.0,182.7,180.2,178.3,177.9,178.7,180.7,182.9,184.2,185.5,186.3,186.6,185.3,185.8,184.5,182.2,180.3,179.8,181.0,183.3,172.8,168.5,166.3,167.5,171.4,175.7,177.9,177.0,173.4,172.0,170.9,170.3,170.2,170.3,170.9,172.7,174.0,174.8,174.9,174.6,174.0,174.5,173.6,171.8,170.1,169.6,170.6,172.4,-54.2,-53.0,-48.9,-44.4,-42.1,-42.9,-47.3,-51.8,-59.1,-57.1,-54.1,-50.2,-45.6,-41.5,-38.1,-41.0,-45.4,-49.8,-53.6,-56.8,-49.4,-47.6,-46.0,-45.5,-46.4,-48.2,-49.9,-50.3,-5.3,-4.0,0.2,4.8,7.2,5.8,1.7,-3.3,-9.7,-6.9,-3.1,1.5,5.9,9.5,12.4,9.9,6.4,2.2,-2.3,-6.6,-0.8,1.1,2.9,3.5,2.5,0.5,-1.2,-1.8,-35.1,-39.9,-42.4,-41.2,-37.0,-32.0,-29.7,-30.9,-33.8,-36.3,-38.1,-39.5,-39.8,-39.0,-37.5,-35.5,-34.4,-33.4,-32.9,-32.9,-33.9,-33.4,-34.4,-36.3,-38.0,-38.5,-37.5,-35.5,-58.4,-63.1,-65.6,-64.3,-60.1,-55.4,-53.0,-53.9,-58.0,-59.3,-60.4,-61.1,-61.3,-61.4,-61.1,-58.8,-57.2,-56.2,-56.0,-56.5,-57.3,-56.8,-57.8,-59.8,-61.6,-62.1,-61.1,-59.1,470.8,471.4,470.5,468.7,467.0,466.5,467.3,469.2,476.4,473.4,470.4,468.2,467.1,466.9,467.2,466.0,465.5,466.5,469.1,472.7,469.8,469.1,468.7,468.9,469.6,470.3,470.7,470.5,621.2,620.8,621.0,621.7,622.4,622.8,622.6,622.3,622.9,621.0,619.7,619.5,621.0,623.6,626.7,624.0,621.6,620.1,620.1,621.5,622.7,623.0,623.1,622.9,622.6,622.3,622.3,622.4,-22.6,-7.1,559.4,0.205,-0.224,-0.12,0.0,0.0,3.13,0.0,0.62,0.0,0.03,1.79,0.86,1.77,0.0,0.34,0.0,0.27,0.14,0.03
0.307406,0.385562,-0.869967,0.166927,0.334191,-0.927605,0.258,0.381,357.1,358.6,363.1,368.1,370.7,369.7,364.6,359.6,352.0,354.0,357.0,361.4,366.5,371.3,375.3,371.8,366.7,361.6,357.5,354.2,362.5,364.5,366.4,366.9,365.9,363.9,362.0,361.5,417.2,418.3,422.1,426.3,428.4,427.2,423.5,419.1,413.2,415.6,419.0,423.1,427.2,430.5,433.1,430.8,427.7,423.9,419.8,416.0,421.2,423.0,424.6,425.1,424.2,422.4,420.8,420.3,184.0,178.6,175.7,176.9,181.5,187.3,189.9,188.7,186.1,182.8,180.2,178.3,177.9,178.8,180.8,182.9,184.1,185.3,186.2,186.7,185.4,185.9,184.7,182.5,180.6,180.1,181.3,183.5,173.5,169.2,167.0,168.2,172.0,176.2,178.4,177.6,174.0,172.6,171.6,170.9,170.7,170.8,171.3,173.1,174.5,175.3,175.5,175.2,174.6,175.1,174.1,172.3,170.7,170.2,171.2,173.0,-56.4,-55.2,-51.1,-46.6,-44.3,-45.1,-49.5,-54.0,-61.5,-59.5,-56.4,-52.4,-47.9,-43.7,-40.3,-43.3,-47.6,-52.0,-55.9,-59.2,-51.6,-49.8,-48.2,-47.7,-48.6,-50.5,-52.1,-52.6,-5.3,-4.1,0.1,4.7,7.1,5.8,1.7,-3.3,-9.8,-7.1,-3.3,1.3,5.7,9.4,12.4,9.8,6.3,2.2,-2.5,-6.7,-0.8,1.1,2.9,3.4,2.4,0.5,-1.3,-1.9,-36.5,-41.2,-43.7,-42.5,-38.4,-33.4,-31.2,-32.3,-35.0,-37.8,-39.8,-41.3,-41.5,-40.7,-39.0,-37.1,-36.1,-35.1,-34.5,-34.3,-35.2,-34.7,-35.7,-37.6,-39.3,-39.8,-38.8,-36.9,-58.3,-62.9,-65.4,-64.2,-60.1,-55.4,-52.9,-53.8,-57.9,-59.3,-60.3,-61.0,-61.3,-61.5,-61.2,-58.9,-57.2,-56.2,-56.0,-56.4,-57.2,-56.7,-57.7,-59.7,-61.5,-62.0,-61.0,-59.0,491.0,491.6,490.9,489.2,487.6,487.0,487.7,489.4,496.8,493.9,491.0,488.8,487.8,487.6,488.0,486.7,486.1,487.0,489.5,493.1,490.1,489.4,489.1,489.4,490.0,490.7,491.0,490.8,627.2,626.6,626.7,627.3,628.2,628.8,628.8,628.4,629.0,627.0,625.6,625.3,626.7,629.2,632.3,629.8,627.5,626.1,626.2,627.6,628.8,629.0,629.1,628.8,628.4,628.1,628.1,628.4,-22.9,-6.8,562.9,0.197,-0.214,-0.12,0.0,0.0,3.07,0.0,0.63,0.0,0.02,1.82,0.87,1.91,0.0,0.3,0.0,0.29,0.26,0.05
0.305287,0.382239,-0.872177,0.164121,0.331535,-0.929058,0.255,0.377,357.1,358.6,363.1,368.1,370.6,369.7,364.6,359.7,352.0,354.0,357.1,361.4,366.6,371.3,375.3,371.8,366.7,361.7,357.5,354.2,362.5,364.5,366.3,366.9,365.9,363.9,362.0,361.5,417.2,418.3,422.1,426.2,428.3,427.2,423.4,419.0,413.2,415.7,419.0,423.1,427.1,430.5,433.1,430.8,427.6,423.9,419.7,416.0,421.2,423.0,424.6,425.1,424.2,422.4,420.8,420.3,184.1,178.7,175.8,177.0,181.6,187.3,189.9,188.7,186.2,182.8,180.2,178.3,177.9,178.8,180.8,182.9,184.1,185.3,186.2,186.7,185.5,185.9,184.7,182.6,180.7,180.2,181.4,183.6,173.5,169.3,167.1,168.2,172.0,176.2,178.4,177.5,173.9,172.5,171.5,170.9,170.7,170.7,171.3,173.1,174.5,175.3,175.5,175.1,174.5,175.0,174.1,172.3,170.7,170.2,171.2,172.9,-56.7,-55.5,-51.4,-46.9,-44.6,-45.4,-49.8,-54.3,-61.9,-59.8,-56.7,-52.7,-48.1,-44.0,-40.6,-43.5,-47.8,-52.3,-56.2,-59.5,-51.9,-50.1,-48.5,-48.0,-48.9,-50.8,-52.4,-52.9,-5.4,-4.1,0.1,4.7,7.1,5.8,1.6,-3.3,-9.8,-7.1,-3.4,1.2,5.7,9.5,12.5,9.9,6.3,2.1,-2.5,-6.7,-0.9,1.1,2.9,3.4,2.4,0.5,-1.3,-1.9,-36.6,-41.4,-43.9,-42.7,-38.5,-33.5,-31.3,-32.5,-35.2,-38.0,-40.0,-41.5,-41.7,-40.9,-39.3,-37.3,-36.3,-35.2,-34.6,-34.5,-35.4,-34.9,-35.9,-37.8,-39.5,-40.0,-39.0,-37.1,-58.7,-63.3,-65.7,-64.5,-60.3,-55.7,-53.3,-54.3,-58.4,-59.7,-60.7,-61.4,-61.7,-61.9,-61.6,-59.2,-57.5,-56.5,-56.3,-56.8,-57.6,-57.1,-58.1,-60.1,-61.8,-62.3,-61.3,-59.4,493.8,494.4,493.7,492.0,490.4,489.9,490.5,492.1,499.5,496.6,493.7,491.6,490.6,490.5,490.9,489.5,488.9,489.8,492.3,495.8,492.9,492.2,491.9,492.2,492.9,493.5,493.8,493.6,631.1,630.4,630.3,630.8,631.7,632.5,632.6,632.3,633.0,630.9,629.4,628.9,630.2,632.7,635.7,633.3,631.1,629.8,630.0,631.5,632.5,632.8,632.7,632.4,632.0,631.8,631.8,632.2,-22.9,-6.7,563.7,0.188,-0.214,-0.122,0.0,0.0,3.01,0.0,0.62,0.0,0.0,1.85,0.9,2.06,0.0,0.34,0.0,0.38,0.24,0.05
0.302036,0.400321,-0.865169,0.135214,0.333645,-0.932951,0.239,0.388,356.9,358.1,362.6,367.7,370.5,369.7,364.8,359.7,350.4,353.3,357.1,361.8,366.8,371.0,374.4,371.5,367.2,362.3,357.7,353.7,362.0,364.2,366.1,366.6,365.4,363.2,361.3,360.8,417.2,418.4,422.1,426.0,428.0,426.7,423.1,418.9,413.6,416.1,419.4,423.4,427.3,430.4,432.8,430.6,427.6,424.0,419.9,416.2,421.1,422.7,424.3,424.8,424.0,422.3,420.8,420.2,184.2,179.4,176.8,178.0,182.3,187.6,189.7,188.5,186.5,183.1,180.5,178.7,178.5,179.6,181.9,182.8,183.1,183.9,184.9,185.9,185.9,186.5,185.3,183.2,181.4,180.9,182.0,184.1,174.3,170.2,168.2,169.4,173.1,177.2,179.2,178.2,174.5,173.4,172.6,172.1,172.0,172.1,172.6,174.4,175.6,176.3,176.3,175.9,175.4,175.9,175.1,173.4,171.8,171.3,172.1,173.8,-60.2,-59.3,-55.3,-50.5,-47.8,-48.4,-52.7,-57.5,-66.7,-63.8,-60.1,-55.7,-51.1,-47.3,-44.2,-46.7,-50.5,-54.9,-59.3,-63.3,-55.6,-53.5,-51.8,-51.4,-52.6,-54.6,-56.4,-56.8,-5.5,-4.1,0.1,4.6,6.9,5.5,1.2,-3.6,-9.7,-6.8,-3.0,1.6,6.0,9.7,12.5,10.0,6.4,2.3,-2.4,-6.6,-1.1,0.8,2.6,3.2,2.3,0.4,-1.4,-2.0,-38.6,-43.3,-45.8,-44.6,-40.5,-35.5,-33.4,-34.6,-36.8,-39.8,-42.2,-43.8,-44.0,-43.0,-41.0,-40.0,-39.5,-38.7,-37.9,-37.1,-37.1,-36.6,-37.7,-39.7,-41.5,-42.0,-40.9,-38.9,-59.5,-64.0,-66.3,-65.0,-60.8,-56.2,-53.9,-55.0,-59.3,-60.4,-61.3,-61.8,-62.0,-62.1,-61.8,-59.6,-58.0,-57.1,-57.0,-57.6,-58.3,-57.7,-58.7,-60.6,-62.4,-63.0,-62.0,-60.1,523.0,524.8,525.8,525.4,523.8,522.1,520.9,521.4,526.4,524.8,523.4,522.9,523.5,524.5,525.4,523.0,521.0,520.4,521.4,523.6,523.3,523.1,523.6,524.4,525.1,525.3,524.8,524.0,649.6,648.9,648.9,649.5,650.4,651.0,651.1,650.8,651.1,649.2,647.8,647.6,649.1,651.7,654.9,652.3,649.9,648.4,648.4,649.8,651.0,651.3,651.3,651.0,650.6,650.4,650.4,650.7,-23.2,-6.8,565.1,0.169,-0.206,-0.121,0.01,0.0,2.96,0.0,0.42,0.0,0.0,1.62,0.83,1.86,0.0,0.54,0.0,0.46,0.11,0.02
0.189437,0.466419,-0.864041,0.094908,0.37614,-0.921689,0.158,0.441,356.2,357.7,362.2,367.1,369.6,368.5,363.6,358.7,350.9,354.0,357.9,362.5,367.3,371.4,374.8,372.0,367.8,363.0,358.4,354.3,361.1,363.3,365.3,366.0,364.9,362.7,360.6,360.0,417.2,418.3,421.7,425.6,427.6,426.6,423.1,419.0,414.0,416.3,419.4,423.3,427.0,430.2,432.7,430.5,427.5,424.0,420.1,416.6,421.0,422.7,424.2,424.7,423.8,422.1,420.6,420.2,186.0,180.9,178.4,179.8,184.4,189.8,192.0,190.5,186.7,183.9,181.8,180.3,180.2,181.1,183.0,184.4,185.0,185.8,186.4,186.8,187.8,188.4,187.3,185.0,183.0,182.3,183.5,185.7,176.7,172.7,170.7,171.8,175.4,179.3,181.3,180.5,177.4,176.1,175.1,174.4,174.3,174.4,175.0,176.6,177.7,178.4,178.6,178.4,177.8,178.3,177.4,175.7,174.2,173.7,174.6,176.3,-62.8,-61.5,-57.2,-52.4,-50.0,-51.0,-55.6,-60.3,-68.3,-65.0,-61.1,-56.7,-52.1,-48.3,-45.2,-47.7,-51.6,-56.0,-60.5,-64.7,-58.2,-56.1,-54.1,-53.5,-54.6,-56.8,-58.7,-59.3,-5.7,-4.4,-0.3,4.3,6.7,5.4,1.3,-3.6,-9.5,-6.7,-3.1,1.5,6.0,9.8,12.8,10.1,6.6,2.4,-2.2,-6.4,-1.2,0.8,2.6,3.2,2.1,0.1,-1.6,-2.2,-38.2,-43.1,-45.5,-44.1,-39.7,-34.5,-32.4,-33.8,-37.8,-40.3,-42.1,-43.5,-43.7,-42.9,-41.2,-39.7,-39.0,-38.2,-37.7,-37.5,-36.5,-35.9,-37.0,-39.1,-41.1,-41.8,-40.7,-38.5,-58.5,-63.2,-65.6,-64.3,-60.1,-55.4,-53.0,-54.0,-57.8,-59.2,-60.2,-61.0,-61.2,-61.3,-60.9,-58.7,-57.2,-56.3,-56.1,-56.4,-57.2,-56.7,-57.7,-59.7,-61.5,-62.1,-61.1,-59.0,539.5,540.3,540.4,539.9,539.0,538.5,538.1,538.6,542.8,540.5,538.8,538.0,538.6,539.9,541.5,539.1,537.0,536.4,537.5,539.8,539.8,539.6,539.7,540.0,540.4,540.7,540.6,540.2,670.1,669.8,669.7,669.8,670.2,670.4,670.6,670.7,671.8,669.8,668.3,667.9,669.2,671.6,674.6,671.9,669.6,668.3,668.5,670.1,671.1,671.2,671.1,671.0,670.9,670.8,670.9,671.0,-24.8,-7.3,581.0,0.196,-0.198,-0.096,0.01,0.0,2.88,0.0,0.21,0.0,0.0,1.33,0.64,1.54,0.0,0.69,0.0,0.63,0.0,0.0
0.198612,0.47092,-0.859527,0.091656,0.363544,-0.927057,0.161,0.437,355.1,356.8,361.3,366.1,368.3,367.1,362.2,357.4,350.2,352.9,356.4,360.7,365.5,369.7,373.3,370.2,365.7,360.9,356.6,353.0,360.0,362.1,364.1,364.8,363.9,361.7,359.7,359.0,416.1,417.2,420.7,424.6,426.6,425.5,422.0,417.8,412.7,415.1,418.2,422.1,425.9,429.0,431.4,429.3,426.4,422.9,419.0,415.4,419.9,421.6,423.1,423.6,422.7,421.0,419.5,419.0,182.8,177.9,175.4,176.8,181.3,186.5,188.6,187.2,183.8,180.5,178.1,176.5,176.4,177.5,179.8,181.0,181.5,182.2,183.0,183.6,184.6,185.3,184.1,182.0,180.0,179.4,180.5,182.7,174.2,170.2,168.2,169.3,173.0,177.0,179.0,178.1,175.0,173.7,172.6,172.0,172.0,172.2,172.9,174.4,175.4,176.0,176.2,176.0,175.4,175.9,175.1,173.3,171.8,171.3,172.1,173.9,-64.4,-62.9,-58.5,-53.8,-51.5,-52.5,-57.3,-62.0,-69.6,-66.7,-63.2,-58.9,-54.3,-50.3,-46.9,-49.7,-53.8,-58.4,-62.7,-66.5,-59.7,-57.5,-55.6,-55.0,-56.0,-58.1,-60.1,-60.7,-6.9,-5.7,-1.5,3.1,5.4,4.1,-0.0,-4.9,-11.0,-8.2,-4.4,0.1,4.6,8.2,11.1,8.6,5.1,1.0,-3.6,-7.8,-2.5,-0.5,1.3,1.8,0.8,-1.2,-3.0,-3.5,-41.6,-46.4,-48.8,-47.3,-42.9,-37.8,-35.8,-37.2,-40.9,-43.9,-46.1,-47.5,-47.6,-46.6,-44.5,-43.2,-42.6,-41.8,-41.2,-40.8,-39.8,-39.2,-40.2,-42.3,-44.3,-44.9,-43.9,-41.7,-61.0,-65.7,-68.1,-66.8,-62.5,-57.8,-55.4,-56.4,-60.2,-61.6,-62.7,-63.4,-63.6,-63.5,-63.0,-61.0,-59.5,-58.7,-58.5,-58.8,-59.6,-59.1,-60.1,-62.1,-64.0,-64.6,-63.5,-61.5,544.0,545.1,545.0,543.7,542.0,541.0,541.0,542.3,548.0,545.8,543.8,542.7,542.6,543.0,543.8,541.7,540.2,540.1,541.9,544.7,543.5,542.9,542.9,543.4,544.1,544.7,544.8,544.3,665.1,665.2,665.4,665.8,666.0,666.0,665.7,665.6,666.7,665.0,663.7,663.5,665.0,667.5,670.6,667.7,665.2,663.7,663.7,665.1,666.4,666.5,666.6,666.6,666.5,666.4,666.3,666.3,-26.7,-10.0,584.9,0.177,-0.174,-0.089,0.01,0.0,2.85,0.0,0.0,0.0,0.0,1.08,0.4,1.19,0.0,0.77,0.03,0.75,0.0,0.0
0.157914,0.478072,-0.864008,0.080451,0.371183,-0.925068,0.132,0.443,354.2,355.7,360.4,365.5,368.0,366.8,361.7,356.7,349.0,352.1,356.0,360.5,365.4,369.7,373.2,370.3,366.0,361.1,356.4,352.4,359.2,361.5,363.5,364.2,363.1,360.9,358.8,358.1,416.1,417.2,420.7,424.7,426.7,425.6,422.0,417.8,412.7,415.1,418.3,422.2,426.0,429.2,431.6,429.5,426.5,423.0,419.0,415.4,419.9,421.6,423.1,423.6,422.8,421.1,419.5,419.0,182.6,177.5,174.9,176.3,181.1,186.6,188.8,187.3,183.3,180.3,178.1,176.5,176.3,177.2,179.3,180.7,181.3,182.1,182.8,183.3,184.5,185.2,184.0,181.7,179.6,179.0,180.1,182.4,174.2,170.1,168.1,169.3,172.9,177.0,179.0,178.1,175.0,173.7,172.6,171.9,171.9,172.2,172.9,174.4,175.4,176.0,176.2,176.1,175.4,175.9,175.1,173.3,171.7,171.2,172.1,173.8,-63.5,-62.2,-57.8,-52.9,-50.5,-51.5,-56.2,-61.0,-68.8,-65.6,-61.8,-57.4,-52.9,-49.0,-45.8,-48.3,-52.2,-56.7,-61.1,-65.2,-58.8,-56.7,-54.7,-54.1,-55.2,-57.4,-59.3,-59.9,-6.9,-5.6,-1.5,3.1,5.4,4.1,0.0,-4.8,-10.9,-8.1,-4.3,0.2,4.7,8.4,11.2,8.7,5.3,1.1,-3.4,-7.7,-2.5,-0.5,1.3,1.9,0.9,-1.1,-2.9,-3.5,-40.6,-45.5,-48.0,-46.5,-42.0,-36.8,-34.7,-36.1,-40.2,-42.9,-44.8,-46.2,-46.5,-45.7,-43.9,-42.4,-41.7,-40.8,-40.3,-40.0,-38.9,-38.2,-39.3,-41.5,-43.5,-44.1,-43.0,-40.9,-60.3,-65.0,-67.4,-66.0,-61.8,-57.1,-54.7,-55.7,-59.4,-60.8,-62.0,-62.7,-62.9,-62.8,-62.2,-60.2,-58.8,-58.0,-57.8,-58.1,-58.9,-58.3,-59.4,-61.4,-63.2,-63.8,-62.8,-60.7,529.2,530.1,530.2,529.5,528.3,527.6,527.3,528.0,532.3,530.2,528.5,527.9,528.3,529.4,530.8,528.4,526.3,525.7,527.0,529.3,529.3,529.0,529.0,529.4,530.0,530.3,530.2,529.8,657.0,657.1,657.4,657.6,657.8,657.7,657.4,657.4,658.5,656.8,655.5,655.3,656.8,659.3,662.4,659.5,657.0,655.4,655.4,656.9,658.1,658.2,658.4,658.4,658.4,658.2,658.1,658.1,-26.6,-10.1,582.3,0.183,-0.168,-0.087,0.0,0.0,2.82,0.0,0.0,0.0,0.0,1.06,0.24,1.05,0.0,0.83,0.03,0.87,0.0,0.0
0.251065,0.421873,-0.8712,0.097506,0.347739,-0.932507,0.191,0.403,353.9,355.6,360.2,365.0,367.3,366.1,361.1,356.2,348.6,351.0,354.3,358.6,363.5,367.8,371.4,368.0,363.5,358.7,354.5,351.1,358.8,361.0,363.1,363.8,362.8,360.6,358.5,357.8,415.0,416.2,419.8,423.6,425.5,424.4,420.8,416.7,411.3,413.8,417.0,420.9,424.6,427.7,430.1,428.0,425.0,421.5,417.6,414.0,418.8,420.4,422.0,422.5,421.7,420.0,418.5,418.0,178.9,174.1,171.6,172.8,177.1,182.3,184.4,183.2,181.0,177.4,174.6,172.9,172.8,174.1,176.6,177.8,178.2,179.0,179.9,180.7,180.8,181.3,180.2,178.0,176.0,175.5,176.6,178.8,170.9,167.0,165.1,166.3,170.0,173.9,175.9,174.9,171.6,170.4,169.4,168.8,168.9,169.3,170.2,171.5,172.3,172.7,172.8,172.7,172.3,172.9,172.0,170.3,168.7,168.2,169.0,170.7,-63.5,-62.1,-57.9,-53.2,-50.8,-51.8,-56.5,-61.1,-69.1,-66.6,-63.2,-59.0,-54.4,-50.4,-47.1,-50.1,-54.2,-58.7,-62.8,-66.3,-58.9,-56.7,-54.8,-54.2,-55.2,-57.4,-59.3,-59.9,-8.2,-6.8,-2.6,1.9,4.2,2.8,-1.4,-6.3,-12.6,-9.7,-5.9,-1.3,3.1,6.8,9.6,7.1,3.6,-0.6,-5.2,-9.5,-3.8,-1.9,-0.0,0.6,-0.4,-2.4,-4.2,-4.8,-43.9,-48.5,-50.9,-49.6,-45.5,-40.5,-38.5,-39.8,-42.4,-45.6,-48.0,-49.5,-49.5,-48.3,-46.0,-44.8,-44.2,-43.5,-42.8,-42.3,-42.1,-41.6,-42.6,-44.7,-46.6,-47.2,-46.1,-44.0,-65.1,-69.8,-72.1,-70.7,-66.3,-61.6,-59.3,-60.4,-64.4,-65.7,-66.8,-67.4,-67.5,-67.2,-66.6,-64.7,-63.5,-62.8,-62.7,-63.0,-63.6,-62.9,-63.9,-66.0,-67.8,-68.5,-67.5,-65.4,527.2,528.7,528.8,527.3,525.2,523.7,523.6,525.0,531.9,529.9,527.8,526.5,526.0,525.9,526.1,524.3,523.2,523.5,525.5,528.5,526.4,525.8,525.8,526.5,527.5,528.1,528.1,527.4,667.8,668.1,668.6,669.0,669.0,668.7,668.2,668.0,669.4,667.7,666.5,666.4,667.9,670.4,673.5,670.5,667.9,666.3,666.3,667.7,669.0,669.1,669.4,669.5,669.5,669.3,669.1,669.0,-28.5,-12.8,586.4,0.173,-0.152,-0.082,0.0,0.0,2.71,0.0,0.0,0.15,0.0,1.06,0.18,1.03,0.0,0.98,0.12,0.84,0.01,0.09
0.204069,0.34293,-0.916927,0.06518,0.300154,-0.951661,0.143,0.331,352.5,353.7,357.5,361.9,364.1,363.3,359.1,354.8,346.7,349.2,352.7,357.1,361.6,365.2,368.0,365.5,361.6,357.3,353.2,349.5,356.8,358.6,360.2,360.7,359.8,358.0,356.4,355.9,412.6,414.0,417.6,421.4,423.1,421.8,418.1,414.1,409.0,411.4,414.5,418.4,422.2,425.4,427.8,425.6,422.5,418.9,415.0,411.5,416.3,417.9,419.5,420.1,419.3,417.7,416.2,415.6,171.3,167.2,165.0,166.1,169.8,174.1,176.1,175.0,171.3,170.5,169.9,169.1,168.8,168.8,169.3,171.3,172.7,173.6,173.6,172.9,172.1,172.6,171.7,170.0,168.5,168.0,168.9,170.6,165.2,161.3,159.6,160.9,164.6,168.4,170.2,169.1,165.5,164.4,163.6,163.2,163.3,163.5,164.1,165.7,166.8,167.3,167.2,166.8,166.5,167.1,166.3,164.6,163.1,162.5,163.2,164.9,-72.9,-71.5,-67.3,-62.9,-60.7,-61.8,-66.2,-70.7,-79.6,-76.6,-72.5,-67.8,-63.1,-59.5,-56.8,-59.3,-63.2,-67.8,-72.2,-76.3,-68.5,-66.6,-64.9,-64.4,-65.3,-67.1,-68.8,-69.4,-11.1,-9.5,-5.2,-0.7,1.3,-0.3,-4.6,-9.4,-15.5,-12.6,-8.8,-4.2,0.3,4.0,7.0,4.2,0.6,-3.7,-8.3,-12.5,-6.8,-4.8,-3.0,-2.3,-3.2,-5.1,-6.9,-7.6,-57.4,-61.5,-63.7,-62.6,-58.9,-54.6,-52.5,-53.6,-57.8,-58.4,-58.7,-59.3,-59.8,-60.0,-59.7,-57.4,-55.8,-54.9,-55.0,-56.0,-56.6,-56.2,-57.1,-58.8,-60.3,-60.8,-59.9,-58.2,-72.2,-76.7,-78.8,-77.2,-73.0,-68.5,-66.4,-67.7,-72.0,-73.1,-73.8,-74.3,-74.3,-74.3,-73.9,-71.8,-70.3,-69.6,-69.7,-70.3,-70.8,-70.1,-71.0,-73.0,-74.8,-75.5,-74.6,-72.6,592.7,591.0,590.2,590.8,592.3,594.3,594.7,594.2,597.6,594.1,591.3,589.8,590.2,592.0,594.3,593.0,591.7,591.7,593.0,595.2,594.0,594.2,593.9,593.2,592.6,592.4,592.7,593.4,670.8,670.1,670.0,670.5,671.3,672.0,672.2,672.0,672.8,670.7,669.2,668.7,670.0,672.5,675.6,673.0,670.8,669.5,669.7,671.3,672.2,672.4,672.3,672.0,671.7,671.5,671.5,671.8,-32.0,-18.9,591.1,0.122,-0.086,-0.074,0.0,0.0,2.53,0.0,0.01,0.15,0.0,1.03,0.13,1.01,0.0,1.03,0.17,0.8,0.01,0.27
0.213987,0.348672,-0.91249,0.074064,0.317765,-0.945272,0.154,0.344,352.7,353.9,357.6,361.8,364.0,363.1,359.0,354.9,346.8,349.2,352.6,356.9,361.3,364.9,367.6,365.1,361.3,357.0,353.0,349.5,356.9,358.6,360.2,360.6,359.7,358.0,356.5,356.0,412.5,413.9,417.6,421.5,423.2,421.8,418.1,414.0,408.6,411.1,414.4,418.4,422.2,425.3,427.7,425.4,422.4,418.8,414.8,411.2,416.2,417.9,419.5,420.1,419.4,417.7,416.1,415.5,170.9,166.7,164.5,165.7,169.5,174.0,175.9,174.7,171.6,170.1,169.1,168.2,168.0,168.5,169.4,171.3,172.3,173.1,173.3,172.9,172.0,172.5,171.6,169.8,168.3,167.8,168.7,170.4,165.1,161.2,159.4,160.8,164.5,168.4,170.2,169.1,165.4,164.3,163.5,163.1,163.2,163.5,164.1,165.7,166.7,167.2,167.2,166.7,166.5,167.1,166.3,164.6,163.0,162.4,163.2,164.9,-74.1,-72.8,-68.7,-64.3,-62.1,-63.0,-67.4,-71.9,-81.1,-78.1,-74.1,-69.4,-64.7,-61.1,-58.3,-60.8,-64.8,-69.3,-73.8,-77.9,-69.7,-67.9,-66.2,-65.7,-66.6,-68.5,-70.1,-70.6,-11.1,-9.4,-5.1,-0.6,1.4,-0.2,-4.6,-9.4,-15.7,-12.7,-8.9,-4.2,0.2,3.9,6.7,4.0,0.4,-3.8,-8.4,-12.6,-6.8,-4.8,-2.9,-2.2,-3.1,-5.0,-6.9,-7.6,-58.9,-63.4,-65.7,-64.5,-60.4,-55.7,-53.6,-54.9,-58.7,-59.9,-60.8,-61.6,-61.8,-61.5,-60.7,-58.6,-57.3,-56.4,-56.4,-57.1,-57.9,-57.4,-58.3,-60.1,-61.8,-62.3,-61.4,-59.5,-71.2,-75.7,-77.8,-76.3,-72.0,-67.5,-65.4,-66.7,-71.1,-72.1,-72.9,-73.3,-73.4,-73.4,-73.1,-70.9,-69.4,-68.6,-68.7,-69.4,-69.8,-69.1,-70.0,-72.0,-73.8,-74.5,-73.6,-71.6,604.3,603.7,603.4,603.6,604.2,605.2,605.1,604.9,609.5,606.2,603.5,602.0,602.5,604.1,606.1,604.6,603.0,603.0,604.3,606.7,605.4,605.5,605.4,605.1,604.8,604.7,604.9,605.1,661.0,660.4,660.5,661.2,662.2,662.8,662.7,662.3,662.9,660.9,659.5,659.2,660.7,663.4,666.5,663.9,661.5,660.0,660.1,661.4,662.6,662.9,663.0,662.7,662.3,662.0,661.9,662.2,-32.0,-19.1,590.8,0.138,-0.083,-0.073,0.0,0.01,2.38,0.0,0.01,0.31,0.0,1.04,0.13,0.99,0.0,1.11,0.18,0.68,0.03,0.58
0.161849,0.319288,-0.933734,0.053855,0.289178,-0.955759,0.114,0.312,352.2,353.5,357.3,361.3,363.2,362.1,358.0,354.0,346.2,349.0,352.8,357.3,361.5,364.7,366.9,364.6,361.1,357.0,352.9,349.2,356.0,357.7,359.3,359.9,359.1,357.4,355.8,355.3,411.7,413.1,416.8,420.7,422.3,420.9,417.2,413.1,407.9,410.3,413.5,417.4,421.3,424.6,427.1,424.7,421.5,417.8,413.9,410.4,415.4,417.0,418.7,419.3,418.6,416.9,415.3,414.7,165.1,161.1,159.1,160.3,163.9,168.1,170.0,168.8,165.3,164.4,163.8,163.1,163.0,163.2,163.9,165.6,166.7,167.3,167.3,166.7,166.1,166.6,165.8,164.1,162.5,162.1,162.9,164.6,160.5,156.6,154.9,156.4,160.2,164.1,165.8,164.6,161.1,159.8,158.9,158.6,158.8,159.3,160.1,161.6,162.6,163.0,162.8,162.3,162.0,162.6,161.9,160.2,158.6,157.9,158.7,160.4,-76.1,-74.5,-70.3,-66.1,-64.2,-65.6,-70.0,-74.2,-83.1,-79.6,-75.2,-70.3,-65.8,-62.6,-60.5,-62.8,-66.4,-70.8,-75.3,-79.6,-72.1,-70.3,-68.6,-67.9,-68.7,-70.4,-72.2,-72.8,-12.0,-10.3,-6.0,-1.6,0.4,-1.3,-5.6,-10.4,-16.5,-13.7,-9.9,-5.3,-0.8,3.0,6.0,3.1,-0.6,-4.9,-9.4,-13.5,-7.7,-5.8,-3.9,-3.2,-4.0,-5.9,-7.8,-8.6,-66.3,-70.6,-72.7,-71.6,-67.8,-63.4,-61.3,-62.5,-66.6,-67.2,-67.6,-68.3,-68.6,-68.6,-68.1,-66.1,-64.7,-63.9,-63.9,-64.8,-65.5,-65.0,-65.9,-67.7,-69.3,-69.7,-68.8,-67.1,-76.2,-80.7,-82.7,-81.0,-76.7,-72.2,-70.2,-71.6,-75.8,-77.1,-77.9,-78.3,-78.1,-77.9,-77.2,-75.1,-73.8,-73.2,-73.4,-74.2,-74.6,-73.9,-74.8,-76.7,-78.6,-79.3,-78.5,-76.5,615.7,614.5,614.4,615.5,617.1,618.7,618.4,617.3,619.6,616.6,614.4,613.6,614.9,617.3,620.0,618.2,616.2,615.4,616.0,617.5,617.6,618.0,618.0,617.5,616.8,616.4,616.4,616.9,657.8,657.3,657.2,657.6,658.2,658.7,658.8,658.8,659.9,657.9,656.2,655.7,656.9,659.3,662.2,659.7,657.5,656.4,656.7,658.3,659.1,659.2,659.2,659.0,658.7,658.5,658.6,658.8,-33.4,-24.0,590.5,0.104,-0.052,-0.062,0.0,0.02,2.35,0.0,0.01,0.26,0.0,1.1,0.11,0.97,0.06,1.16,0.12,0.59,0.07,0.82
0.148247,0.334931,-0.930507,0.061767,0.306575,-0.94984,0.111,0.329,352.1,353.5,357.3,361.3,363.2,362.0,358.0,354.0,346.3,349.2,353.1,357.5,361.8,364.9,367.0,364.8,361.4,357.2,353.1,349.3,356.0,357.7,359.3,359.9,359.1,357.4,355.8,355.2,411.6,413.1,416.8,420.7,422.4,420.9,417.1,413.0,407.8,410.2,413.4,417.4,421.3,424.6,427.1,424.7,421.4,417.7,413.8,410.3,415.3,417.0,418.6,419.3,418.6,416.9,415.2,414.6,165.2,161.2,159.2,160.3,164.0,168.2,170.0,168.8,165.3,164.4,163.8,163.2,163.0,163.2,163.9,165.6,166.7,167.4,167.4,166.7,166.2,166.7,165.8,164.1,162.6,162.1,162.9,164.6,160.5,156.6,154.9,156.4,160.2,164.1,165.8,164.6,161.0,159.7,158.9,158.5,158.8,159.2,160.1,161.6,162.6,163.0,162.8,162.3,162.0,162.6,161.9,160.2,158.5,157.9,158.6,160.3,-76.0,-74.4,-70.2,-66.0,-64.1,-65.5,-70.0,-74.2,-82.8,-79.3,-74.8,-69.9,-65.4,-62.3,-60.2,-62.5,-66.0,-70.4,-74.9,-79.3,-72.1,-70.2,-68.5,-67.8,-68.5,-70.4,-72.1,-72.8,-12.1,-10.3,-6.0,-1.5,0.4,-1.3,-5.7,-10.4,-16.5,-13.7,-9.9,-5.3,-0.8,3.0,6.0,3.1,-0.7,-4.9,-9.5,-13.6,-7.7,-5.8,-3.9,-3.1,-4.0,-5.9,-7.8,-8.6,-66.2,-70.4,-72.5,-71.4,-67.6,-63.2,-61.2,-62.3,-66.4,-67.0,-67.5,-68.1,-68.4,-68.5,-68.0,-66.0,-64.5,-63.7,-63.8,-64.7,-65.3,-64.8,-65.7,-67.5,-69.1,-69.6,-68.7,-66.9,-75.8,-80.3,-82.2,-80.5,-76.2,-71.7,-69.7,-71.2,-75.5,-76.7,-77.5,-77.8,-77.6,-77.4,-76.7,-74.7,-73.3,-72.7,-73.0,-73.8,-74.2,-73.5,-74.3,-76.3,-78.2,-78.9,-78.0,-76.1,614.7,613.4,613.3,614.4,616.0,617.7,617.4,616.3,618.3,615.4,613.3,612.6,614.0,616.5,619.3,617.5,615.4,614.4,614.9,616.4,616.6,617.0,617.0,616.5,615.7,615.3,615.3,615.9,653.9,653.3,653.2,653.5,654.2,654.7,654.9,654.8,656.0,653.9,652.2,651.6,652.8,655.2,658.1,655.7,653.5,652.4,652.7,654.4,655.1,655.3,655.2,654.9,654.7,654.5,654.6,654.8,-33.5,-24.2,589.9,0.123,-0.061,-0.059,0.0,0.02,2.38,0.0,0.0,0.42,0.0,1.16,0.08,0.88,0.17,1.23,0.1,0.48,0.25,0.97
0.110243,0.328068,-0.938199,0.035492,0.307629,-0.950844,0.077,0.325,351.1,352.7,356.7,360.7,362.5,361.1,356.9,352.9,345.5,348.6,352.7,357.3,361.6,364.6,366.6,364.3,360.9,356.7,352.5,348.6,355.0,356.7,358.4,359.1,358.4,356.6,354.9,354.3,410.8,412.3,416.1,420.0,421.6,420.0,416.2,412.1,407.1,409.5,412.8,416.8,420.8,424.1,426.5,424.1,420.9,417.2,413.2,409.6,414.5,416.2,417.8,418.5,417.8,416.1,414.5,413.8,162.7,158.7,156.8,158.1,161.8,165.9,167.6,166.4,162.6,161.8,161.4,160.8,160.7,161.0,161.8,163.5,164.7,165.4,165.2,164.3,163.7,164.2,163.4,161.7,160.2,159.6,160.4,162.1,158.7,154.8,153.1,154.7,158.6,162.5,164.1,162.8,159.2,158.0,157.2,156.9,157.1,157.6,158.5,160.1,161.0,161.4,161.2,160.6,160.3,160.9,160.2,158.5,156.8,156.2,156.9,158.6,-75.2,-73.3,-69.1,-64.9,-63.3,-64.9,-69.4,-73.5,-81.6,-77.9,-73.3,-68.4,-64.0,-61.1,-59.3,-61.6,-65.0,-69.3,-73.7,-78.0,-71.3,-69.5,-67.7,-66.9,-67.6,-69.4,-71.2,-72.0,-12.9,-11.1,-6.7,-2.3,-0.5,-2.2,-6.6,-11.3,-17.1,-14.3,-10.5,-5.9,-1.4,2.4,5.2,2.4,-1.3,-5.5,-10.1,-14.2,-8.6,-6.7,-4.8,-4.0,-4.8,-6.7,-8.6,-9.4,-67.2,-71.2,-73.2,-72.0,-68.3,-64.2,-62.2,-63.5,-67.6,-68.1,-68.4,-68.9,-69.3,-69.3,-68.8,-66.7,-65.2,-64.3,-64.5,-65.6,-66.3,-65.8,-66.6,-68.4,-69.9,-70.5,-69.6,-67.9,-77.1,-81.5,-83.3,-81.6,-77.2,-72.8,-70.9,-72.4,-76.7,-77.9,-78.6,-78.9,-78.7,-78.4,-77.8,-75.7,-74.3,-73.8,-74.1,-74.9,-75.4,-74.6,-75.5,-77.4,-79.3,-80.0,-79.2,-77.3,599.4,597.9,597.7,599.0,601.0,602.9,602.6,601.4,602.6,599.7,597.8,597.3,599.1,601.8,604.8,603.0,600.9,599.8,599.9,601.1,601.5,602.0,602.0,601.3,600.5,599.9,600.0,600.6,646.9,646.3,646.1,646.5,647.2,647.8,647.9,647.9,648.8,646.8,645.2,644.6,645.9,648.4,651.4,648.9,646.7,645.5,645.8,647.3,648.1,648.3,648.2,647.9,647.6,647.5,647.5,647.8,-34.3,-26.0,586.2,0.122,-0.045,-0.053,0.0,0.01,2.46,0.0,0.0,0.26,0.0,1.25,0.03,0.83,0.2,1.18,0.17,0.36,0.41,1.0
0.134309,0.343971,-0.929325,0.048877,0.323381,-0.945006,0.097,0.342,351.2,352.7,356.5,360.5,362.3,361.1,357.0,353.0,345.7,348.7,352.5,356.8,361.0,364.0,366.1,363.9,360.6,356.5,352.5,348.7,355.0,356.7,358.4,359.0,358.2,356.5,354.9,354.3,410.8,412.4,416.2,420.0,421.6,420.1,416.2,412.1,407.1,409.5,412.8,416.8,420.8,424.2,426.7,424.2,420.9,417.1,413.1,409.6,414.6,416.2,417.9,418.5,417.9,416.2,414.5,413.9,162.0,158.0,156.1,157.4,161.0,165.2,166.9,165.7,162.1,161.3,160.7,160.2,160.0,160.2,160.9,162.6,163.7,164.3,164.3,163.5,163.1,163.6,162.8,161.1,159.5,159.0,159.8,161.5,158.0,154.1,152.5,154.1,157.9,161.8,163.5,162.1,158.4,157.2,156.5,156.2,156.6,157.1,158.0,159.5,160.4,160.8,160.5,159.8,159.6,160.2,159.5,157.9,156.2,155.5,156.2,157.9,-78.1,-76.3,-72.1,-67.9,-66.1,-67.6,-72.1,-76.3,-84.6,-81.0,-76.6,-71.7,-67.3,-64.2,-62.2,-64.4,-67.9,-72.2,-76.7,-81.0,-74.1,-72.3,-70.5,-69.7,-70.5,-72.3,-74.1,-74.9,-12.8,-11.0,-6.6,-2.2,-0.4,-2.2,-6.6,-11.3,-17.1,-14.3,-10.5,-5.9,-1.3,2.5,5.4,2.5,-1.3,-5.6,-10.1,-14.2,-8.5,-6.6,-4.7,-3.9,-4.7,-6.6,-8.5,-9.3,-70.6,-74.9,-77.0,-75.7,-71.9,-67.5,-65.5,-66.7,-70.9,-71.5,-71.8,-72.4,-72.8,-72.8,-72.4,-70.3,-68.9,-68.0,-68.1,-69.1,-69.6,-69.1,-70.0,-71.8,-73.5,-74.0,-73.1,-71.3,-77.6,-81.9,-83.7,-82.0,-77.7,-73.3,-71.5,-73.0,-77.4,-78.5,-79.1,-79.3,-79.1,-78.8,-78.1,-76.1,-74.8,-74.3,-74.6,-75.6,-75.9,-75.2,-76.0,-77.8,-79.7,-80.5,-79.7,-77.8,623.6,622.4,622.3,623.5,625.1,626.7,626.4,625.3,626.9,624.1,622.2,621.6,623.1,625.6,628.4,626.5,624.4,623.3,623.7,625.1,625.6,626.0,626.0,625.5,624.8,624.3,624.3,624.8,644.7,644.0,643.7,644.1,644.8,645.6,645.8,645.8,646.8,644.6,642.9,642.3,643.5,646.0,649.0,646.6,644.4,643.3,643.6,645.2,645.9,646.1,646.0,645.6,645.3,645.2,645.3,645.6,-34.4,-26.5,583.1,0.135,-0.062,-0.047,0.0,0.0,2.49,0.0,0.0,0.23,0.0,1.36,0.01,0.69,0.14,1.09,0.38,0.25,0.59,0.97
0.131566,0.346671,-0.928714,0.061716,0.325954,-0.943369,0.103,0.345,351.2,352.7,356.5,360.5,362.3,361.1,357.0,353.0,345.8,348.7,352.5,356.9,361.1,364.1,366.2,364.0,360.7,356.6,352.6,348.8,355.0,356.8,358.4,359.0,358.3,356.6,354.9,354.3,410.8,412.4,416.2,420.1,421.7,420.2,416.3,412.2,407.0,409.5,412.8,416.8,420.8,424.1,426.7,424.2,420.9,417.1,413.1,409.5,414.6,416.3,417.9,418.6,417.9,416.2,414.6,413.9,162.0,158.0,156.2,157.4,161.1,165.2,166.9,165.7,162.1,161.3,160.7,160.1,160.0,160.3,161.0,162.7,163.7,164.3,164.3,163.5,163.1,163.6,162.8,161.1,159.5,159.0,159.8,161.5,158.1,154.1,152.5,154.1,158.0,161.9,163.6,162.2,158.4,157.2,156.4,156.2,156.5,157.1,158.0,159.5,160.4,160.7,160.4,159.8,159.7,160.3,159.6,157.9,156.2,155.6,156.3,158.0,-78.0,-76.3,-72.0,-67.8,-66.0,-67.5,-72.0,-76.3,-84.5,-80.9,-76.4,-71.5,-67.1,-64.0,-62.0,-64.3,-67.7,-72.1,-76.6,-80.9,-74.1,-72.2,-70.4,-69.6,-70.4,-72.2,-74.1,-74.8,-12.7,-10.9,-6.5,-2.1,-0.3,-2.1,-6.5,-11.2,-17.1,-14.3,-10.5,-5.9,-1.3,2.4,5.4,2.5,-1.3,-5.6,-10.1,-14.2,-8.4,-6.5,-4.6,-3.9,-4.7,-6.6,-8.4,-9.2,-70.6,-74.8,-76.9,-75.6,-71.7,-67.4,-65.4,-66.7,-70.9,-71.5,-71.8,-72.4,-72.7,-72.7,-72.2,-70.2,-68.8,-68.0,-68.1,-69.1,-69.6,-69.0,-69.9,-71.7,-73.4,-74.0,-73.1,-71.3,-77.3,-81.7,-83.5,-81.8,-77.4,-73.0,-71.1,-72.6,-77.2,-78.3,-78.9,-79.1,-78.9,-78.6,-77.8,-75.8,-74.6,-74.1,-74.4,-75.4,-75.6,-74.9,-75.7,-77.6,-79.4,-80.2,-79.4,-77.5,623.3,622.0,621.9,622.9,624.6,626.3,626.0,624.9,626.6,623.8,621.8,621.2,622.7,625.2,628.0,626.1,624.0,623.0,623.4,624.8,625.2,625.6,625.6,625.0,624.3,623.9,623.9,624.5,642.8,642.2,642.0,642.4,643.1,643.7,643.9,643.8,644.9,642.8,641.1,640.5,641.7,644.2,647.2,644.7,642.5,641.3,641.6,643.3,644.1,644.2,644.1,643.9,643.6,643.4,643.5,643.8,-34.5,-26.5,581.9,0.136,-0.071,-0.042,0.0,0.0,2.57,0.0,0.0,0.14,0.0,1.43,0.01,0.68,0.03,1.06,0.47,0.18,0.63,0.85
0.166904,0.352678,-0.920739,0.077914,0.32518,-0.942437,0.131,0.349,351.3,352.8,356.7,360.7,362.5,361.2,357.1,353.1,345.5,348.5,352.3,356.7,360.9,364.1,366.2,363.9,360.5,356.4,352.3,348.5,355.1,356.9,358.6,359.2,358.4,356.7,355.0,354.3,410.7,412.2,416.0,419.9,421.5,420.0,416.2,412.1,406.9,409.2,412.4,416.4,420.4,423.8,426.4,423.9,420.6,416.8,412.9,409.4,414.5,416.2,417.8,418.5,417.7,416.1,414.4,413.8,161.5,157.5,155.6,156.9,160.7,164.9,166.6,165.3,161.4,160.6,160.0,159.5,159.4,159.8,160.7,162.3,163.3,163.8,163.7,162.9,162.7,163.3,162.4,160.7,159.1,158.5,159.3,161.1,157.7,153.8,152.1,153.7,157.5,161.4,163.0,161.7,158.3,157.0,156.2,155.9,156.1,156.6,157.4,159.1,160.1,160.5,160.3,159.6,159.2,159.8,159.1,157.4,155.8,155.1,155.8,157.5,-76.8,-75.1,-70.8,-66.6,-64.8,-66.3,-70.8,-75.1,-83.5,-80.0,-75.6,-70.7,-66.3,-63.1,-61.0,-63.4,-66.9,-71.2,-75.7,-80.0,-72.9,-71.0,-69.2,-68.4,-69.2,-71.0,-72.9,-73.6,-12.9,-11.2,-6.8,-2.4,-0.6,-2.3,-6.7,-11.4,-17.4,-14.7,-11.0,-6.4,-1.8,2.1,5.0,2.2,-1.6,-5.9,-10.4,-14.5,-8.6,-6.7,-4.8,-4.1,-4.9,-6.8,-8.7,-9.5,-70.0,-74.3,-76.3,-75.0,-71.1,-66.8,-64.8,-66.1,-70.5,-71.1,-71.5,-72.0,-72.2,-72.1,-71.4,-69.5,-68.2,-67.5,-67.7,-68.7,-69.0,-68.4,-69.3,-71.2,-72.9,-73.4,-72.5,-70.7,-78.5,-82.9,-84.7,-83.0,-78.7,-74.3,-72.5,-74.0,-78.1,-79.3,-80.0,-80.3,-80.1,-79.9,-79.3,-77.1,-75.7,-75.1,-75.4,-76.3,-76.9,-76.2,-77.0,-78.9,-80.7,-81.5,-80.7,-78.8,613.9,612.7,612.6,613.7,615.3,616.9,616.6,615.5,617.4,614.5,612.5,611.8,613.2,615.6,618.4,616.6,614.5,613.5,614.0,615.5,615.8,616.3,616.2,615.7,615.0,614.5,614.6,615.1,649.3,648.5,648.2,648.6,649.4,650.2,650.5,650.5,651.7,649.4,647.6,646.9,648.0,650.3,653.3,651.0,649.0,648.0,648.4,650.1,650.5,650.7,650.6,650.2,649.9,649.7,649.9,650.2,-34.7,-26.9,579.8,0.144,-0.083,-0.039,0.0,0.0,2.62,0.0,0.0,0.2,0.0,1.47,0.01,0.72,0.0,1.16,0.45,0.14,0.65,0.7
0.169835,0.356627,-0.91868,0.080715,0.327565,-0.941375,0.134,0.352,351.3,352.8,356.7,360.7,362.4,361.2,357.1,353.1,345.7,348.5,352.3,356.7,360.9,364.0,366.2,363.9,360.5,356.4,352.3,348.6,355.2,356.9,358.6,359.2,358.4,356.7,355.0,354.4,410.7,412.3,416.1,419.9,421.5,420.0,416.2,412.1,407.0,409.3,412.4,416.4,420.4,423.8,426.3,423.8,420.6,416.8,412.9,409.4,414.5,416.1,417.8,418.4,417.7,416.1,414.4,413.8,161.5,157.5,155.6,156.9,160.6,164.8,166.5,165.2,161.5,160.6,160.0,159.5,159.4,159.9,160.8,162.3,163.2,163.8,163.7,162.9,162.7,163.2,162.4,160.7,159.0,158.5,159.3,161.0,157.6,153.8,152.2,153.7,157.5,161.3,163.0,161.6,158.2,156.9,156.2,155.9,156.1,156.6,157.4,159.1,160.1,160.5,160.3,159.6,159.1,159.8,159.1,157.4,155.8,155.1,155.8,157.5,-77.5,-75.8,-71.5,-67.3,-65.5,-67.0,-71.5,-75.8,-84.2,-80.7,-76.3,-71.4,-67.0,-63.8,-61.7,-64.0,-67.5,-71.9,-76.4,-80.7,-73.6,-71.7,-69.9,-69.1,-69.9,-71.7,-73.6,-74.3,-13.0,-11.2,-6.8,-2.4,-0.6,-2.4,-6.7,-11.4,-17.4,-14.7,-11.0,-6.4,-1.8,2.0,5.0,2.1,-1.7,-6.0,-10.5,-14.5,-8.7,-6.8,-4.9,-4.1,-4.9,-6.8,-8.7,-9.5,-70.8,-75.0,-77.1,-75.8,-71.9,-67.4,-65.5,-66.8,-71.2,-71.9,-72.2,-72.7,-73.0,-72.8,-72.1,-70.2,-68.9,-68.2,-68.4,-69.4,-69.7,-69.1,-70.0,-71.9,-73.6,-74.2,-73.3,-71.4,-78.8,-83.1,-84.9,-83.2,-78.9,-74.6,-72.8,-74.3,-78.4,-79.6,-80.2,-80.5,-80.3,-80.1,-79.5,-77.3,-75.9,-75.3,-75.6,-76.6,-77.2,-76.5,-77.3,-79.1,-81.0,-81.7,-80.9,-79.1,620.0,618.8,618.8,619.8,621.3,622.8,622.5,621.5,623.5,620.7,618.6,617.9,619.3,621.7,624.4,622.6,620.5,619.6,620.1,621.6,621.8,622.3,622.2,621.8,621.1,620.7,620.7,621.2,651.0,650.1,649.8,650.2,651.1,651.9,652.3,652.2,653.3,651.1,649.2,648.5,649.6,652.0,655.0,652.8,650.8,649.8,650.2,651.8,652.2,652.4,652.3,651.9,651.5,651.3,651.5,651.8,-34.7,-27.0,579.2,0.151,-0.089,-0.036,0.0,0.0,2.76,0.0,0.0,0.15,0.0,1.47,0.03,0.75,0.0,1.24,0.34,0.09,0.69,0.69
0.164585,0.355245,-0.92017,0.079197,0.322982,-0.943086,0.13,0.349,351.2,352.7,356.5,360.5,362.3,361.0,356.9,353.0,345.6,348.5,352.3,356.6,360.8,363.9,366.1,363.8,360.4,356.4,352.3,348.6,355.0,356.7,358.4,359.0,358.2,356.5,354.9,354.3,410.4,411.9,415.7,419.6,421.2,419.6,415.8,411.7,406.6,408.9,412.1,416.2,420.2,423.5,426.0,423.5,420.2,416.5,412.6,409.1,414.1,415.8,417.4,418.1,417.4,415.7,414.1,413.4,160.4,156.4,154.5,155.8,159.6,163.7,165.4,164.1,160.4,159.6,159.0,158.5,158.4,158.7,159.6,161.1,162.1,162.7,162.6,161.9,161.6,162.1,161.3,159.6,158.0,157.4,158.3,160.0,156.6,152.7,151.1,152.6,156.5,160.3,161.9,160.6,157.2,156.0,155.2,154.9,155.2,155.6,156.5,158.1,159.1,159.5,159.2,158.6,158.1,158.7,158.0,156.4,154.7,154.0,154.7,156.4,-78.0,-76.2,-72.0,-67.7,-65.9,-67.5,-72.0,-76.2,-84.6,-81.1,-76.7,-71.8,-67.4,-64.2,-62.1,-64.4,-67.9,-72.2,-76.8,-81.1,-74.0,-72.2,-70.4,-69.6,-70.4,-72.2,-74.0,-74.8,-13.3,-11.5,-7.2,-2.8,-1.0,-2.7,-7.1,-11.8,-17.7,-15.0,-11.3,-6.7,-2.1,1.7,4.6,1.8,-2.0,-6.3,-10.8,-14.9,-9.1,-7.2,-5.3,-4.5,-5.3,-7.2,-9.1,-9.8,-72.3,-76.5,-78.6,-77.3,-73.3,-68.9,-67.0,-68.3,-72.7,-73.3,-73.6,-74.1,-74.4,-74.3,-73.7,-71.8,-70.4,-69.7,-69.8,-70.8,-71.2,-70.6,-71.5,-73.4,-75.0,-75.6,-74.7,-72.9,-79.7,-84.1,-85.9,-84.1,-79.9,-75.6,-73.7,-75.2,-79.4,-80.4,-81.1,-81.3,-81.1,-81.0,-80.4,-78.2,-76.8,-76.2,-76.6,-77.5,-78.2,-77.4,-78.2,-80.1,-81.9,-82.7,-81.9,-80.0,622.5,621.4,621.3,622.3,623.9,625.5,625.1,624.1,626.0,623.2,621.2,620.5,621.9,624.3,627.1,625.2,623.1,622.2,622.6,624.1,624.4,624.9,624.8,624.3,623.7,623.2,623.2,623.7,649.0,648.1,647.8,648.2,649.1,649.9,650.3,650.2,651.3,649.1,647.3,646.5,647.7,650.1,653.1,650.9,648.8,647.8,648.2,649.8,650.2,650.4,650.3,649.9,649.5,649.4,649.5,649.9,-34.9,-27.7,577.3,0.148,-0.09,-0.035,0.0,0.0,2.81,0.0,0.0,0.09,0.0,1.46,0.06,0.73,0.0,1.3,0.35,0.04,0.7,0.78
0.152037,0.353323,-0.923064,0.076064,0.320062,-0.944338,0.122,0.346,350.7,352.2,356.1,360.1,361.9,360.6,356.5,352.5,345.1,348.1,351.9,356.4,360.6,363.7,365.8,363.6,360.2,356.1,352.0,348.2,354.5,356.3,358.0,358.6,357.8,356.1,354.4,353.8,410.2,411.7,415.6,419.4,421.0,419.5,415.6,411.5,406.4,408.7,412.0,416.0,420.1,423.4,425.9,423.4,420.2,416.4,412.4,408.9,413.9,415.6,417.2,417.9,417.2,415.6,413.9,413.2,160.0,156.0,154.1,155.4,159.1,163.3,165.0,163.7,160.0,159.2,158.6,158.1,158.0,158.3,159.0,160.7,161.8,162.4,162.3,161.5,161.1,161.7,160.9,159.1,157.5,157.0,157.8,159.5,156.1,152.2,150.5,152.1,156.0,159.9,161.5,160.2,156.8,155.5,154.6,154.3,154.6,155.2,156.1,157.7,158.6,159.0,158.7,158.1,157.6,158.3,157.6,155.9,154.2,153.6,154.3,156.0,-77.6,-75.8,-71.6,-67.3,-65.5,-67.1,-71.6,-75.8,-84.1,-80.5,-76.0,-71.2,-66.8,-63.7,-61.6,-63.9,-67.3,-71.7,-76.2,-80.5,-73.6,-71.8,-69.9,-69.2,-69.9,-71.8,-73.6,-74.4,-13.5,-11.7,-7.3,-3.0,-1.1,-2.9,-7.3,-12.0,-17.9,-15.1,-11.4,-6.8,-2.2,1.6,4.5,1.6,-2.1,-6.4,-10.9,-15.0,-9.2,-7.3,-5.4,-4.7,-5.5,-7.4,-9.2,-10.0,-71.8,-76.0,-78.1,-76.8,-72.9,-68.6,-66.6,-67.9,-72.2,-72.8,-73.1,-73.6,-74.0,-73.9,-73.4,-71.4,-70.0,-69.2,-69.3,-70.3,-70.8,-70.2,-71.1,-73.0,-74.6,-75.2,-74.3,-72.5,-79.7,-84.1,-86.0,-84.2,-79.9,-75.5,-73.7,-75.2,-79.2,-80.4,-81.2,-81.5,-81.3,-81.0,-80.2,-78.2,-76.9,-76.3,-76.6,-77.5,-78.1,-77.4,-78.2,-80.1,-81.9,-82.7,-81.9,-80.0,614.7,613.5,613.3,614.4,616.1,617.7,617.4,616.3,618.1,615.3,613.3,612.7,614.2,616.7,619.4,617.6,615.4,614.5,614.9,616.3,616.6,617.1,617.0,616.5,615.8,615.3,615.4,615.9,644.4,643.8,643.7,644.0,644.7,645.3,645.4,645.4,646.6,644.5,642.8,642.2,643.4,645.8,648.9,646.4,644.3,643.1,643.4,645.1,645.6,645.8,645.7,645.5,645.2,645.0,645.1,645.3,-35.0,-28.0,575.3,0.148,-0.09,-0.035,0.0,0.0,2.79,0.0,0.0,0.18,0.04,1.56,0.08,0.61,0.0,1.23,0.42,0.01,0.86,1.2
0.144624,0.345671,-0.927144,0.085936,0.30843,-0.947357,0.122,0.336,350.4,351.8,355.6,359.6,361.5,360.3,356.2,352.2,344.8,347.9,351.8,356.2,360.3,363.3,365.4,363.2,360.0,355.9,351.8,347.9,354.2,355.9,357.6,358.2,357.4,355.7,354.0,353.4,409.8,411.3,415.2,419.0,420.6,419.0,415.2,411.1,405.9,408.3,411.6,415.6,419.6,422.9,425.3,422.9,419.6,415.9,411.9,408.4,413.5,415.2,416.8,417.5,416.8,415.2,413.5,412.8,158.6,154.5,152.5,153.8,157.6,161.9,163.7,162.4,158.9,157.9,157.2,156.6,156.4,156.8,157.5,159.2,160.2,160.9,160.9,160.3,159.8,160.4,159.5,157.7,156.1,155.5,156.4,158.2,154.1,150.3,148.6,150.2,154.1,158.0,159.6,158.3,154.7,153.5,152.7,152.4,152.8,153.3,154.2,155.8,156.7,157.0,156.8,156.1,155.7,156.4,155.7,154.0,152.3,151.7,152.4,154.0,-78.2,-76.5,-72.4,-68.1,-66.3,-67.7,-72.1,-76.4,-84.7,-81.0,-76.5,-71.7,-67.4,-64.4,-62.3,-64.5,-67.8,-72.1,-76.6,-81.0,-74.3,-72.4,-70.6,-69.9,-70.7,-72.5,-74.3,-75.1,-14.0,-12.2,-7.8,-3.4,-1.6,-3.4,-7.8,-12.5,-18.5,-15.7,-11.9,-7.3,-2.8,1.0,3.9,1.0,-2.7,-7.0,-11.5,-15.6,-9.8,-7.9,-5.9,-5.2,-5.9,-7.8,-9.7,-10.5,-73.5,-77.9,-80.1,-78.9,-74.9,-70.3,-68.3,-69.5,-73.6,-74.3,-74.9,-75.6,-75.9,-75.9,-75.4,-73.3,-71.9,-71.1,-71.0,-71.9,-72.5,-71.9,-72.9,-74.8,-76.5,-77.0,-76.1,-74.2,-82.2,-86.6,-88.4,-86.7,-82.3,-78.0,-76.1,-77.6,-81.9,-83.0,-83.7,-83.9,-83.7,-83.4,-82.7,-80.6,-79.3,-78.8,-79.1,-80.1,-80.6,-79.8,-80.6,-82.5,-84.4,-85.2,-84.4,-82.5,616.7,615.9,616.1,617.2,618.6,619.8,619.2,618.1,619.8,617.2,615.4,615.1,616.7,619.3,622.1,620.0,617.6,616.4,616.6,617.9,618.7,619.1,619.2,618.9,618.3,617.8,617.7,618.1,646.7,646.1,646.0,646.4,647.1,647.7,647.8,647.7,648.9,646.8,645.1,644.5,645.7,648.2,651.2,648.8,646.7,645.5,645.8,647.3,648.0,648.2,648.1,647.9,647.5,647.3,647.4,647.7,-34.8,-29.1,572.3,0.118,-0.092,-0.043,0.0,0.0,2.71,0.0,0.0,0.47,0.09,1.65,0.05,0.5,0.0,1.27,0.36,0.0,1.03,1.6
0.122787,0.336204,-0.933751,0.087902,0.298555,-0.950336,0.111,0.325,350.3,351.6,355.4,359.5,361.4,360.3,356.2,352.2,345.1,348.1,351.9,356.2,360.3,363.3,365.4,363.3,360.1,356.1,352.0,348.2,354.1,355.9,357.5,358.1,357.3,355.5,353.9,353.3,409.8,411.4,415.2,419.0,420.6,419.1,415.2,411.2,405.9,408.3,411.6,415.6,419.5,422.8,425.3,422.9,419.6,415.9,411.9,408.4,413.6,415.2,416.8,417.5,416.8,415.2,413.5,412.9,157.5,153.3,151.3,152.5,156.3,160.6,162.5,161.2,157.9,156.9,156.1,155.4,155.2,155.5,156.2,157.8,158.8,159.5,159.6,159.1,158.6,159.2,158.3,156.5,154.8,154.3,155.2,157.0,152.8,148.9,147.2,148.8,152.7,156.6,158.2,156.9,153.4,152.1,151.3,151.0,151.4,152.0,153.0,154.4,155.2,155.5,155.3,154.7,154.4,155.1,154.3,152.7,151.0,150.3,151.0,152.7,-79.3,-77.7,-73.5,-69.2,-67.2,-68.5,-72.9,-77.3,-85.4,-81.8,-77.3,-72.5,-68.2,-65.1,-63.0,-65.2,-68.5,-72.8,-77.3,-81.7,-75.2,-73.3,-71.5,-70.8,-71.7,-73.6,-75.4,-76.1,-14.0,-12.2,-7.8,-3.4,-1.6,-3.4,-7.8,-12.5,-18.5,-15.8,-12.0,-7.4,-2.8,1.0,3.8,1.0,-2.8,-7.0,-11.6,-15.7,-9.7,-7.8,-5.9,-5.2,-6.0,-7.9,-9.8,-10.5,-75.8,-80.2,-82.5,-81.2,-77.2,-72.5,-70.4,-71.7,-75.6,-76.4,-77.0,-77.8,-78.2,-78.3,-77.8,-75.7,-74.3,-73.4,-73.3,-74.0,-74.6,-74.1,-75.1,-77.0,-78.8,-79.4,-78.4,-76.4,-84.3,-88.7,-90.6,-88.8,-84.4,-80.0,-78.1,-79.7,-83.9,-85.1,-85.8,-86.0,-85.8,-85.4,-84.7,-82.7,-81.5,-80.9,-81.3,-82.1,-82.6,-81.9,-82.7,-84.6,-86.5,-87.2,-86.4,-84.5,624.5,623.8,623.9,624.8,626.0,627.2,626.7,625.7,627.6,625.0,623.2,622.9,624.4,626.9,629.6,627.5,625.2,624.0,624.3,625.6,626.3,626.7,626.8,626.5,625.9,625.5,625.5,625.8,650.6,650.2,650.1,650.5,651.1,651.5,651.6,651.5,652.8,650.8,649.1,648.5,649.7,652.2,655.1,652.6,650.5,649.3,649.6,651.2,651.9,652.0,652.0,651.8,651.6,651.4,651.4,651.6,-34.6,-30.1,572.3,0.1,-0.085,-0.046,0.0,0.0,2.66,0.0,0.0,0.74,0.13,1.78,0.02,0.35,0.0,1.27,0.31,0.0,1.25,1.98
0.120123,0.335379,-0.934394,0.086359,0.300789,-0.949773,0.109,0.326,350.2,351.5,355.3,359.4,361.3,360.2,356.2,352.1,345.0,347.9,351.7,356.1,360.2,363.3,365.5,363.3,360.0,355.9,351.8,348.0,354.1,355.8,357.5,358.1,357.2,355.5,353.8,353.2,409.8,411.4,415.1,418.9,420.5,418.9,415.2,411.1,405.9,408.3,411.5,415.6,419.4,422.6,425.0,422.6,419.5,415.9,411.9,408.4,413.5,415.1,416.7,417.4,416.7,415.1,413.5,412.8,157.4,153.3,151.3,152.5,156.3,160.7,162.5,161.3,157.9,156.9,156.1,155.4,155.2,155.5,156.3,157.8,158.8,159.5,159.6,159.1,158.7,159.2,158.3,156.5,154.9,154.3,155.2,157.0,152.8,149.0,147.3,148.8,152.7,156.5,158.2,156.9,153.5,152.2,151.4,151.0,151.4,151.9,152.9,154.3,155.2,155.5,155.3,154.8,154.4,155.0,154.3,152.6,151.0,150.3,151.1,152.7,-79.0,-77.4,-73.2,-68.8,-66.8,-68.2,-72.6,-77.0,-85.1,-81.5,-77.1,-72.3,-67.9,-64.8,-62.6,-64.8,-68.2,-72.5,-77.1,-81.5,-74.9,-73.0,-71.2,-70.5,-71.3,-73.2,-75.1,-75.8,-14.1,-12.4,-8.0,-3.6,-1.8,-3.6,-7.9,-12.6,-18.8,-15.9,-12.1,-7.5,-3.0,0.7,3.5,0.8,-2.9,-7.1,-11.7,-15.8,-9.9,-8.0,-6.1,-5.4,-6.2,-8.1,-9.9,-10.7,-75.4,-79.8,-82.0,-80.8,-76.7,-72.1,-70.0,-71.3,-75.2,-76.0,-76.7,-77.4,-77.8,-77.8,-77.3,-75.3,-73.9,-73.1,-73.0,-73.7,-74.2,-73.7,-74.7,-76.6,-78.4,-78.9,-77.9,-76.0,-85.0,-89.4,-91.3,-89.6,-85.3,-80.8,-78.9,-80.4,-84.5,-85.7,-86.5,-86.8,-86.6,-86.3,-85.6,-83.6,-82.3,-81.7,-82.0,-82.8,-83.4,-82.6,-83.5,-85.4,-87.3,-88.0,-87.2,-85.2,621.2,620.4,620.5,621.4,622.6,623.7,623.3,622.4,624.4,621.7,619.9,619.4,620.9,623.4,626.1,624.0,621.7,620.6,620.9,622.4,623.0,623.3,623.4,623.0,622.5,622.1,622.1,622.4,656.2,655.8,655.9,656.5,657.2,657.6,657.5,657.2,658.3,656.3,654.8,654.4,655.8,658.4,661.5,658.9,656.6,655.2,655.4,656.8,657.7,657.9,658.0,657.8,657.5,657.2,657.2,657.4,-34.7,-30.1,573.0,0.099,-0.08,-0.048,0.0,0.0,2.48,0.03,0.0,0.74,0.09,1.77,0.0,0.24,0.0,1.31,0.33,0.0,1.37,2.05
0.144089,0.322284,-0.935613,0.080986,0.267609,-0.960118,0.118,0.302,350.5,351.9,355.8,359.9,361.8,360.6,356.5,352.4,344.9,347.9,351.9,356.3,360.4,363.5,365.6,363.4,360.1,356.1,351.9,348.0,354.4,356.1,357.8,358.4,357.6,355.9,354.2,353.6,409.6,411.1,414.9,418.7,420.3,418.7,415.0,410.9,405.6,408.1,411.4,415.4,419.3,422.4,424.7,422.4,419.3,415.7,411.8,408.2,413.2,414.9,416.5,417.2,416.5,414.8,413.2,412.5,155.6,151.4,149.3,150.6,154.4,158.7,160.6,159.4,155.9,154.9,154.1,153.4,153.2,153.4,154.2,155.9,157.0,157.7,157.8,157.2,156.7,157.3,156.3,154.5,152.9,152.3,153.3,155.1,150.5,146.6,145.0,146.6,150.5,154.3,156.0,154.6,151.3,150.0,149.0,148.7,149.2,149.9,151.2,152.4,153.0,153.2,153.0,152.5,152.2,152.9,152.2,150.5,148.8,148.1,148.8,150.5,-77.2,-75.5,-71.3,-67.1,-65.2,-66.6,-71.0,-75.3,-83.7,-80.0,-75.5,-70.7,-66.4,-63.4,-61.4,-63.6,-66.9,-71.1,-75.6,-80.0,-73.2,-71.4,-69.5,-68.8,-69.6,-71.5,-73.3,-74.0,-14.3,-12.6,-8.2,-3.8,-2.0,-3.8,-8.1,-12.8,-19.0,-16.1,-12.2,-7.6,-3.2,0.5,3.1,0.5,-3.1,-7.2,-11.8,-16.0,-10.2,-8.3,-6.4,-5.6,-6.4,-8.3,-10.2,-11.0,-76.0,-80.4,-82.6,-81.5,-77.5,-73.0,-70.9,-72.1,-76.0,-76.8,-77.4,-78.1,-78.6,-78.6,-78.1,-76.1,-74.6,-73.6,-73.6,-74.4,-75.0,-74.5,-75.5,-77.4,-79.1,-79.6,-78.6,-76.7,-87.4,-91.9,-93.9,-92.1,-87.6,-83.1,-81.1,-82.6,-86.7,-88.0,-88.9,-89.3,-88.9,-88.4,-87.4,-85.6,-84.5,-84.1,-84.3,-85.0,-85.6,-84.8,-85.6,-87.6,-89.5,-90.3,-89.5,-87.5,609.9,608.9,609.1,610.3,611.8,613.2,612.6,611.4,612.9,610.3,608.5,608.2,609.8,612.4,615.2,613.2,610.8,609.6,609.9,611.1,611.9,612.4,612.5,612.1,611.4,610.9,610.8,611.3,653.9,654.2,654.7,655.2,655.3,655.0,654.5,654.3,655.7,654.0,652.8,652.6,654.0,656.6,659.6,656.7,654.2,652.7,652.7,654.1,655.2,655.4,655.6,655.7,655.7,655.5,655.3,655.2,-34.6,-31.9,571.7,0.072,-0.074,-0.052,0.0,0.0,2.21,0.14,0.0,0.43,0.04,1.76,0.0,0.21,0.0,1.25,0.25,0.0,1.28,2.01
0.140707,0.293952,-0.945407,0.089018,0.233746,-0.968214,0.119,0.269,349.7,351.1,355.1,359.3,361.2,360.1,355.8,351.6,343.9,347.1,351.2,355.7,359.9,363.0,365.2,363.0,359.7,355.6,351.3,347.2,353.6,355.5,357.2,357.8,357.0,355.1,353.4,352.8,409.1,410.6,414.4,418.3,420.0,418.5,414.7,410.5,405.1,407.6,410.9,415.0,418.9,422.1,424.4,422.2,419.1,415.4,411.4,407.7,412.9,414.6,416.2,416.8,416.1,414.4,412.8,412.1,152.1,147.9,145.7,146.9,150.8,155.2,157.2,156.0,152.4,151.4,150.6,149.8,149.5,149.6,150.3,152.2,153.5,154.3,154.4,153.8,153.2,153.8,152.8,150.9,149.2,148.7,149.7,151.5,146.7,142.8,141.2,142.8,146.7,150.6,152.2,151.0,147.8,146.3,145.2,144.8,145.3,146.3,147.8,148.9,149.3,149.4,149.2,148.9,148.6,149.3,148.5,146.8,145.2,144.5,145.2,146.9,-75.8,-74.1,-70.0,-65.8,-63.9,-65.3,-69.7,-73.9,-82.3,-78.5,-74.1,-69.3,-65.1,-62.1,-60.1,-62.2,-65.4,-69.6,-74.1,-78.5,-71.9,-70.0,-68.2,-67.5,-68.3,-70.2,-72.0,-72.7,-14.6,-12.9,-8.6,-4.2,-2.3,-3.9,-8.2,-13.0,-19.2,-16.4,-12.5,-7.9,-3.5,0.1,2.8,0.2,-3.3,-7.4,-12.0,-16.2,-10.4,-8.5,-6.6,-5.9,-6.7,-8.6,-10.5,-11.2,-77.4,-81.7,-84.0,-83.0,-79.1,-74.6,-72.4,-73.5,-77.5,-78.2,-78.8,-79.6,-80.2,-80.4,-80.1,-77.8,-76.1,-75.1,-75.0,-75.8,-76.5,-76.0,-77.1,-79.0,-80.6,-81.1,-80.1,-78.2,-89.8,-94.4,-96.4,-94.6,-90.1,-85.5,-83.5,-85.0,-88.8,-90.4,-91.4,-91.9,-91.4,-90.7,-89.3,-87.8,-86.9,-86.6,-86.8,-87.3,-87.9,-87.1,-88.0,-90.0,-91.9,-92.7,-91.8,-89.8,592.1,591.1,591.3,592.6,594.2,595.7,595.1,593.8,594.9,592.4,590.7,590.5,592.2,594.8,597.7,595.7,593.3,592.0,592.2,593.3,594.3,594.8,594.9,594.5,593.7,593.2,593.1,593.5,640.3,641.3,642.2,642.4,641.9,640.9,640.0,640.0,641.9,640.5,639.4,639.3,640.7,643.1,646.0,642.9,640.2,638.6,638.7,640.1,641.4,641.5,641.8,642.3,642.5,642.4,642.0,641.6,-34.7,-35.6,567.1,0.031,-0.081,-0.053,0.0,0.0,1.92,0.25,0.0,0.15,0.0,1.71,0.0,0.19,0.0,1.28,0.16,0.0,1.17,1.99
0.15771,0.299628,-0.940931,0.09538,0.244526,-0.96494,0.132,0.278,350.1,351.5,355.4,359.5,361.4,360.2,356.1,352.0,344.1,347.3,351.3,355.8,359.9,363.0,365.0,363.0,359.7,355.7,351.4,347.4,353.9,355.7,357.4,358.0,357.2,355.4,353.7,353.1,409.2,410.7,414.4,418.2,419.9,418.5,414.7,410.6,405.1,407.6,410.9,414.9,418.8,421.8,424.1,422.0,419.0,415.4,411.4,407.8,412.9,414.5,416.1,416.8,416.0,414.4,412.8,412.1,152.1,147.8,145.7,146.9,150.7,155.2,157.2,156.0,152.5,151.4,150.6,149.8,149.5,149.7,150.5,152.3,153.5,154.3,154.4,153.8,153.2,153.8,152.8,150.9,149.3,148.7,149.7,151.5,146.8,142.9,141.3,142.8,146.7,150.6,152.3,151.0,147.8,146.3,145.3,144.9,145.3,146.2,147.6,148.8,149.3,149.5,149.3,149.0,148.6,149.3,148.5,146.8,145.2,144.5,145.2,146.9,-76.3,-74.7,-70.6,-66.4,-64.5,-65.9,-70.2,-74.4,-83.0,-79.2,-74.8,-70.0,-65.9,-62.9,-61.0,-63.0,-66.2,-70.3,-74.8,-79.2,-72.5,-70.6,-68.8,-68.1,-68.9,-70.8,-72.6,-73.3,-14.7,-13.0,-8.7,-4.3,-2.4,-4.1,-8.4,-13.1,-19.4,-16.6,-12.7,-8.1,-3.7,-0.2,2.5,-0.0,-3.5,-7.6,-12.1,-16.3,-10.5,-8.6,-6.7,-6.0,-6.9,-8.8,-10.6,-11.4,-78.4,-82.8,-85.1,-84.0,-80.1,-75.6,-73.3,-74.4,-78.3,-79.1,-79.8,-80.6,-81.2,-81.3,-80.8,-78.6,-77.1,-76.0,-75.9,-76.7,-77.4,-77.0,-78.0,-79.9,-81.6,-82.1,-81.1,-79.1,-91.0,-95.6,-97.6,-95.9,-91.4,-86.8,-84.7,-86.2,-90.0,-91.6,-92.6,-93.1,-92.7,-92.1,-90.9,-89.1,-88.1,-87.7,-87.9,-88.5,-89.1,-88.4,-89.2,-91.2,-93.2,-94.0,-93.1,-91.1,599.2,598.4,598.8,600.2,601.7,603.0,602.1,600.7,601.9,599.5,597.9,597.8,599.6,602.2,605.1,603.0,600.5,599.1,599.2,600.3,601.4,602.0,602.2,601.8,601.2,600.5,600.4,600.7,649.2,650.0,650.9,651.3,651.1,650.3,649.4,649.2,650.8,649.3,648.3,648.3,649.8,652.4,655.3,652.3,649.6,647.9,647.8,649.1,650.5,650.7,651.1,651.4,651.5,651.3,650.9,650.6,-34.7,-35.8,567.8,0.042,-0.086,-0.049,0.0,0.0,1.85,0.31,0.0,0.0,0.0,1.58,0.0,0.25,0.0,1.17,0.02,0.02,0.94,1.68
0.150883,0.284366,-0.946768,0.089061,0.223706,-0.970579,0.124,0.259,349.7,351.2,355.1,359.3,361.2,360.0,355.8,351.7,343.9,347.1,351.1,355.6,359.8,362.9,365.1,363.0,359.6,355.5,351.3,347.2,353.7,355.5,357.2,357.8,357.0,355.2,353.4,352.8,408.8,410.3,414.1,418.0,419.8,418.3,414.5,410.3,404.7,407.3,410.8,414.9,418.7,421.8,424.1,422.0,418.9,415.3,411.3,407.5,412.6,414.3,415.9,416.6,415.8,414.1,412.4,411.8,151.0,146.8,144.6,145.8,149.7,154.2,156.1,154.9,151.4,150.4,149.6,148.8,148.5,148.7,149.4,151.2,152.4,153.2,153.3,152.8,152.2,152.7,151.7,149.9,148.2,147.7,148.6,150.5,145.8,141.9,140.2,141.9,145.8,149.8,151.4,150.1,147.0,145.4,144.2,143.8,144.4,145.5,147.1,148.1,148.5,148.6,148.4,148.1,147.7,148.4,147.7,146.0,144.3,143.6,144.3,146.0,-76.1,-74.5,-70.4,-66.1,-64.3,-65.7,-70.0,-74.3,-82.7,-79.0,-74.5,-69.7,-65.5,-62.5,-60.5,-62.6,-65.8,-70.0,-74.5,-78.9,-72.3,-70.4,-68.6,-67.9,-68.7,-70.6,-72.4,-73.1,-14.7,-13.1,-8.9,-4.4,-2.5,-4.1,-8.4,-13.1,-19.4,-16.4,-12.5,-8.0,-3.7,-0.2,2.4,-0.0,-3.4,-7.4,-12.0,-16.2,-10.6,-8.6,-6.8,-6.1,-6.9,-8.9,-10.7,-11.4,-79.0,-83.4,-85.7,-84.6,-80.7,-76.1,-74.0,-75.1,-79.0,-79.7,-80.3,-81.1,-81.7,-81.8,-81.4,-79.2,-77.7,-76.7,-76.6,-77.3,-78.1,-77.6,-78.6,-80.5,-82.2,-82.7,-81.7,-79.8,-89.7,-94.2,-96.2,-94.5,-90.0,-85.4,-83.4,-84.8,-88.5,-90.2,-91.3,-91.8,-91.3,-90.5,-89.1,-87.6,-86.7,-86.4,-86.6,-87.1,-87.7,-86.9,-87.8,-89.8,-91.8,-92.5,-91.7,-89.7,595.4,594.4,594.7,595.9,597.5,598.9,598.2,596.9,598.3,595.8,594.1,593.8,595.5,598.1,601.0,598.9,596.5,595.2,595.4,596.6,597.5,598.0,598.1,597.7,597.0,596.5,596.4,596.8,631.9,633.1,634.3,634.6,634.0,632.8,631.6,631.4,633.1,632.0,631.2,631.3,632.9,635.4,638.3,635.1,632.2,630.4,630.2,631.5,633.0,633.2,633.7,634.2,634.5,634.3,633.9,633.3,-34.8,-37.1,567.5,0.027,-0.09,-0.052,0.0,0.0,1.91,0.24,0.0,0.0,0.0,1.45,0.0,0.28,0.0,1.02,0.02,0.03,0.85,1.41
0.1536,0.283494,-0.946593,0.082826,0.222278,-0.971459,0.123,0.258,349.7,351.2,355.1,359.3,361.2,360.0,355.8,351.7,343.9,347.1,351.1,355.6,359.8,362.9,365.1,362.9,359.6,355.5,351.2,347.2,353.7,355.5,357.2,357.8,357.0,355.2,353.4,352.8,408.8,410.3,414.1,418.0,419.7,418.2,414.4,410.2,404.8,407.3,410.7,414.8,418.7,421.9,424.3,422.0,418.9,415.2,411.2,407.4,412.5,414.2,415.9,416.5,415.8,414.1,412.4,411.8,151.0,146.8,144.6,145.8,149.7,154.2,156.1,154.9,151.4,150.4,149.6,148.8,148.5,148.7,149.4,151.2,152.4,153.3,153.4,152.8,152.2,152.7,151.8,149.9,148.2,147.7,148.6,150.5,145.9,141.9,140.3,141.9,145.8,149.8,151.4,150.1,147.0,145.4,144.3,143.9,144.5,145.5,147.0,148.0,148.5,148.6,148.5,148.2,147.7,148.4,147.7,146.0,144.3,143.6,144.3,146.0,-76.1,-74.5,-70.4,-66.1,-64.2,-65.6,-70.0,-74.3,-82.7,-79.0,-74.5,-69.7,-65.5,-62.5,-60.5,-62.6,-65.8,-70.0,-74.5,-78.9,-72.2,-70.4,-68.6,-67.9,-68.7,-70.5,-72.3,-73.0,-14.9,-13.2,-8.9,-4.5,-2.6,-4.3,-8.6,-13.3,-19.4,-16.5,-12.7,-8.1,-3.7,-0.1,2.6,0.0,-3.5,-7.6,-12.1,-16.3,-10.7,-8.8,-6.9,-6.2,-7.0,-8.9,-10.8,-11.5,-78.9,-83.3,-85.6,-84.5,-80.6,-76.1,-73.9,-75.0,-78.9,-79.7,-80.3,-81.1,-81.6,-81.8,-81.4,-79.2,-77.6,-76.6,-76.5,-77.3,-78.0,-77.5,-78.5,-80.4,-82.1,-82.6,-81.6,-79.7,-90.0,-94.5,-96.5,-94.7,-90.2,-85.7,-83.7,-85.2,-88.9,-90.5,-91.6,-92.0,-91.6,-90.8,-89.5,-87.9,-87.0,-86.6,-86.8,-87.4,-88.1,-87.3,-88.1,-90.1,-92.1,-92.9,-92.0,-90.0,595.0,594.1,594.3,595.6,597.2,598.5,597.9,596.6,598.0,595.5,593.8,593.5,595.1,597.8,600.6,598.6,596.2,594.9,595.1,596.3,597.1,597.7,597.8,597.4,596.7,596.2,596.1,596.5,634.5,635.4,636.2,636.4,635.9,635.0,634.2,634.2,636.0,634.6,633.5,633.4,634.9,637.3,640.2,637.1,634.5,632.9,632.9,634.3,635.5,635.6,636.0,636.3,636.6,636.5,636.1,635.7,-34.8,-37.0,567.2,0.027,-0.091,-0.052,0.0,0.0,2.0,0.18,0.0,0.0,0.0,1.36,0.05,0.29,0.0,0.81,0.0,0.07,0.62,1.01
0.166966,0.240735,-0.956122,0.111712,0.203852,-0.972607,0.143,0.227,350.4,351.7,355.3,359.2,361.0,360.0,356.1,352.2,344.7,347.6,351.4,355.6,359.6,362.5,364.6,362.5,359.4,355.5,351.5,347.8,354.1,355.7,357.3,357.8,357.0,355.4,353.8,353.3,409.3,410.7,414.4,418.2,420.0,418.6,414.9,410.7,405.0,407.6,411.0,415.0,418.8,421.7,423.9,421.9,419.0,415.5,411.5,407.8,412.9,414.6,416.2,416.8,416.1,414.4,412.7,412.1,149.7,145.7,143.7,144.9,148.5,152.7,154.5,153.3,150.2,149.2,148.5,147.7,147.5,147.8,148.6,150.1,151.0,151.7,151.8,151.4,150.8,151.3,150.4,148.7,147.1,146.6,147.5,149.2,145.1,141.2,139.6,141.1,145.0,149.0,150.6,149.4,146.3,144.8,143.7,143.3,143.7,144.6,146.0,147.1,147.7,147.8,147.7,147.4,147.0,147.7,146.9,145.2,143.5,142.8,143.5,145.3,-81.2,-79.7,-75.6,-71.3,-69.4,-70.7,-75.0,-79.3,-88.1,-84.4,-80.0,-75.1,-70.8,-67.7,-65.7,-67.8,-71.1,-75.4,-79.9,-84.3,-77.3,-75.4,-73.7,-73.0,-73.9,-75.7,-77.4,-78.1,-14.5,-12.9,-8.7,-4.3,-2.3,-3.9,-8.1,-12.9,-19.4,-16.4,-12.5,-8.0,-3.7,-0.3,2.2,-0.1,-3.4,-7.4,-11.9,-16.2,-10.4,-8.5,-6.6,-5.9,-6.8,-8.7,-10.6,-11.3,-86.5,-90.9,-93.3,-92.1,-88.2,-83.6,-81.4,-82.6,-86.4,-87.1,-87.8,-88.6,-89.0,-89.0,-88.6,-86.6,-85.2,-84.2,-84.1,-84.8,-85.5,-85.1,-86.1,-88.0,-89.7,-90.2,-89.2,-87.2,-92.2,-96.8,-98.9,-97.2,-92.7,-88.0,-86.0,-87.4,-91.0,-92.6,-93.8,-94.3,-94.0,-93.3,-92.1,-90.4,-89.4,-89.0,-89.1,-89.6,-90.3,-89.6,-90.5,-92.5,-94.5,-95.2,-94.3,-92.3,640.8,640.1,640.4,641.5,642.8,644.0,643.3,642.2,644.2,641.6,639.8,639.4,640.9,643.5,646.2,644.1,641.7,640.5,640.8,642.2,642.8,643.3,643.4,643.1,642.5,642.0,641.9,642.2,644.3,645.4,646.6,647.2,646.9,645.8,644.6,644.1,645.5,644.3,643.6,643.8,645.5,648.2,651.2,648.0,645.1,643.2,642.9,644.0,645.7,646.0,646.5,647.0,647.1,646.9,646.3,645.9,-34.9,-38.9,571.4,-0.015,-0.097,-0.054,0.0,0.0,2.09,0.16,0.0,0.0,0.0,1.33,0.05,0.16,0.0,0.68,0.0,0.06,0.55,0.88
0.174471,0.258834,-0.950034,0.122004,0.207481,-0.970601,0.153,0.238,351.4,352.7,356.4,360.3,362.2,361.1,357.2,353.3,345.8,348.8,352.6,356.9,360.9,363.8,365.8,363.8,360.7,356.8,352.7,348.9,355.1,356.8,358.4,359.0,358.2,356.5,354.9,354.3,410.5,411.8,415.5,419.4,421.2,419.9,416.2,412.0,406.3,408.9,412.3,416.3,420.0,423.0,425.2,423.2,420.3,416.8,412.8,409.1,414.1,415.8,417.5,418.1,417.3,415.5,413.9,413.3,151.2,147.2,145.1,146.3,150.0,154.2,156.1,154.9,151.8,150.8,149.9,149.2,149.0,149.3,150.1,151.6,152.6,153.3,153.5,153.0,152.3,152.8,151.9,150.2,148.6,148.1,149.0,150.7,146.2,142.3,140.6,142.2,146.0,149.9,151.6,150.3,147.5,145.9,144.8,144.3,144.8,145.8,147.2,148.2,148.6,148.7,148.6,148.5,148.0,148.7,148.0,146.3,144.6,143.9,144.6,146.3,-78.7,-77.2,-73.1,-68.9,-67.0,-68.3,-72.6,-76.8,-85.4,-81.8,-77.3,-72.5,-68.2,-65.2,-63.2,-65.3,-68.5,-72.8,-77.3,-81.7,-74.8,-73.0,-71.2,-70.6,-71.4,-73.2,-75.0,-75.7,-13.1,-11.6,-7.4,-3.0,-0.9,-2.4,-6.6,-11.4,-17.9,-14.9,-11.0,-6.5,-2.3,1.2,3.7,1.4,-1.9,-5.9,-10.4,-14.7,-9.0,-7.0,-5.2,-4.5,-5.4,-7.4,-9.2,-9.9,-83.4,-87.8,-90.1,-89.0,-85.1,-80.5,-78.3,-79.5,-83.2,-84.0,-84.7,-85.5,-86.0,-86.0,-85.5,-83.4,-82.0,-81.0,-80.9,-81.6,-82.5,-82.0,-83.0,-84.9,-86.6,-87.1,-86.1,-84.1,-90.9,-95.5,-97.6,-95.9,-91.4,-86.8,-84.7,-86.1,-89.5,-91.1,-92.4,-92.9,-92.6,-91.9,-90.6,-89.1,-88.2,-87.8,-87.8,-88.2,-88.9,-88.2,-89.1,-91.1,-93.1,-93.9,-92.9,-90.9,630.3,629.6,629.9,631.1,632.5,633.6,632.9,631.7,633.4,630.9,629.2,628.9,630.6,633.2,636.0,633.9,631.5,630.2,630.4,631.6,632.4,632.9,633.0,632.7,632.1,631.6,631.4,631.8,643.2,644.6,646.0,646.5,645.8,644.4,643.1,642.7,644.3,643.2,642.6,642.9,644.5,647.2,650.0,646.8,643.8,641.9,641.6,642.7,644.5,644.7,645.3,645.9,646.2,646.0,645.4,644.8,-33.7,-37.6,571.9,0.004,-0.122,-0.055,0.0,0.0,2.15,0.18,0.0,0.0,0.0,1.31,0.05,0.09,0.0,0.62,0.0,0.06,0.47,0.75
0.174565,0.260261,-0.949627,0.121826,0.207998,-0.970513,0.153,0.239,351.4,352.7,356.4,360.3,362.2,361.1,357.2,353.2,345.8,348.8,352.6,356.8,360.9,363.8,365.8,363.8,360.7,356.8,352.7,348.9,355.1,356.8,358.4,358.9,358.1,356.5,354.9,354.3,410.4,411.8,415.5,419.4,421.2,419.8,416.1,411.9,406.3,408.9,412.2,416.3,420.0,423.0,425.3,423.2,420.3,416.8,412.8,409.1,414.1,415.8,417.4,418.0,417.3,415.5,413.9,413.3,151.2,147.2,145.1,146.3,150.0,154.2,156.1,154.9,151.8,150.7,149.9,149.2,149.0,149.3,150.1,151.6,152.6,153.3,153.5,153.0,152.3,152.8,151.9,150.2,148.6,148.1,149.0,150.7,146.2,142.3,140.6,142.2,146.1,149.9,151.6,150.4,147.5,145.9,144.8,144.3,144.8,145.7,147.2,148.2,148.7,148.8,148.7,148.5,148.0,148.7,148.0,146.3,144.6,143.9,144.6,146.3,-78.8,-77.3,-73.2,-68.9,-67.0,-68.3,-72.7,-76.9,-85.5,-81.8,-77.3,-72.5,-68.3,-65.2,-63.2,-65.3,-68.6,-72.8,-77.3,-81.7,-74.9,-73.1,-71.3,-70.6,-71.5,-73.3,-75.0,-75.7,-13.1,-11.6,-7.4,-3.0,-0.9,-2.5,-6.7,-11.4,-17.9,-14.9,-11.1,-6.5,-2.3,1.2,3.7,1.4,-1.9,-5.9,-10.4,-14.7,-9.0,-7.0,-5.2,-4.5,-5.4,-7.4,-9.2,-9.9,-83.4,-87.9,-90.2,-89.1,-85.1,-80.5,-78.4,-79.5,-83.2,-84.1,-84.7,-85.5,-86.0,-86.0,-85.5,-83.5,-82.0,-81.1,-81.0,-81.7,-82.5,-82.0,-83.0,-84.9,-86.6,-87.1,-86.1,-84.2,-90.8,-95.4,-97.4,-95.7,-91.2,-86.6,-84.6,-85.9,-89.3,-91.0,-92.3,-92.8,-92.5,-91.8,-90.5,-88.9,-88.0,-87.6,-87.6,-88.0,-88.8,-88.1,-89.0,-91.0,-93.0,-93.7,-92.8,-90.8,630.7,629.9,630.2,631.4,632.7,633.9,633.2,632.1,633.8,631.2,629.5,629.2,630.9,633.5,636.3,634.2,631.8,630.5,630.7,631.9,632.7,633.2,633.3,633.0,632.4,631.9,631.7,632.1,642.5,643.8,645.1,645.6,644.9,643.6,642.3,642.0,643.6,642.5,641.8,642.1,643.7,646.3,649.2,645.9,643.0,641.1,640.9,642.0,643.7,643.9,644.5,645.1,645.3,645.1,644.6,644.0,-33.7,-37.6,572.0,0.005,-0.123,-0.055,0.0,0.0,2.13,0.16,0.0,0.0,0.0,1.43,0.0,0.1,0.0,0.58,0.0,0.03,0.58,0.78
0.21577,0.284757,-0.934,0.129345,0.229862,-0.96459,0.18,0.265,352.5,353.8,357.5,361.4,363.2,362.1,358.2,354.3,346.4,349.5,353.4,357.7,361.7,364.6,366.6,364.6,361.5,357.6,353.5,349.7,356.1,357.8,359.4,360.0,359.2,357.5,355.9,355.4,411.0,412.4,416.1,420.0,421.8,420.4,416.7,412.5,407.0,409.5,412.8,416.8,420.6,423.7,426.1,423.9,420.9,417.3,413.4,409.7,414.7,416.4,418.0,418.6,417.8,416.1,414.5,413.9,152.9,148.8,146.7,147.8,151.4,155.7,157.7,156.6,153.4,152.3,151.5,150.7,150.5,150.8,151.5,153.1,154.1,154.9,155.0,154.6,153.9,154.4,153.5,151.7,150.1,149.6,150.6,152.3,147.0,143.1,141.4,143.0,146.8,150.7,152.4,151.2,148.6,147.0,145.7,145.2,145.6,146.5,147.9,148.9,149.4,149.7,149.6,149.5,148.8,149.5,148.7,147.0,145.4,144.7,145.4,147.1,-76.8,-75.3,-71.3,-67.1,-65.2,-66.6,-70.8,-74.9,-83.9,-80.2,-75.7,-70.9,-66.7,-63.8,-61.9,-63.9,-67.0,-71.1,-75.6,-80.1,-73.0,-71.2,-69.5,-68.8,-69.7,-71.5,-73.2,-73.8,-12.6,-11.0,-6.8,-2.3,-0.3,-1.8,-6.1,-10.8,-17.2,-14.3,-10.5,-5.9,-1.6,2.0,4.7,2.2,-1.2,-5.3,-9.8,-14.1,-8.3,-6.4,-4.5,-3.9,-4.8,-6.7,-8.6,-9.2,-80.8,-85.2,-87.7,-86.6,-82.7,-78.1,-75.9,-76.9,-80.6,-81.5,-82.2,-83.0,-83.5,-83.6,-83.1,-81.1,-79.6,-78.6,-78.4,-79.1,-79.9,-79.5,-80.5,-82.5,-84.1,-84.6,-83.5,-81.6,-90.2,-94.8,-96.9,-95.2,-90.7,-86.1,-84.0,-85.4,-88.6,-90.3,-91.5,-92.1,-91.8,-91.2,-90.0,-88.4,-87.4,-87.0,-87.0,-87.3,-88.3,-87.5,-88.4,-90.5,-92.4,-93.1,-92.2,-90.2,624.4,623.7,624.2,625.7,627.2,628.3,627.4,625.9,627.3,624.9,623.3,623.2,625.0,627.7,630.6,628.4,625.9,624.5,624.5,625.6,626.7,627.3,627.5,627.2,626.6,625.9,625.7,626.0,645.2,646.3,647.3,647.6,647.0,645.9,644.9,644.8,646.6,645.3,644.3,644.3,645.8,648.3,651.1,648.1,645.3,643.6,643.6,644.9,646.3,646.4,646.8,647.3,647.6,647.5,647.0,646.5,-32.7,-36.6,574.2,0.045,-0.144,-0.065,0.0,0.0,2.02,0.1,0.0,0.0,0.0,1.52,0.04,0.21,0.02,0.68,0.0,0.02,0.67,0.76
0.234882,0.305334,-0.922823,0.131245,0.259575,-0.956763,0.192,0.292,353.1,354.4,358.0,361.8,363.6,362.5,358.7,354.9,346.2,349.6,353.7,358.1,362.0,364.7,366.6,364.8,361.8,358.0,353.8,349.8,356.6,358.2,359.7,360.3,359.6,357.9,356.4,355.8,411.4,412.7,416.4,420.4,422.3,421.0,417.3,413.0,407.3,409.9,413.2,417.3,421.0,424.1,426.5,424.4,421.4,417.8,413.8,410.1,415.2,416.9,418.5,419.1,418.2,416.5,414.9,414.3,154.5,150.3,148.1,149.2,152.9,157.3,159.3,158.3,155.1,154.0,153.0,152.2,151.9,152.1,152.8,154.5,155.6,156.5,156.7,156.3,155.5,156.0,155.0,153.2,151.6,151.2,152.1,153.9,148.0,144.1,142.4,143.9,147.7,151.6,153.3,152.1,149.5,147.9,146.7,146.1,146.6,147.5,148.9,149.9,150.3,150.5,150.5,150.4,149.8,150.4,149.7,148.0,146.3,145.7,146.4,148.1,-74.2,-72.7,-68.9,-65.0,-63.3,-64.6,-68.6,-72.5,-81.9,-78.0,-73.4,-68.7,-64.7,-62.1,-60.4,-62.2,-65.0,-69.0,-73.4,-77.9,-70.8,-69.1,-67.5,-66.8,-67.6,-69.2,-70.9,-71.5,-12.0,-10.6,-6.4,-1.9,0.3,-1.2,-5.4,-10.2,-16.6,-13.7,-9.9,-5.4,-1.1,2.4,5.1,2.7,-0.7,-4.7,-9.2,-13.5,-7.7,-5.8,-4.0,-3.3,-4.3,-6.2,-8.1,-8.7,-76.9,-81.4,-83.9,-83.0,-79.2,-74.6,-72.2,-73.1,-76.6,-77.6,-78.4,-79.4,-80.0,-80.2,-79.8,-77.6,-76.1,-75.0,-74.6,-75.2,-76.2,-75.8,-76.9,-78.8,-80.5,-80.9,-79.8,-77.9,-88.3,-92.9,-95.0,-93.4,-88.9,-84.3,-82.2,-83.5,-86.7,-88.4,-89.7,-90.3,-90.0,-89.3,-88.1,-86.5,-85.7,-85.2,-85.2,-85.4,-86.4,-85.7,-86.6,-88.6,-90.5,-91.2,-90.3,-88.3,608.4,607.9,608.9,610.8,612.5,613.5,612.1,610.2,610.8,608.7,607.5,607.7,609.9,613.0,616.1,613.7,610.8,609.0,608.6,609.4,611.1,612.0,612.4,612.1,611.4,610.6,610.2,610.4,639.3,640.8,642.1,642.4,641.5,640.0,638.8,638.6,640.5,639.4,638.6,638.8,640.4,642.9,645.7,642.4,639.5,637.7,637.5,638.8,640.4,640.5,641.1,641.7,642.1,642.0,641.4,640.8,-32.2,-35.8,577.9,0.082,-0.143,-0.074,0.0,0.0,1.96,0.04,0.0,0.0,0.0,1.6,0.09,0.36,0.11,0.81,0.0,0.0,0.68,0.68
0.260096,0.311219,-0.914053,0.134248,0.269877,-0.95349,0.208,0.302,352.9,354.2,357.9,361.7,363.6,362.5,358.6,354.8,345.8,349.1,353.2,357.7,361.7,364.5,366.5,364.6,361.5,357.6,353.4,349.3,356.5,358.1,359.7,360.3,359.5,357.8,356.3,355.7,411.1,412.4,416.1,420.1,422.0,420.8,417.0,412.8,407.0,409.5,412.9,417.0,420.8,423.9,426.3,424.2,421.2,417.6,413.5,409.8,414.9,416.7,418.3,418.8,418.0,416.3,414.6,414.1,155.0,150.8,148.6,149.6,153.3,157.7,159.8,158.7,155.6,154.4,153.5,152.6,152.3,152.6,153.3,154.9,156.0,156.8,157.0,156.7,156.0,156.4,155.5,153.7,152.1,151.6,152.6,154.4,148.2,144.3,142.5,144.0,147.8,151.7,153.5,152.4,149.8,148.2,146.9,146.3,146.7,147.6,148.9,149.9,150.4,150.6,150.6,150.6,150.0,150.6,149.9,148.1,146.5,145.8,146.6,148.3,-74.2,-72.8,-69.0,-65.0,-63.2,-64.5,-68.5,-72.5,-82.2,-78.4,-73.8,-69.0,-65.0,-62.2,-60.4,-62.2,-65.2,-69.3,-73.8,-78.3,-70.7,-69.0,-67.4,-66.7,-67.5,-69.2,-70.8,-71.5,-12.3,-10.9,-6.7,-2.2,0.0,-1.4,-5.6,-10.4,-16.9,-14.0,-10.2,-5.7,-1.4,2.2,4.9,2.5,-0.9,-5.0,-9.5,-13.8,-8.0,-6.0,-4.2,-3.6,-4.5,-6.5,-8.3,-9.0,-76.3,-80.7,-83.3,-82.4,-78.6,-74.0,-71.6,-72.5,-76.1,-77.0,-77.8,-78.7,-79.3,-79.4,-79.1,-77.0,-75.5,-74.5,-74.1,-74.6,-75.6,-75.2,-76.3,-78.2,-79.8,-80.2,-79.1,-77.2,-87.7,-92.3,-94.5,-92.9,-88.5,-83.8,-81.7,-82.9,-86.1,-87.8,-89.1,-89.8,-89.6,-88.9,-87.7,-86.2,-85.3,-84.8,-84.8,-84.9,-85.8,-85.1,-86.1,-88.1,-90.1,-90.7,-89.8,-87.8,607.3,606.7,607.6,609.4,611.1,612.2,610.9,609.0,610.2,607.8,606.4,606.4,608.4,611.3,614.3,612.0,609.3,607.7,607.5,608.5,609.9,610.7,611.1,610.8,610.1,609.3,608.9,609.2,637.2,638.6,639.8,640.1,639.3,637.9,636.7,636.5,638.4,637.2,636.4,636.6,638.1,640.7,643.5,640.2,637.4,635.6,635.5,636.7,638.2,638.4,638.9,639.5,639.8,639.7,639.2,638.6,-32.2,-35.6,577.2,0.093,-0.145,-0.08,0.02,0.0,2.04,0.0,0.0,0.0,0.0,1.44,0.15,0.52,0.24,0.82,0.0,0.0,0.45,0.42
0.260558,0.301527,-0.917165,0.122664,0.249361,-0.960611,0.201,0.285,353.1,354.4,358.0,361.8,363.6,362.5,358.7,354.9,346.1,349.4,353.4,357.8,361.7,364.5,366.4,364.5,361.5,357.7,353.5,349.5,356.6,358.3,359.8,360.4,359.6,357.9,356.4,355.8,411.1,412.4,416.1,420.0,421.9,420.7,417.0,412.7,407.1,409.5,412.9,416.9,420.8,423.9,426.2,424.2,421.2,417.5,413.6,409.8,414.9,416.6,418.2,418.8,417.9,416.2,414.6,414.1,155.0,150.9,148.6,149.7,153.4,157.7,159.8,158.7,155.6,154.4,153.5,152.6,152.3,152.6,153.3,155.0,156.1,156.9,157.2,156.7,156.0,156.4,155.5,153.7,152.1,151.7,152.6,154.4,148.2,144.3,142.6,144.0,147.8,151.7,153.5,152.4,149.9,148.2,146.9,146.3,146.7,147.6,149.0,149.9,150.4,150.6,150.6,150.7,150.0,150.6,149.8,148.1,146.5,145.9,146.6,148.3,-74.7,-73.3,-69.5,-65.5,-63.7,-65.0,-69.0,-73.0,-82.7,-78.8,-74.3,-69.6,-65.5,-62.8,-61.0,-62.8,-65.8,-69.9,-74.3,-78.8,-71.3,-69.5,-67.9,-67.3,-68.0,-69.7,-71.4,-72.0,-12.3,-10.9,-6.7,-2.2,-0.1,-1.5,-5.7,-10.5,-16.9,-14.1,-10.3,-5.7,-1.4,2.2,4.9,2.5,-1.0,-5.0,-9.5,-13.8,-8.1,-6.1,-4.3,-3.7,-4.6,-6.6,-8.4,-9.0,-77.0,-81.5,-84.0,-83.1,-79.3,-74.7,-72.3,-73.2,-76.8,-77.7,-78.6,-79.5,-80.1,-80.2,-79.7,-77.6,-76.1,-75.0,-74.7,-75.3,-76.3,-75.9,-77.0,-78.9,-80.5,-80.9,-79.8,-77.9,-88.0,-92.6,-94.8,-93.2,-88.8,-84.2,-82.0,-83.2,-86.2,-88.0,-89.4,-90.1,-89.9,-89.2,-88.0,-86.5,-85.6,-85.1,-85.1,-85.2,-86.2,-85.5,-86.4,-88.4,-90.3,-91.0,-90.1,-88.1,613.1,612.5,613.4,615.3,617.0,618.0,616.7,614.8,615.8,613.5,612.1,612.2,614.2,617.1,620.1,617.8,615.1,613.5,613.3,614.2,615.7,616.5,616.9,616.7,616.0,615.1,614.8,615.0,639.6,641.0,642.2,642.4,641.6,640.2,639.1,638.9,640.8,639.6,638.8,639.0,640.5,643.0,645.8,642.6,639.8,638.0,637.8,639.1,640.6,640.8,641.3,641.9,642.2,642.1,641.6,641.0,-32.8,-36.8,583.8,0.078,-0.133,-0.08,0.04,0.0,2.01,0.0,0.0,0.0,0.0,1.28,0.13,0.54,0.35,0.78,0.0,0.03,0.17,0.25
0.247387,0.273371,-0.929553,0.130998,0.221108,-0.966411,0.197,0.255,351.6,352.8,356.4,360.2,362.2,361.2,357.4,353.5,345.0,348.1,352.0,356.3,360.3,363.2,365.2,363.2,360.1,356.3,352.2,348.3,355.2,356.9,358.4,358.9,358.1,356.4,354.9,354.4,409.9,411.2,415.0,419.0,420.9,419.6,415.9,411.6,405.8,408.3,411.7,415.8,419.8,422.9,425.3,423.2,420.1,416.4,412.4,408.6,413.7,415.5,417.2,417.7,416.9,415.1,413.5,412.9,153.0,148.9,146.7,147.7,151.3,155.7,157.7,156.7,153.7,152.5,151.6,150.7,150.4,150.7,151.4,153.0,154.1,154.9,155.1,154.8,154.0,154.4,153.5,151.7,150.1,149.7,150.6,152.4,146.2,142.3,140.5,142.0,145.8,149.7,151.4,150.3,148.0,146.2,144.9,144.3,144.8,145.8,147.4,148.2,148.6,148.7,148.7,148.8,148.0,148.6,147.9,146.2,144.5,143.8,144.6,146.3,-77.5,-76.2,-72.3,-68.2,-66.2,-67.4,-71.5,-75.6,-85.2,-81.4,-77.0,-72.2,-68.0,-65.1,-63.2,-65.1,-68.3,-72.4,-76.9,-81.3,-73.8,-72.1,-70.4,-69.8,-70.6,-72.4,-74.1,-74.7,-13.5,-12.0,-7.8,-3.3,-1.2,-2.6,-6.8,-11.6,-18.0,-15.2,-11.4,-6.9,-2.5,1.1,3.7,1.3,-2.1,-6.2,-10.7,-14.9,-9.2,-7.2,-5.4,-4.8,-5.7,-7.7,-9.5,-10.1,-80.4,-84.9,-87.4,-86.5,-82.6,-78.0,-75.6,-76.5,-80.0,-81.0,-81.8,-82.8,-83.3,-83.4,-82.9,-80.9,-79.4,-78.3,-78.1,-78.6,-79.6,-79.2,-80.3,-82.2,-83.9,-84.3,-83.2,-81.3,-88.9,-93.5,-95.6,-94.0,-89.6,-85.0,-82.9,-84.1,-87.0,-88.8,-90.2,-90.9,-90.6,-89.7,-88.4,-87.0,-86.2,-85.8,-85.8,-85.9,-87.0,-86.3,-87.2,-89.2,-91.1,-91.8,-90.9,-88.9,622.2,621.7,622.4,623.9,625.4,626.4,625.3,623.7,625.3,622.8,621.2,621.1,622.9,625.6,628.5,626.2,623.7,622.3,622.3,623.5,624.6,625.2,625.5,625.3,624.7,624.0,623.7,623.9,629.1,630.7,631.9,632.1,631.1,629.5,628.3,628.3,630.3,629.2,628.4,628.5,630.0,632.4,635.1,631.9,629.1,627.3,627.3,628.6,630.0,630.1,630.6,631.3,631.8,631.7,631.2,630.5,-33.5,-37.7,578.6,0.046,-0.14,-0.083,0.11,0.0,1.93,0.09,0.0,0.0,0.0,1.14,0.09,0.47,0.31,0.58,0.0,0.06,0.03,0.07
0.248788,0.258595,-0.933399,0.12663,0.212561,-0.968908,0.195,0.243,350.7,351.9,355.4,359.4,361.4,360.5,356.7,352.7,344.3,347.3,351.1,355.3,359.3,362.3,364.4,362.4,359.3,355.4,351.4,347.5,354.4,356.1,357.7,358.1,357.3,355.6,354.0,353.6,409.0,410.2,413.9,417.9,419.9,418.6,414.9,410.7,404.9,407.4,410.9,414.9,418.7,421.7,423.9,422.0,419.1,415.6,411.6,407.7,412.8,414.5,416.1,416.6,415.8,414.1,412.4,411.9,151.8,147.6,145.4,146.4,150.0,154.3,156.4,155.4,152.5,151.3,150.4,149.4,149.1,149.3,150.0,151.6,152.7,153.6,153.9,153.6,152.7,153.1,152.2,150.4,148.8,148.4,149.4,151.2,144.9,141.0,139.3,140.8,144.6,148.5,150.2,149.0,146.4,144.7,143.4,142.8,143.3,144.4,146.0,146.9,147.3,147.4,147.4,147.3,146.7,147.3,146.6,144.9,143.2,142.6,143.3,145.0,-78.7,-77.4,-73.5,-69.3,-67.3,-68.4,-72.5,-76.7,-86.3,-82.7,-78.3,-73.5,-69.3,-66.2,-64.2,-66.2,-69.4,-73.5,-78.1,-82.5,-74.9,-73.1,-71.4,-70.9,-71.8,-73.6,-75.2,-75.8,-14.5,-13.2,-9.1,-4.6,-2.4,-3.8,-7.9,-12.6,-19.2,-16.2,-12.4,-7.9,-3.7,-0.3,2.2,-0.0,-3.2,-7.1,-11.6,-15.9,-10.3,-8.4,-6.6,-6.0,-7.0,-8.9,-10.7,-11.3,-82.0,-86.5,-89.1,-88.2,-84.4,-79.7,-77.3,-78.2,-81.6,-82.6,-83.4,-84.4,-85.0,-85.2,-84.8,-82.6,-81.1,-80.0,-79.7,-80.2,-81.3,-80.9,-82.0,-83.9,-85.6,-86.0,-84.9,-82.9,-90.6,-95.2,-97.3,-95.7,-91.3,-86.7,-84.6,-85.8,-88.9,-90.7,-92.1,-92.8,-92.5,-91.7,-90.3,-88.8,-88.0,-87.5,-87.5,-87.7,-88.7,-88.0,-88.9,-90.9,-92.8,-93.5,-92.6,-90.6,624.4,623.8,624.3,625.7,627.2,628.2,627.2,625.8,627.6,625.1,623.4,623.1,624.7,627.3,630.1,627.9,625.5,624.3,624.4,625.7,626.6,627.2,627.5,627.2,626.6,626.0,625.7,626.0,630.8,632.4,634.0,634.4,633.6,632.0,630.5,630.1,631.6,630.7,630.2,630.7,632.4,635.1,637.9,634.6,631.5,629.5,629.1,630.1,632.0,632.3,632.9,633.6,634.0,633.8,633.1,632.4,-34.3,-38.9,576.6,0.02,-0.134,-0.086,0.16,0.0,1.79,0.16,0.0,0.0,0.0,1.06,0.04,0.29,0.26,0.44,0.0,0.07,0.03,0.07
0.252245,0.255505,-0.933322,0.121499,0.200897,-0.972049,0.194,0.235,350.7,351.8,355.4,359.4,361.4,360.4,356.6,352.6,344.2,347.2,351.0,355.3,359.3,362.3,364.4,362.4,359.3,355.4,351.3,347.4,354.4,356.1,357.6,358.1,357.3,355.6,354.0,353.5,408.9,410.2,413.9,417.9,419.9,418.6,414.9,410.6,404.9,407.4,410.8,414.9,418.8,421.8,424.1,422.1,419.2,415.6,411.6,407.7,412.7,414.5,416.1,416.6,415.8,414.0,412.4,411.9,151.8,147.6,145.4,146.4,150.0,154.4,156.4,155.4,152.5,151.3,150.3,149.4,149.1,149.3,150.0,151.6,152.8,153.6,153.9,153.6,152.7,153.1,152.2,150.4,148.8,148.4,149.3,151.1,144.8,141.0,139.3,140.8,144.6,148.4,150.1,149.0,146.5,144.7,143.4,142.8,143.4,144.5,146.2,147.0,147.3,147.4,147.4,147.4,146.7,147.3,146.6,144.9,143.3,142.6,143.4,145.0,-78.4,-77.0,-73.1,-69.0,-67.0,-68.1,-72.2,-76.4,-85.9,-82.3,-77.9,-73.1,-68.9,-65.9,-63.8,-65.8,-69.0,-73.2,-77.7,-82.1,-74.6,-72.8,-71.1,-70.5,-71.4,-73.2,-74.9,-75.5,-14.5,-13.2,-9.1,-4.6,-2.4,-3.8,-7.9,-12.6,-19.1,-16.2,-12.4,-7.9,-3.6,-0.2,2.4,0.1,-3.1,-7.1,-11.6,-15.9,-10.3,-8.4,-6.6,-6.0,-7.0,-8.9,-10.7,-11.3,-81.6,-86.1,-88.6,-87.7,-83.9,-79.2,-76.8,-77.7,-81.2,-82.2,-83.0,-84.0,-84.6,-84.7,-84.3,-82.2,-80.6,-79.5,-79.2,-79.8,-80.8,-80.4,-81.5,-83.5,-85.1,-85.5,-84.4,-82.5,-90.2,-94.8,-96.9,-95.3,-90.9,-86.4,-84.3,-85.5,-88.5,-90.4,-91.8,-92.5,-92.1,-91.2,-89.7,-88.3,-87.5,-87.2,-87.2,-87.3,-88.4,-87.7,-88.6,-90.5,-92.4,-93.1,-92.2,-90.2,620.9,620.3,620.9,622.4,623.8,624.9,623.9,622.4,624.1,621.6,619.9,619.7,621.3,624.0,626.8,624.6,622.2,620.9,621.1,622.3,623.2,623.8,624.1,623.8,623.2,622.6,622.3,622.6,628.5,630.2,631.7,632.0,631.0,629.2,627.7,627.5,629.3,628.4,627.9,628.2,629.9,632.4,635.2,631.8,628.8,626.9,626.5,627.7,629.5,629.6,630.3,631.0,631.5,631.4,630.7,630.0,-34.3,-38.8,576.0,0.016,-0.136,-0.084,0.25,0.0,1.85,0.16,0.0,0.0,0.0,1.02,0.02,0.19,0.17,0.25,0.0,0.04,0.04,0.0
0.246992,0.25822,-0.933979,0.111232,0.217937,-0.969603,0.186,0.245,350.4,351.6,355.2,359.1,361.0,360.1,356.2,352.3,344.1,347.0,350.7,354.9,358.9,361.9,364.0,362.0,358.8,355.0,351.0,347.2,354.1,355.8,357.3,357.8,357.0,355.3,353.8,353.3,408.4,409.6,413.2,417.2,419.1,418.0,414.3,410.1,404.3,407.0,410.4,414.4,418.1,421.0,423.2,421.3,418.5,415.0,411.0,407.2,412.1,413.9,415.4,416.0,415.1,413.4,411.8,411.3,151.6,147.5,145.4,146.4,150.0,154.2,156.2,155.2,152.1,151.1,150.2,149.4,149.0,149.1,149.7,151.4,152.6,153.4,153.6,153.2,152.5,153.0,152.0,150.3,148.7,148.3,149.2,151.0,145.2,141.4,139.8,141.3,145.0,148.8,150.4,149.3,146.5,145.0,143.8,143.4,143.9,145.0,146.6,147.3,147.5,147.5,147.4,147.4,147.1,147.7,147.0,145.4,143.7,143.1,143.8,145.4,-80.2,-78.7,-74.7,-70.5,-68.6,-69.8,-74.0,-78.2,-87.7,-84.1,-79.7,-75.0,-70.7,-67.6,-65.5,-67.6,-70.8,-75.1,-79.6,-84.0,-76.3,-74.5,-72.8,-72.2,-73.0,-74.8,-76.6,-77.2,-15.4,-14.1,-10.0,-5.5,-3.2,-4.6,-8.7,-13.5,-20.0,-17.0,-13.1,-8.6,-4.5,-1.1,1.3,-0.8,-4.0,-7.9,-12.4,-16.8,-11.2,-9.2,-7.4,-6.9,-7.8,-9.8,-11.6,-12.2,-83.3,-87.8,-90.3,-89.4,-85.5,-80.9,-78.5,-79.5,-83.2,-84.0,-84.7,-85.6,-86.3,-86.5,-86.2,-84.0,-82.4,-81.3,-81.1,-81.7,-82.6,-82.2,-83.2,-85.2,-86.8,-87.2,-86.2,-84.2,-91.4,-96.0,-98.1,-96.5,-92.1,-87.5,-85.4,-86.7,-90.0,-91.7,-92.9,-93.5,-93.1,-92.3,-90.9,-89.6,-88.9,-88.6,-88.7,-88.8,-89.5,-88.8,-89.7,-91.7,-93.6,-94.3,-93.4,-91.4,632.9,632.2,632.6,634.1,635.7,636.9,635.9,634.5,636.2,633.6,631.9,631.5,633.0,635.6,638.3,636.3,633.9,632.7,633.0,634.4,635.2,635.8,636.0,635.7,635.0,634.4,634.2,634.5,639.5,641.4,643.0,643.5,642.5,640.6,638.9,638.5,640.2,639.4,639.0,639.6,641.3,644.0,646.8,643.3,640.2,638.1,637.6,638.6,640.6,640.8,641.6,642.4,642.9,642.7,641.9,641.1,-34.9,-39.2,576.6,0.002,-0.119,-0.082,0.34,0.0,1.64,0.07,0.0,0.0,0.0,1.0,0.03,0.12,0.12,0.23,0.0,0.01,0.13,0.0
0.333567,0.30421,-0.892294,-0.00731,0.267096,-0.963642,0.174,0.299,352.1,353.1,357.0,361.5,364.0,363.2,359.0,354.5,344.0,347.6,351.5,355.9,360.1,363.7,366.4,364.2,360.6,356.2,351.7,347.6,356.2,358.2,360.0,360.4,359.3,357.3,355.6,355.1,407.0,408.3,412.1,416.2,418.2,416.9,413.0,408.6,404.1,406.9,410.4,414.6,418.3,421.1,423.1,421.3,418.6,415.2,411.1,407.1,410.8,412.7,414.4,415.0,414.1,412.3,410.5,409.9,154.8,150.2,147.9,149.3,153.5,158.5,160.4,159.0,156.0,154.7,153.6,152.7,152.4,152.5,152.9,154.1,154.6,155.3,155.8,156.2,156.6,157.2,156.2,154.1,152.2,151.6,152.6,154.7,149.3,145.3,143.6,145.1,149.0,153.1,154.8,153.6,150.4,148.8,147.8,147.4,148.0,149.1,150.6,151.5,151.8,151.9,151.7,151.5,151.3,152.0,151.2,149.3,147.6,146.9,147.7,149.5,-71.1,-70.2,-66.5,-62.0,-59.4,-60.1,-64.1,-68.6,-79.7,-75.8,-71.6,-67.2,-63.0,-59.6,-57.1,-59.1,-62.5,-66.8,-71.3,-75.7,-67.1,-65.1,-63.4,-63.0,-64.1,-66.1,-67.8,-68.2,-16.4,-14.9,-10.8,-6.3,-4.1,-5.6,-9.7,-14.5,-19.5,-16.4,-12.6,-8.1,-4.1,-1.0,1.2,-0.8,-3.7,-7.4,-11.8,-16.2,-12.2,-10.2,-8.3,-7.7,-8.6,-10.7,-12.5,-13.2,-72.4,-77.2,-79.8,-78.5,-74.2,-69.0,-66.8,-68.1,-71.5,-72.6,-73.6,-74.5,-75.0,-75.2,-75.1,-73.4,-72.6,-71.8,-71.2,-71.1,-70.8,-70.2,-71.4,-73.6,-75.5,-76.1,-74.9,-72.8,-83.4,-88.0,-90.2,-88.5,-84.1,-79.5,-77.4,-78.7,-82.3,-83.9,-85.1,-85.6,-85.2,-84.4,-83.1,-81.7,-80.9,-80.5,-80.7,-81.0,-81.5,-80.8,-81.7,-83.8,-85.8,-86.5,-85.6,-83.5,574.5,575.9,577.6,578.7,578.5,577.4,575.3,574.3,577.7,575.6,574.4,574.3,575.6,577.8,580.2,577.4,574.6,573.3,573.6,575.2,576.3,576.8,577.6,578.2,578.3,577.8,577.1,576.4,615.2,616.7,618.0,618.3,617.5,616.1,614.8,614.5,615.4,614.7,614.5,615.2,617.2,620.0,623.0,619.6,616.4,614.1,613.4,614.1,616.3,616.5,617.0,617.7,618.1,617.9,617.3,616.7,-34.5,-37.4,576.5,0.025,-0.114,-0.076,0.52,0.1,1.33,0.0,0.0,0.0,0.0,0.92,0.09,0.07,0.03,0.23,0.0,0.0,0.24,0.0
0.313963,0.301124,-0.900417,-0.03118,0.242149,-0.969738,0.15,0.283,352.3,353.6,357.5,361.8,363.8,362.8,358.6,354.4,345.0,348.2,352.0,356.3,360.6,363.9,366.3,364.1,360.6,356.4,352.2,348.3,356.2,358.1,359.9,360.5,359.5,357.6,355.8,355.2,406.8,408.0,411.8,415.8,417.8,416.6,412.9,408.6,404.3,407.0,410.5,414.5,418.1,420.8,422.7,421.1,418.6,415.3,411.3,407.3,410.6,412.4,414.1,414.7,413.8,411.9,410.2,409.7,155.4,150.9,148.6,149.9,154.0,158.7,160.8,159.5,155.9,154.7,153.8,152.9,152.6,152.7,153.4,155.3,156.5,157.3,157.4,157.0,156.8,157.4,156.4,154.3,152.4,151.8,152.9,154.9,149.3,145.4,143.7,145.1,148.9,152.8,154.5,153.4,150.3,148.8,147.7,147.4,148.0,149.2,150.8,151.6,151.9,151.8,151.6,151.4,151.2,151.8,151.1,149.3,147.6,146.9,147.7,149.5,-72.7,-71.3,-67.4,-63.1,-61.0,-62.1,-66.4,-70.7,-80.7,-77.1,-72.9,-68.4,-64.1,-60.9,-58.6,-60.7,-64.1,-68.4,-72.8,-77.1,-68.9,-67.0,-65.1,-64.5,-65.4,-67.4,-69.2,-69.9,-16.7,-15.4,-11.3,-6.8,-4.6,-5.9,-10.0,-14.8,-19.5,-16.5,-12.6,-8.2,-4.3,-1.3,0.8,-1.0,-3.8,-7.3,-11.7,-16.1,-12.5,-10.5,-8.7,-8.1,-9.1,-11.1,-13.0,-13.6,-73.7,-78.4,-80.9,-79.7,-75.5,-70.6,-68.3,-69.5,-73.6,-74.5,-75.3,-76.1,-76.6,-76.8,-76.4,-74.1,-72.6,-71.6,-71.5,-72.1,-72.4,-71.9,-73.0,-75.2,-77.1,-77.6,-76.5,-74.3,-84.4,-88.9,-91.0,-89.5,-85.1,-80.6,-78.5,-79.7,-83.3,-84.9,-86.0,-86.5,-86.1,-85.3,-83.8,-82.4,-81.7,-81.4,-81.6,-81.9,-82.5,-81.7,-82.7,-84.7,-86.7,-87.4,-86.4,-84.4,589.5,589.4,590.3,591.7,592.6,593.1,591.8,590.4,592.7,590.4,588.8,588.5,589.7,591.9,594.3,592.1,589.7,588.7,589.2,590.7,591.6,592.2,592.6,592.6,592.2,591.6,591.2,591.2,621.5,623.3,624.9,625.2,624.2,622.4,620.8,620.6,621.5,621.0,621.0,622.0,624.1,627.0,630.0,626.4,623.0,620.6,619.7,620.2,622.6,622.7,623.4,624.2,624.7,624.5,623.9,623.0,-34.7,-37.7,581.2,0.022,-0.116,-0.076,0.63,0.2,1.05,0.0,0.0,0.0,0.0,0.92,0.15,0.04,0.1,0.33,0.0,0.0,0.36,0.0
0.272012,0.299247,-0.914582,0.005678,0.240897,-0.970534,0.146,0.279,352.5,353.7,357.5,361.8,364.1,363.2,359.0,354.7,346.2,349.0,352.6,356.9,361.2,364.6,367.2,365.0,361.4,357.2,353.1,349.3,356.6,358.5,360.2,360.7,359.7,357.9,356.2,355.7,407.8,409.2,412.8,416.6,418.3,417.0,413.3,409.3,405.1,407.6,410.9,414.8,418.4,421.2,423.3,421.4,418.6,415.3,411.4,407.8,411.5,413.1,414.7,415.3,414.5,412.9,411.3,410.7,154.7,150.3,148.0,149.1,153.0,157.6,159.7,158.6,155.4,154.2,153.3,152.2,151.7,151.7,152.1,154.3,155.8,156.9,157.1,156.7,155.8,156.3,155.3,153.3,151.6,151.2,152.2,154.1,148.3,144.7,143.1,144.5,148.2,151.8,153.4,152.3,149.4,148.0,147.0,146.7,147.3,148.4,149.9,150.6,150.8,150.7,150.5,150.3,150.1,150.7,150.0,148.4,146.8,146.2,146.9,148.5,-73.4,-72.1,-68.0,-63.6,-61.4,-62.4,-66.7,-71.2,-80.6,-77.2,-73.2,-68.6,-64.2,-60.8,-58.2,-60.4,-64.0,-68.3,-72.8,-77.0,-69.3,-67.3,-65.6,-65.0,-66.0,-67.9,-69.7,-70.2,-16.6,-15.1,-10.8,-6.4,-4.3,-5.9,-10.1,-14.9,-19.8,-16.9,-13.0,-8.4,-4.2,-0.9,1.5,-0.8,-4.0,-7.9,-12.3,-16.7,-12.4,-10.4,-8.6,-7.9,-8.8,-10.7,-12.6,-13.3,-75.3,-79.9,-82.4,-81.3,-77.4,-72.6,-70.3,-71.4,-75.0,-76.0,-76.7,-77.7,-78.4,-78.7,-78.5,-75.9,-74.1,-72.9,-72.8,-73.4,-74.4,-73.9,-75.0,-77.0,-78.8,-79.2,-78.1,-76.1,-91.0,-95.6,-97.6,-95.8,-91.4,-86.9,-85.0,-86.3,-89.9,-91.4,-92.4,-92.9,-92.4,-91.5,-90.1,-88.8,-88.2,-88.0,-88.2,-88.5,-89.1,-88.3,-89.2,-91.2,-93.1,-93.8,-93.0,-91.0,597.1,596.4,596.6,597.5,598.7,599.7,599.1,598.2,601.0,598.2,596.1,595.3,596.2,598.2,600.5,598.8,596.8,596.2,597.0,598.8,598.9,599.3,599.4,599.1,598.6,598.2,598.1,598.4,662.3,663.8,664.9,664.8,663.8,662.3,661.2,661.4,662.9,661.9,661.4,661.8,663.5,666.1,668.9,665.5,662.6,660.6,660.2,661.3,663.1,663.1,663.5,664.2,664.7,664.7,664.2,663.6,-34.3,-37.7,580.4,0.029,-0.117,-0.073,0.66,0.26,1.03,0.01,0.0,0.0,0.0,0.84,0.14,0.0,0.14,0.33,0.0,0.0,0.38,0.01
0.277054,0.304634,-0.911284,0.012313,0.24446,-0.969581,0.153,0.284,352.2,353.5,357.4,361.8,364.0,363.0,358.7,354.4,345.4,348.5,352.3,356.7,361.1,364.5,367.1,364.9,361.3,357.0,352.7,348.7,356.3,358.2,360.0,360.5,359.6,357.7,355.9,355.4,407.9,409.2,412.9,416.7,418.4,417.1,413.4,409.4,405.1,407.6,410.9,414.8,418.4,421.2,423.3,421.4,418.6,415.3,411.4,407.7,411.5,413.2,414.8,415.4,414.6,413.0,411.3,410.8,154.8,150.3,147.9,149.0,153.0,157.6,159.8,158.7,155.2,154.0,153.2,152.2,151.7,151.6,152.1,154.4,155.9,157.0,157.1,156.6,155.8,156.3,155.3,153.3,151.6,151.1,152.1,154.1,148.3,144.6,143.1,144.5,148.1,151.8,153.4,152.3,149.4,148.0,147.0,146.7,147.3,148.4,149.9,150.6,150.8,150.7,150.5,150.3,150.1,150.8,150.1,148.4,146.8,146.2,146.9,148.5,-71.8,-70.4,-66.3,-62.0,-59.9,-61.0,-65.4,-69.7,-79.2,-75.7,-71.6,-67.0,-62.6,-59.3,-56.8,-59.0,-62.5,-66.8,-71.3,-75.6,-67.8,-65.9,-64.1,-63.5,-64.4,-66.3,-68.1,-68.7,-16.5,-15.0,-10.7,-6.3,-4.2,-5.8,-10.0,-14.8,-19.8,-16.9,-13.0,-8.4,-4.2,-0.9,1.6,-0.7,-3.9,-7.9,-12.3,-16.7,-12.3,-10.3,-8.4,-7.7,-8.6,-10.6,-12.5,-13.2,-73.3,-77.8,-80.2,-79.2,-75.3,-70.7,-68.4,-69.4,-73.3,-74.1,-74.8,-75.6,-76.3,-76.7,-76.5,-73.9,-72.1,-70.9,-70.8,-71.6,-72.4,-72.0,-73.1,-75.0,-76.7,-77.2,-76.1,-74.1,-90.9,-95.4,-97.4,-95.7,-91.3,-86.8,-84.8,-86.1,-89.8,-91.2,-92.3,-92.7,-92.2,-91.3,-89.9,-88.7,-88.0,-87.8,-88.0,-88.4,-88.9,-88.1,-89.0,-91.0,-93.0,-93.7,-92.8,-90.8,581.3,580.4,580.6,581.8,583.2,584.5,583.9,582.7,584.9,582.2,580.2,579.5,580.5,582.7,585.2,583.4,581.4,580.6,581.3,582.9,583.3,583.8,583.9,583.5,582.9,582.4,582.3,582.6,661.1,662.6,663.6,663.6,662.5,661.1,660.0,660.2,661.7,660.7,660.1,660.5,662.2,664.7,667.6,664.2,661.3,659.3,659.0,660.1,661.9,661.8,662.3,663.0,663.4,663.4,663.0,662.3,-34.2,-37.6,579.2,0.031,-0.119,-0.073,0.45,0.16,1.18,0.01,0.0,0.0,0.0,0.9,0.09,0.0,0.27,0.38,0.0,0.0,0.35,0.18
0.236517,0.274687,-0.931991,0.083781,0.23267,-0.96894,0.167,0.261,352.3,353.4,356.9,361.0,363.1,362.3,358.4,354.4,346.3,349.1,352.7,356.8,360.9,364.0,366.4,364.3,361.0,357.1,353.1,349.4,356.1,357.9,359.4,359.9,359.0,357.2,355.7,355.2,409.9,411.4,415.1,419.0,420.6,419.2,415.4,411.3,406.3,408.7,412.0,416.0,419.9,423.2,425.7,423.3,420.1,416.4,412.4,408.8,413.7,415.3,416.9,417.6,416.8,415.2,413.6,412.9,151.9,147.7,145.5,146.5,150.1,154.4,156.5,155.5,152.7,151.5,150.6,149.6,149.2,149.2,149.8,151.6,152.8,153.7,154.0,153.7,152.8,153.2,152.3,150.5,148.9,148.5,149.5,151.3,145.9,142.1,140.5,141.9,145.7,149.4,151.1,149.9,147.0,145.6,144.5,144.1,144.7,145.7,147.1,147.9,148.1,148.1,148.0,147.9,147.6,148.3,147.6,145.9,144.3,143.7,144.4,146.0,-77.8,-76.5,-72.5,-68.2,-65.9,-66.9,-71.2,-75.6,-84.9,-81.5,-77.2,-72.5,-68.1,-64.9,-62.5,-64.7,-68.1,-72.4,-76.9,-81.2,-73.7,-71.8,-70.1,-69.6,-70.5,-72.4,-74.1,-74.6,-13.9,-12.3,-7.9,-3.5,-1.6,-3.3,-7.6,-12.3,-18.1,-15.3,-11.5,-6.9,-2.4,1.3,4.2,1.5,-2.2,-6.4,-11.0,-15.2,-9.6,-7.7,-5.8,-5.1,-6.0,-7.9,-9.7,-10.5,-82.7,-87.2,-89.8,-88.8,-85.0,-80.2,-77.8,-78.8,-82.3,-83.2,-84.0,-85.0,-85.7,-85.9,-85.6,-83.4,-81.7,-80.6,-80.3,-80.8,-81.9,-81.5,-82.6,-84.5,-86.2,-86.6,-85.5,-83.6,-92.3,-96.8,-98.8,-97.0,-92.6,-88.0,-86.1,-87.5,-91.2,-92.6,-93.7,-94.1,-93.6,-92.8,-91.4,-90.1,-89.5,-89.3,-89.5,-89.8,-90.3,-89.5,-90.4,-92.3,-94.3,-95.0,-94.2,-92.2,630.5,629.8,630.1,631.1,632.3,633.4,632.7,631.7,634.1,631.4,629.4,628.8,630.0,632.3,634.9,632.9,630.7,629.8,630.4,632.0,632.3,632.8,632.9,632.6,632.1,631.7,631.5,631.8,650.7,651.9,652.5,652.2,651.1,649.8,649.2,649.7,652.2,650.8,649.6,649.3,650.4,652.6,655.2,652.1,649.5,648.2,648.5,650.2,651.1,651.0,651.2,651.8,652.3,652.4,652.1,651.6,-33.5,-38.2,573.7,0.018,-0.124,-0.067,0.3,0.06,1.29,0.01,0.0,0.0,0.0,0.89,0.02,0.0,0.28,0.43,0.0,0.0,0.36,0.47
0.231975,0.27559,-0.932865,0.103342,0.221378,-0.969697,0.174,0.256,352.6,353.6,357.3,361.3,363.5,362.6,358.7,354.7,346.8,349.5,353.0,357.1,361.2,364.4,366.8,364.7,361.3,357.3,353.4,349.8,356.5,358.2,359.8,360.3,359.4,357.6,356.0,355.5,410.4,411.8,415.6,419.5,421.3,419.9,416.1,411.9,406.5,409.1,412.5,416.6,420.4,423.5,425.8,423.6,420.6,417.0,413.0,409.2,414.2,415.9,417.5,418.1,417.3,415.6,414.0,413.4,150.0,145.8,143.6,144.6,148.3,152.6,154.6,153.6,150.6,149.5,148.6,147.7,147.3,147.3,147.9,149.6,150.8,151.6,151.9,151.6,151.0,151.4,150.4,148.6,147.1,146.6,147.6,149.4,143.9,140.2,138.6,140.2,144.0,147.7,149.3,148.1,145.2,143.7,142.6,142.2,142.9,144.0,145.6,146.3,146.5,146.4,146.2,146.1,145.9,146.5,145.9,144.2,142.6,141.9,142.6,144.2,-77.9,-76.6,-72.6,-68.1,-65.8,-66.9,-71.2,-75.7,-84.9,-81.5,-77.3,-72.6,-68.1,-64.7,-62.3,-64.5,-68.1,-72.5,-77.0,-81.3,-73.8,-71.8,-70.0,-69.5,-70.5,-72.4,-74.2,-74.7,-13.1,-11.5,-7.2,-2.8,-0.8,-2.4,-6.6,-11.4,-17.6,-14.6,-10.7,-6.1,-1.8,1.7,4.3,1.9,-1.6,-5.6,-10.2,-14.4,-8.9,-6.9,-5.1,-4.4,-5.3,-7.2,-9.1,-9.7,-85.3,-89.9,-92.4,-91.3,-87.4,-82.7,-80.3,-81.4,-85.1,-86.0,-86.7,-87.6,-88.2,-88.5,-88.2,-86.0,-84.4,-83.3,-83.1,-83.7,-84.5,-84.0,-85.1,-87.1,-88.8,-89.2,-88.1,-86.2,-92.6,-97.1,-99.1,-97.3,-92.8,-88.3,-86.4,-87.8,-91.4,-92.9,-94.0,-94.4,-93.9,-93.0,-91.6,-90.3,-89.7,-89.5,-89.7,-90.0,-90.6,-89.8,-90.6,-92.6,-94.5,-95.3,-94.5,-92.5,634.3,633.5,633.6,634.4,635.6,636.7,636.3,635.4,638.1,635.3,633.2,632.3,633.4,635.5,637.9,636.0,634.0,633.3,634.0,635.8,636.0,636.4,636.4,636.0,635.5,635.2,635.2,635.5,637.7,639.3,640.6,640.6,639.5,637.9,636.6,636.7,638.8,637.7,637.0,637.2,638.7,641.1,643.8,640.4,637.6,635.8,635.6,637.0,638.5,638.5,639.1,639.8,640.3,640.3,639.7,639.0,-33.0,-39.3,569.8,0.005,-0.129,-0.064,0.17,0.0,1.37,0.0,0.0,0.0,0.0,0.95,0.0,0.0,0.37,0.54,0.0,0.0,0.38,0.77
0.22873,0.274414,-0.934013,0.117094,0.220036,-0.968439,0.18,0.254,352.6,353.7,357.3,361.3,363.4,362.6,358.7,354.7,346.6,349.5,353.2,357.3,361.3,364.4,366.7,364.7,361.5,357.5,353.5,349.8,356.4,358.2,359.7,360.2,359.3,357.6,356.0,355.5,410.6,411.9,415.7,419.6,421.5,420.1,416.4,412.1,406.4,409.1,412.6,416.6,420.4,423.4,425.6,423.6,420.7,417.1,413.1,409.2,414.3,416.0,417.7,418.3,417.5,415.7,414.1,413.5,150.0,145.9,143.6,144.6,148.2,152.6,154.7,153.7,150.8,149.6,148.7,147.7,147.3,147.4,147.9,149.6,150.7,151.6,152.0,151.7,151.0,151.4,150.4,148.6,147.1,146.6,147.6,149.4,143.9,140.1,138.6,140.2,144.0,147.8,149.3,148.1,145.2,143.7,142.6,142.3,142.9,144.0,145.7,146.4,146.5,146.4,146.2,146.2,145.9,146.6,145.9,144.3,142.6,141.9,142.6,144.2,-77.4,-76.1,-72.2,-67.8,-65.6,-66.7,-70.9,-75.3,-84.6,-81.0,-76.7,-72.0,-67.7,-64.5,-62.2,-64.3,-67.6,-71.9,-76.4,-80.8,-73.4,-71.5,-69.8,-69.2,-70.2,-72.1,-73.8,-74.4,-12.8,-11.3,-7.1,-2.7,-0.6,-2.1,-6.3,-11.1,-17.5,-14.5,-10.6,-6.1,-1.8,1.6,4.1,1.8,-1.5,-5.5,-10.0,-14.3,-8.7,-6.7,-4.9,-4.2,-5.1,-7.1,-8.9,-9.6,-84.8,-89.4,-91.9,-91.0,-87.1,-82.4,-79.9,-80.9,-84.4,-85.3,-86.2,-87.2,-87.9,-88.1,-87.8,-85.7,-84.1,-82.9,-82.6,-83.1,-84.0,-83.6,-84.7,-86.7,-88.4,-88.8,-87.7,-85.7,-92.1,-96.6,-98.6,-96.8,-92.4,-87.9,-85.9,-87.3,-90.7,-92.3,-93.5,-93.9,-93.4,-92.5,-91.1,-89.8,-89.2,-89.1,-89.2,-89.5,-90.0,-89.2,-90.1,-92.1,-94.0,-94.8,-93.9,-92.0,630.8,630.2,630.6,631.7,633.0,634.0,633.3,632.1,634.2,631.6,629.8,629.3,630.7,633.0,635.7,633.6,631.3,630.2,630.7,632.2,632.8,633.3,633.5,633.2,632.7,632.2,632.0,632.3,634.0,635.8,637.4,637.6,636.5,634.6,633.1,632.9,634.9,634.0,633.4,633.8,635.4,637.9,640.7,637.3,634.3,632.3,632.0,633.2,635.0,635.1,635.7,636.6,637.1,636.9,636.3,635.5,-33.0,-39.3,569.9,0.008,-0.131,-0.062,0.22,0.0,1.37,0.0,0.0,0.0,0.0,0.99,0.0,0.0,0.36,0.63,0.0,0.0,0.5,0.94
0.237342,0.271417,-0.932739,0.115115,0.224291,-0.967699,0.183,0.255,352.8,353.8,357.3,361.4,363.5,362.7,358.9,354.9,346.9,349.6,353.1,357.2,361.2,364.4,366.7,364.6,361.3,357.4,353.5,349.9,356.6,358.4,359.9,360.4,359.4,357.7,356.1,355.7,410.6,411.9,415.7,419.6,421.4,420.1,416.3,412.1,406.5,409.1,412.6,416.6,420.4,423.4,425.6,423.6,420.7,417.1,413.1,409.3,414.3,416.0,417.6,418.2,417.4,415.7,414.1,413.5,150.0,145.9,143.6,144.6,148.2,152.5,154.6,153.6,150.8,149.7,148.7,147.8,147.3,147.4,148.0,149.6,150.7,151.6,151.9,151.7,151.0,151.4,150.4,148.6,147.0,146.6,147.6,149.4,143.9,140.2,138.6,140.2,144.0,147.7,149.3,148.0,145.2,143.7,142.6,142.3,142.9,144.0,145.6,146.3,146.5,146.4,146.2,146.1,145.9,146.6,145.9,144.2,142.6,141.9,142.6,144.2,-78.4,-77.2,-73.2,-68.7,-66.4,-67.4,-71.6,-76.1,-85.5,-82.1,-77.9,-73.2,-68.8,-65.4,-63.0,-65.2,-68.7,-73.0,-77.5,-81.8,-74.2,-72.3,-70.5,-70.0,-71.0,-73.0,-74.7,-75.2,-12.9,-11.4,-7.2,-2.7,-0.7,-2.2,-6.4,-11.2,-17.6,-14.6,-10.6,-6.1,-1.9,1.5,4.1,1.8,-1.5,-5.5,-10.1,-14.4,-8.7,-6.8,-4.9,-4.3,-5.2,-7.1,-9.0,-9.6,-86.0,-90.6,-93.2,-92.2,-88.3,-83.5,-81.1,-82.1,-85.7,-86.6,-87.4,-88.3,-89.0,-89.2,-88.8,-86.7,-85.2,-84.1,-83.8,-84.3,-85.2,-84.8,-85.9,-87.9,-89.6,-90.0,-88.9,-86.9,-92.7,-97.3,-99.2,-97.5,-93.0,-88.5,-86.6,-87.9,-91.4,-93.0,-94.1,-94.6,-94.1,-93.2,-91.8,-90.5,-89.9,-89.7,-89.9,-90.1,-90.7,-89.9,-90.8,-92.7,-94.7,-95.5,-94.6,-92.6,639.9,639.3,639.5,640.3,641.4,642.4,641.8,640.9,643.6,640.9,638.9,638.1,639.2,641.3,643.8,641.8,639.7,638.9,639.6,641.4,641.6,642.0,642.1,641.8,641.4,641.0,640.9,641.1,638.5,640.3,641.8,642.0,640.9,639.1,637.7,637.5,639.5,638.5,638.0,638.3,639.9,642.4,645.2,641.8,638.8,636.9,636.6,637.8,639.5,639.6,640.2,641.0,641.5,641.4,640.8,640.0,-33.0,-39.4,570.6,0.01,-0.131,-0.062,0.27,0.08,1.08,0.03,0.0,0.0,0.0,0.86,0.07,0.13,0.62,0.76,0.0,0.17,0.34,0.9
0.266545,0.239887,-0.933492,0.130473,0.184352,-0.974162,0.205,0.219,353.5,354.5,358.1,362.1,364.3,363.6,359.8,355.7,347.3,350.2,353.8,357.9,361.9,365.1,367.4,365.4,362.2,358.3,354.2,350.5,357.4,359.1,360.6,361.1,360.1,358.4,356.9,356.4,411.0,412.2,415.8,419.7,421.6,420.4,416.8,412.6,407.1,409.6,413.0,416.9,420.7,423.7,425.9,423.9,421.1,417.6,413.6,409.8,414.7,416.4,417.9,418.4,417.6,415.9,414.4,413.8,148.0,143.7,141.4,142.4,146.1,150.5,152.6,151.6,149.1,147.8,146.6,145.6,145.1,145.3,146.0,147.6,148.7,149.6,150.1,150.0,149.0,149.4,148.4,146.6,145.0,144.5,145.5,147.4,141.1,137.4,135.8,137.3,140.9,144.6,146.2,145.1,142.6,141.1,139.8,139.4,139.9,141.0,142.6,143.3,143.5,143.5,143.4,143.4,142.9,143.6,142.9,141.3,139.7,139.1,139.7,141.4,-75.9,-74.8,-70.9,-66.6,-64.3,-65.1,-69.3,-73.6,-83.3,-79.8,-75.6,-70.9,-66.6,-63.4,-61.1,-63.1,-66.4,-70.6,-75.1,-79.5,-71.9,-70.0,-68.3,-67.9,-68.9,-70.7,-72.4,-72.9,-12.6,-11.3,-7.1,-2.7,-0.5,-1.9,-6.0,-10.8,-17.1,-14.2,-10.3,-5.8,-1.5,1.9,4.5,2.2,-1.1,-5.1,-9.6,-13.9,-8.4,-6.5,-4.7,-4.1,-5.0,-7.0,-8.8,-9.4,-86.5,-91.2,-93.9,-93.0,-89.0,-84.1,-81.7,-82.6,-85.8,-86.9,-87.9,-89.0,-89.7,-89.9,-89.5,-87.3,-85.8,-84.6,-84.2,-84.5,-85.7,-85.3,-86.4,-88.5,-90.2,-90.6,-89.4,-87.4,-97.1,-101.7,-103.7,-102.1,-97.7,-93.2,-91.2,-92.4,-95.6,-97.2,-98.5,-99.1,-98.7,-97.9,-96.4,-95.1,-94.5,-94.2,-94.2,-94.4,-95.2,-94.5,-95.4,-97.4,-99.3,-100.0,-99.1,-97.1,626.8,626.5,627.2,628.3,629.2,629.8,628.8,627.7,630.2,627.7,625.9,625.5,626.9,629.2,631.7,629.6,627.2,626.1,626.5,628.1,628.7,629.2,629.4,629.4,628.9,628.5,628.2,628.3,646.8,648.7,650.1,650.3,649.2,647.3,645.8,645.7,647.6,646.7,646.2,646.6,648.2,650.7,653.5,650.1,647.1,645.1,644.8,645.9,647.7,647.8,648.5,649.3,649.8,649.7,649.1,648.3,-31.6,-41.3,563.0,-0.043,-0.154,-0.078,0.35,0.17,0.86,0.12,0.0,0.0,0.0,0.69,0.12,0.25,0.84,0.85,0.0,0.33,0.19,0.88
0.269533,0.233956,-0.93414,0.136511,0.179561,-0.974229,0.21,0.213,353.6,354.6,358.1,362.1,364.3,363.6,359.8,355.7,347.3,350.2,353.8,358.0,362.0,365.1,367.4,365.4,362.2,358.3,354.3,350.5,357.4,359.1,360.7,361.1,360.2,358.4,356.9,356.5,411.0,412.2,415.8,419.6,421.5,420.3,416.7,412.6,407.0,409.6,412.9,416.9,420.6,423.5,425.7,423.8,421.0,417.5,413.6,409.8,414.6,416.3,417.9,418.4,417.6,415.9,414.3,413.8,148.0,143.7,141.4,142.4,146.1,150.5,152.6,151.6,149.1,147.8,146.6,145.6,145.1,145.3,146.0,147.6,148.7,149.6,150.1,149.9,149.0,149.4,148.4,146.5,145.0,144.5,145.5,147.4,141.1,137.4,135.8,137.3,141.0,144.7,146.2,145.1,142.6,141.0,139.8,139.4,140.0,141.0,142.6,143.3,143.5,143.5,143.4,143.4,142.9,143.6,142.9,141.3,139.7,139.1,139.7,141.4,-75.9,-74.8,-71.0,-66.6,-64.3,-65.2,-69.3,-73.7,-83.3,-79.8,-75.6,-70.9,-66.7,-63.4,-61.1,-63.1,-66.4,-70.7,-75.2,-79.5,-71.9,-70.1,-68.4,-67.9,-68.9,-70.8,-72.5,-72.9,-12.6,-11.3,-7.2,-2.7,-0.5,-1.9,-6.0,-10.8,-17.2,-14.3,-10.4,-5.8,-1.6,1.8,4.3,2.1,-1.2,-5.1,-9.6,-14.0,-8.5,-6.5,-4.7,-4.1,-5.1,-7.0,-8.8,-9.4,-86.6,-91.3,-93.9,-93.0,-89.1,-84.2,-81.8,-82.7,-85.8,-87.0,-88.0,-89.1,-89.8,-89.9,-89.6,-87.4,-85.9,-84.7,-84.3,-84.6,-85.8,-85.4,-86.5,-88.6,-90.3,-90.7,-89.5,-87.5,-97.3,-101.9,-103.9,-102.3,-97.9,-93.4,-91.4,-92.6,-95.8,-97.4,-98.7,-99.3,-98.9,-98.1,-96.6,-95.3,-94.7,-94.4,-94.4,-94.6,-95.4,-94.7,-95.6,-97.6,-99.4,-100.2,-99.3,-97.3,627.3,627.1,627.7,628.8,629.8,630.4,629.4,628.3,630.7,628.2,626.5,626.1,627.5,629.8,632.4,630.2,627.8,626.7,627.1,628.6,629.3,629.8,630.0,629.9,629.5,629.0,628.8,628.9,648.0,649.9,651.5,651.8,650.7,648.8,647.2,647.0,648.8,648.0,647.5,647.9,649.7,652.3,655.1,651.6,648.5,646.5,646.1,647.2,649.1,649.2,649.9,650.7,651.2,651.1,650.4,649.6,-31.5,-41.2,562.3,-0.051,-0.156,-0.081,0.44,0.24,0.73,0.12,0.0,0.0,0.0,0.55,0.26,0.37,1.1,0.94,0.0,0.51,0.0,0.97
0.277013,0.23597,-0.931441,0.150402,0.175804,-0.972868,0.221,0.213,353.6,354.5,358.1,362.2,364.5,363.8,360.0,355.8,347.4,350.4,354.1,358.3,362.3,365.5,367.8,365.9,362.7,358.7,354.6,350.7,357.5,359.3,360.8,361.2,360.2,358.5,356.9,356.5,411.4,412.6,416.1,420.0,422.0,420.9,417.3,413.1,407.6,410.2,413.5,417.4,421.1,424.0,426.2,424.3,421.6,418.1,414.2,410.4,415.1,416.8,418.4,418.9,418.0,416.3,414.8,414.3,148.5,144.1,141.8,142.7,146.5,151.0,153.2,152.2,149.7,148.3,147.0,145.9,145.5,145.7,146.4,148.1,149.2,150.1,150.6,150.6,149.5,149.9,148.9,147.0,145.4,145.0,146.0,147.9,140.8,137.1,135.4,136.8,140.4,144.1,145.8,144.8,142.3,140.7,139.5,139.0,139.5,140.4,141.9,142.7,142.9,143.0,143.0,143.0,142.6,143.2,142.4,140.8,139.2,138.6,139.4,141.0,-74.6,-73.5,-69.7,-65.3,-62.9,-63.7,-67.8,-72.2,-81.7,-78.2,-73.9,-69.3,-65.1,-61.9,-59.5,-61.5,-64.7,-68.9,-73.4,-77.9,-70.5,-68.6,-67.0,-66.5,-67.5,-69.4,-71.1,-71.5,-12.2,-10.9,-6.8,-2.3,-0.0,-1.3,-5.4,-10.2,-16.6,-13.6,-9.8,-5.2,-1.0,2.4,4.9,2.7,-0.5,-4.4,-8.9,-13.3,-7.9,-6.0,-4.2,-3.6,-4.6,-6.6,-8.4,-8.9,-84.5,-89.2,-91.9,-91.0,-87.0,-82.1,-79.6,-80.5,-83.6,-84.8,-85.9,-87.1,-87.7,-87.9,-87.5,-85.3,-83.8,-82.6,-82.1,-82.4,-83.6,-83.2,-84.4,-86.4,-88.1,-88.5,-87.4,-85.3,-98.1,-102.7,-104.9,-103.4,-99.0,-94.4,-92.3,-93.4,-96.6,-98.3,-99.6,-100.2,-100.0,-99.2,-97.9,-96.5,-95.8,-95.4,-95.4,-95.4,-96.3,-95.6,-96.6,-98.6,-100.5,-101.1,-100.2,-98.2,615.8,615.7,616.4,617.5,618.2,618.7,617.6,616.6,619.1,616.7,615.0,614.7,616.1,618.5,621.1,618.8,616.4,615.2,615.4,616.9,617.7,618.1,618.4,618.4,618.1,617.6,617.3,617.3,651.1,652.9,654.4,654.8,653.7,651.9,650.3,650.1,651.8,651.0,650.5,651.0,652.7,655.3,658.2,654.7,651.6,649.6,649.2,650.2,652.1,652.3,652.9,653.7,654.2,654.1,653.4,652.6,-30.2,-40.3,554.7,-0.056,-0.188,-0.093,0.37,0.34,0.85,0.08,0.0,0.0,0.0,0.99,0.55,0.59,0.74,0.85,0.0,0.34,0.11,1.24
0.397017,0.278035,-0.874685,0.11117,0.280688,-0.953339,0.271,0.297,358.0,358.5,362.0,366.4,369.2,368.9,365.2,360.8,350.1,353.5,357.5,361.7,365.9,369.3,371.8,369.8,366.5,362.4,358.0,353.8,362.1,364.0,365.5,365.7,364.5,362.6,361.1,360.9,413.6,414.8,418.4,422.3,424.2,423.0,419.4,415.3,410.5,412.9,416.2,420.1,423.9,427.1,429.5,427.4,424.3,420.7,416.8,413.2,417.4,419.1,420.7,421.2,420.4,418.7,417.1,416.6,151.7,147.4,145.2,146.4,150.2,154.9,156.7,155.5,154.6,152.7,151.0,149.7,149.4,149.9,150.6,151.1,151.2,151.7,152.7,153.8,153.3,153.8,152.9,151.0,149.4,148.9,149.8,151.6,143.5,139.5,137.5,138.8,142.5,146.5,148.5,147.5,144.4,143.1,142.1,141.5,141.6,142.0,142.8,144.2,145.1,145.6,145.7,145.5,144.9,145.4,144.6,142.8,141.2,140.7,141.5,143.3,-65.8,-65.5,-62.1,-57.7,-54.8,-54.8,-58.5,-62.9,-74.2,-70.5,-66.3,-62.0,-57.9,-54.6,-52.2,-54.0,-57.1,-61.2,-65.7,-70.2,-61.8,-59.8,-58.4,-58.3,-59.5,-61.4,-62.9,-63.0,-9.7,-8.3,-4.2,0.4,2.6,1.2,-3.0,-7.8,-13.3,-10.5,-6.7,-2.2,2.3,5.9,8.8,6.2,2.7,-1.5,-6.0,-10.2,-5.3,-3.3,-1.5,-0.9,-1.9,-3.8,-5.6,-6.2,-76.4,-81.1,-83.7,-82.6,-78.5,-73.5,-71.3,-72.3,-73.7,-75.4,-77.1,-78.4,-79.0,-78.9,-78.4,-77.5,-77.1,-76.2,-75.2,-74.2,-75.0,-74.5,-75.6,-77.6,-79.4,-79.9,-78.7,-76.7,-95.7,-100.3,-102.6,-101.1,-96.8,-92.2,-89.9,-91.0,-94.8,-96.0,-97.0,-97.7,-97.8,-97.7,-97.2,-95.1,-93.7,-93.0,-92.9,-93.3,-94.2,-93.6,-94.6,-96.6,-98.4,-99.1,-98.1,-96.1,580.9,583.1,585.4,586.5,585.8,583.9,581.3,580.1,583.1,581.6,580.8,581.2,582.9,585.4,587.9,584.8,581.9,580.1,579.8,581.0,582.7,583.2,584.2,585.2,585.5,585.0,584.0,583.0,655.2,655.3,655.5,655.5,655.4,655.3,655.1,655.4,656.6,654.9,653.6,653.3,654.7,657.2,660.1,657.3,654.8,653.3,653.4,654.9,656.1,656.1,656.1,656.2,656.3,656.2,656.2,656.1,-24.6,-35.6,536.7,0.026,-0.23,-0.121,0.32,0.52,0.89,0.0,0.05,0.0,0.0,1.66,0.9,1.04,0.39,0.82,0.0,0.18,0.3,1.56
0.387662,0.289495,-0.875163,0.116891,0.293774,-0.948701,0.27,0.31,358.2,358.7,362.0,366.2,368.9,368.7,365.2,360.9,350.3,353.7,357.7,361.9,365.9,369.0,371.4,369.6,366.5,362.5,358.1,354.0,362.1,364.0,365.4,365.6,364.4,362.6,361.2,361.0,413.5,414.7,418.4,422.4,424.3,423.1,419.4,415.2,410.3,412.9,416.2,420.2,424.0,427.1,429.4,427.3,424.3,420.8,416.8,413.0,417.4,419.1,420.7,421.2,420.4,418.6,417.1,416.5,151.8,147.5,145.3,146.5,150.3,154.9,156.7,155.6,154.5,152.7,151.1,149.8,149.5,149.9,150.6,151.1,151.2,151.8,152.8,153.8,153.3,153.8,152.9,151.0,149.4,148.9,149.8,151.7,143.4,139.3,137.4,138.7,142.5,146.5,148.5,147.5,144.3,143.1,142.1,141.6,141.7,142.1,142.9,144.3,145.1,145.5,145.6,145.4,144.8,145.4,144.6,142.8,141.2,140.6,141.4,143.2,-66.8,-66.5,-63.3,-59.0,-56.1,-56.1,-59.6,-63.9,-75.3,-71.6,-67.3,-63.0,-59.0,-55.9,-53.7,-55.3,-58.3,-62.3,-66.7,-71.2,-62.9,-61.0,-59.6,-59.5,-60.8,-62.6,-64.0,-64.1,-9.7,-8.3,-4.1,0.4,2.7,1.2,-3.0,-7.8,-13.4,-10.5,-6.6,-2.0,2.3,5.8,8.6,6.1,2.7,-1.4,-6.0,-10.2,-5.3,-3.4,-1.5,-0.9,-1.9,-3.8,-5.7,-6.3,-77.7,-82.4,-85.1,-84.1,-80.0,-74.9,-72.6,-73.7,-75.1,-76.8,-78.4,-79.8,-80.4,-80.3,-79.9,-79.0,-78.5,-77.6,-76.5,-75.6,-76.4,-75.9,-77.0,-79.1,-80.9,-81.3,-80.2,-78.1,-94.5,-99.1,-101.4,-100.0,-95.6,-90.9,-88.7,-89.8,-93.5,-94.7,-95.7,-96.3,-96.4,-96.3,-95.9,-93.9,-92.5,-91.8,-91.7,-92.1,-93.0,-92.3,-93.3,-95.3,-97.2,-97.9,-96.9,-94.8,591.6,593.6,596.1,597.5,597.0,595.2,592.5,591.1,593.5,592.1,591.4,592.0,594.0,596.6,599.3,596.1,593.1,591.0,590.6,591.5,593.7,594.3,595.3,596.2,596.4,595.8,594.8,593.9,646.1,646.5,646.9,647.1,647.1,646.7,646.3,646.3,647.3,645.8,644.7,644.7,646.3,648.9,652.0,649.0,646.3,644.6,644.5,645.8,647.2,647.3,647.5,647.6,647.7,647.6,647.4,647.2,-24.0,-35.6,535.4,0.035,-0.218,-0.141,0.21,0.47,0.73,0.32,0.05,0.0,0.0,2.22,1.18,1.42,0.0,0.55,0.0,0.0,0.68,1.54
0.194651,0.279386,-0.940242,0.066662,0.357371,-0.93158,0.139,0.328,355.8,356.6,360.5,365.2,368.0,367.6,363.2,358.5,352.2,354.3,357.6,362.2,367.2,371.4,374.8,372.0,367.9,363.4,359.0,355.2,360.7,362.7,364.4,364.7,363.5,361.5,359.9,359.5,413.1,414.1,418.1,422.7,425.2,424.2,420.2,415.2,410.7,413.9,417.9,422.3,425.8,428.2,429.6,428.6,426.6,423.4,419.1,414.5,417.1,419.3,421.1,421.6,420.4,418.3,416.4,415.9,155.1,150.1,147.2,147.9,151.8,157.0,159.7,159.0,158.3,155.0,152.2,150.1,149.7,150.8,153.0,154.5,155.5,156.7,157.8,158.5,156.0,156.3,155.0,152.9,151.2,150.9,152.2,154.3,145.7,140.8,138.3,139.7,144.2,149.2,151.6,150.6,146.5,144.3,142.7,142.0,142.3,143.3,144.9,146.2,146.9,147.3,147.5,147.5,147.6,148.3,147.1,144.8,142.7,142.0,143.1,145.5,-62.9,-62.2,-58.5,-53.9,-51.1,-51.4,-55.6,-60.2,-66.7,-64.5,-61.0,-56.6,-51.9,-47.9,-44.8,-47.4,-51.1,-55.3,-59.6,-63.5,-58.2,-56.3,-54.7,-54.4,-55.5,-57.5,-59.1,-59.4,-8.3,-7.4,-3.7,0.6,3.0,2.0,-1.7,-6.3,-10.5,-7.5,-3.8,0.2,3.6,5.8,7.2,6.2,4.3,1.3,-2.7,-7.0,-4.5,-2.5,-0.8,-0.4,-1.5,-3.5,-5.2,-5.7,-67.4,-72.2,-75.0,-74.1,-70.2,-65.2,-62.7,-63.5,-64.7,-67.6,-69.9,-71.8,-72.2,-71.2,-69.3,-67.7,-66.6,-65.4,-64.6,-64.2,-66.5,-66.1,-67.3,-69.3,-71.0,-71.4,-70.2,-68.2,-74.7,-79.4,-82.1,-80.9,-76.8,-72.0,-69.4,-70.2,-73.9,-75.9,-77.5,-78.5,-78.6,-78.3,-77.2,-75.5,-74.3,-73.4,-73.0,-72.9,-73.2,-72.7,-73.9,-76.2,-78.1,-78.7,-77.4,-75.2,537.2,537.8,537.4,536.2,534.9,534.4,534.6,535.8,540.3,537.9,535.6,534.3,534.5,535.6,536.8,535.1,533.6,533.4,534.7,537.3,536.7,536.2,536.0,536.3,536.9,537.4,537.6,537.3,525.5,526.7,528.6,530.2,530.5,529.4,527.4,526.0,525.1,525.1,525.9,527.8,530.9,534.6,538.2,534.4,530.6,527.4,525.5,524.9,527.8,528.5,529.4,530.0,529.8,529.1,528.2,527.6,-22.0,-35.8,540.6,0.079,-0.284,-0.168,0.32,0.33,0.66,0.58,0.05,0.0,0.0,2.41,1.26,1.72,0.0,0.33,0.0,0.0,1.05,1.4
0.202417,0.306742,-0.93002,0.070262,0.37491,-0.924395,0.146,0.352,355.7,356.5,360.5,365.3,368.0,367.6,363.2,358.4,352.2,354.2,357.5,362.0,367.0,371.4,374.9,372.0,367.8,363.2,358.9,355.1,360.6,362.7,364.4,364.8,363.6,361.5,359.8,359.5,413.0,413.9,418.0,422.7,425.3,424.3,420.3,415.2,410.6,413.9,417.9,422.3,425.9,428.2,429.6,428.7,426.7,423.6,419.2,414.5,417.1,419.3,421.2,421.6,420.4,418.2,416.3,415.8,155.6,150.5,147.5,148.2,152.3,157.6,160.4,159.7,158.6,155.5,152.9,150.8,150.2,151.1,153.0,154.6,155.8,157.1,158.2,158.8,156.6,156.9,155.6,153.4,151.7,151.3,152.6,154.8,145.5,140.4,137.9,139.3,143.9,149.0,151.5,150.5,146.3,144.1,142.5,141.7,142.0,143.0,144.7,145.9,146.5,147.0,147.1,147.2,147.4,148.1,146.9,144.5,142.3,141.7,142.9,145.2,-62.4,-61.7,-57.9,-53.3,-50.5,-50.9,-55.1,-59.7,-66.1,-63.9,-60.5,-56.1,-51.4,-47.4,-44.2,-46.8,-50.6,-54.9,-59.1,-63.0,-57.7,-55.7,-54.1,-53.8,-54.9,-56.9,-58.5,-58.9,-8.2,-7.3,-3.7,0.6,3.0,2.1,-1.6,-6.2,-10.3,-7.4,-3.8,0.3,3.6,5.8,7.1,6.2,4.3,1.4,-2.6,-6.8,-4.5,-2.5,-0.7,-0.3,-1.5,-3.5,-5.2,-5.6,-66.3,-71.1,-73.9,-73.0,-69.0,-64.0,-61.4,-62.3,-63.8,-66.4,-68.6,-70.4,-70.9,-70.2,-68.5,-66.8,-65.6,-64.4,-63.5,-63.3,-65.3,-64.9,-66.1,-68.2,-69.9,-70.3,-69.1,-67.0,-73.2,-78.0,-80.6,-79.5,-75.4,-70.6,-68.0,-68.7,-72.3,-74.4,-76.0,-77.0,-77.2,-76.8,-75.7,-74.1,-73.0,-72.1,-71.7,-71.5,-71.8,-71.2,-72.5,-74.7,-76.7,-77.2,-76.0,-73.7,531.9,532.4,531.7,530.4,529.0,528.7,529.2,530.5,535.2,532.5,530.1,528.6,528.6,529.6,530.8,529.1,527.8,527.8,529.3,532.1,531.3,530.7,530.4,530.6,531.2,531.8,532.1,531.9,513.6,514.9,516.9,518.5,518.8,517.6,515.6,514.0,513.1,513.2,514.1,516.2,519.3,523.0,526.7,522.8,519.0,515.7,513.7,513.0,515.9,516.7,517.7,518.3,518.1,517.3,516.4,515.8,-21.8,-35.9,540.2,0.102,-0.284,-0.18,0.37,0.22,0.52,1.09,0.0,0.0,0.0,2.2,1.16,1.63,0.0,0.05,0.0,0.0,1.3,1.11
0.21156,0.266628,-0.940294,0.055719,0.322314,-0.944991,0.141,0.303,354.9,355.8,359.8,364.6,367.4,367.0,362.5,357.7,351.1,353.4,357.0,361.5,366.5,370.7,374.1,371.2,367.1,362.6,358.1,354.2,359.9,361.9,363.7,364.0,362.8,360.8,359.0,358.7,411.6,412.6,417.0,422.1,425.0,424.0,419.7,414.2,409.1,412.0,415.9,420.9,425.5,428.9,431.3,429.5,426.7,422.8,418.0,413.1,416.4,418.8,420.8,421.3,419.9,417.5,415.4,415.0,152.9,147.9,144.9,145.7,149.8,155.1,157.8,157.0,155.8,153.0,150.6,148.8,148.4,149.2,151.0,152.6,153.6,154.8,155.7,156.2,153.9,154.3,153.0,150.9,149.1,148.8,150.0,152.2,142.7,137.5,134.8,136.1,140.6,145.8,148.6,147.8,145.0,141.8,139.3,137.9,138.2,139.5,141.9,143.3,144.2,144.9,145.4,145.7,144.6,145.2,143.9,141.4,139.3,138.7,140.0,142.4,-63.5,-62.7,-58.9,-54.2,-51.5,-51.8,-56.1,-60.7,-67.5,-65.0,-61.4,-56.9,-52.3,-48.4,-45.4,-47.9,-51.6,-55.9,-60.2,-64.2,-58.8,-56.8,-55.1,-54.8,-56.0,-58.0,-59.6,-60.0,-8.9,-8.1,-4.4,0.1,2.6,1.8,-2.0,-6.7,-11.1,-8.6,-5.2,-0.9,3.1,6.0,8.1,6.6,4.1,0.7,-3.5,-7.6,-4.9,-2.8,-1.0,-0.6,-1.8,-3.9,-5.7,-6.1,-69.2,-74.0,-76.7,-75.8,-71.8,-66.8,-64.3,-65.2,-66.9,-69.2,-71.1,-72.7,-73.1,-72.5,-71.0,-69.3,-68.1,-66.9,-66.2,-66.1,-68.2,-67.8,-69.0,-71.0,-72.8,-73.1,-72.0,-69.9,-71.9,-76.5,-79.1,-78.1,-74.1,-69.4,-66.9,-67.5,-69.9,-72.6,-74.8,-76.2,-76.3,-75.6,-74.1,-72.3,-71.0,-70.0,-69.4,-69.2,-70.5,-70.0,-71.2,-73.4,-75.3,-75.8,-74.6,-72.4,534.9,535.3,534.9,533.8,532.8,532.5,532.7,533.8,538.2,535.6,533.2,531.9,532.2,533.4,534.9,533.2,531.7,531.4,532.7,535.2,534.6,534.2,534.0,534.2,534.6,535.1,535.3,535.1,487.8,489.0,490.3,491.0,490.7,489.6,488.2,487.7,487.6,487.2,487.3,488.4,491.0,494.2,497.4,493.8,490.5,487.9,486.7,486.9,489.2,489.6,490.2,490.8,490.9,490.6,489.9,489.4,-22.0,-38.9,540.3,0.08,-0.28,-0.203,0.53,0.4,0.49,0.95,0.0,0.0,0.0,1.85,0.97,1.84,0.44,0.13,0.0,0.0,1.21,1.13
0.402851,0.263665,-0.876466,0.151893,0.295613,-0.943155,0.296,0.298,354.7,355.2,359.0,363.8,366.9,366.7,362.6,357.8,347.3,350.6,354.8,359.4,363.8,367.4,370.0,368.0,364.6,360.3,355.7,351.2,359.2,361.4,363.1,363.4,361.9,359.7,358.0,357.7,411.9,412.9,416.5,420.6,422.8,421.8,418.2,413.8,408.7,411.6,415.3,419.3,422.8,425.2,426.8,425.6,423.4,420.2,416.2,412.0,415.6,417.5,419.1,419.5,418.5,416.7,415.1,414.6,149.3,144.5,141.9,143.0,147.1,152.2,154.5,153.4,152.4,149.9,147.7,146.1,145.8,146.6,148.1,149.1,149.6,150.5,151.4,152.2,150.9,151.4,150.2,148.0,146.1,145.6,146.8,149.0,138.8,134.4,132.2,133.5,137.6,142.0,144.2,143.2,140.2,138.5,137.1,136.4,136.5,137.1,138.3,139.7,140.6,141.2,141.3,141.3,140.4,141.0,140.0,138.1,136.3,135.7,136.7,138.6,-63.2,-63.0,-59.7,-55.2,-52.2,-52.3,-55.8,-60.3,-70.4,-67.1,-63.2,-58.9,-54.9,-51.8,-49.5,-51.1,-54.0,-57.9,-62.2,-66.5,-59.2,-57.2,-55.7,-55.5,-56.9,-59.0,-60.5,-60.6,-10.5,-9.5,-5.8,-1.5,0.8,-0.2,-3.9,-8.5,-13.9,-10.8,-7.0,-2.8,0.9,3.4,5.1,3.8,1.4,-1.8,-6.0,-10.4,-6.7,-4.8,-3.1,-2.6,-3.7,-5.6,-7.2,-7.7,-72.1,-76.8,-79.6,-78.8,-74.8,-69.7,-67.3,-68.2,-69.4,-71.6,-73.6,-75.2,-75.7,-75.3,-74.2,-72.8,-71.9,-70.9,-70.0,-69.3,-70.8,-70.4,-71.6,-73.8,-75.7,-76.1,-74.8,-72.6,-90.8,-95.5,-98.1,-97.0,-92.8,-88.0,-85.5,-86.2,-89.3,-91.0,-92.5,-93.5,-93.8,-93.7,-93.1,-91.0,-89.5,-88.5,-88.1,-88.1,-89.5,-88.9,-90.1,-92.2,-94.1,-94.6,-93.4,-91.3,531.1,532.9,535.0,536.2,535.7,534.1,531.7,530.5,532.9,531.6,531.0,531.6,533.4,535.7,537.9,535.1,532.2,530.3,530.0,531.0,532.8,533.4,534.3,535.2,535.4,534.9,533.9,533.1,588.3,589.3,591.1,592.6,592.9,591.9,590.1,588.8,588.2,587.8,588.0,589.5,592.3,595.9,599.5,595.9,592.3,589.4,587.8,587.7,590.5,591.2,592.0,592.4,592.3,591.6,590.8,590.4,-24.3,-42.0,542.5,0.044,-0.263,-0.215,0.68,0.61,0.38,0.86,0.0,0.0,0.0,1.39,0.75,1.85,0.85,0.22,0.0,0.0,1.0,1.13
0.377338,0.273334,-0.884819,0.148262,0.298416,-0.94285,0.28,0.303,353.8,354.5,358.6,363.5,366.5,366.1,361.8,356.8,347.0,350.2,354.3,358.9,363.6,367.3,370.1,367.9,364.2,359.8,355.1,350.7,358.4,360.7,362.6,362.9,361.5,359.2,357.4,357.0,411.8,412.8,416.4,420.5,422.8,421.8,418.2,413.7,408.6,411.5,415.2,419.3,422.8,425.2,426.8,425.6,423.4,420.2,416.2,412.0,415.6,417.4,419.0,419.4,418.4,416.6,415.0,414.6,149.6,144.7,142.0,143.0,147.2,152.5,154.8,153.8,152.4,150.0,147.8,146.3,145.9,146.6,148.0,149.3,150.0,150.9,151.8,152.4,151.2,151.7,150.4,148.2,146.2,145.7,147.0,149.2,138.8,134.4,132.2,133.5,137.6,142.0,144.2,143.2,140.3,138.5,137.1,136.3,136.5,137.1,138.3,139.7,140.6,141.2,141.4,141.4,140.4,141.0,140.0,138.0,136.3,135.7,136.7,138.6,-63.9,-63.4,-59.8,-55.2,-52.3,-52.6,-56.5,-61.0,-70.6,-67.4,-63.4,-59.1,-54.9,-51.6,-49.1,-51.0,-54.2,-58.2,-62.6,-66.9,-59.7,-57.6,-55.9,-55.7,-57.0,-59.2,-60.8,-61.1,-10.6,-9.6,-5.9,-1.6,0.8,-0.2,-4.0,-8.6,-13.9,-10.8,-7.0,-2.8,0.8,3.4,5.1,3.8,1.4,-1.8,-6.0,-10.4,-6.7,-4.8,-3.1,-2.7,-3.7,-5.6,-7.3,-7.7,-71.6,-76.4,-79.2,-78.3,-74.3,-69.2,-66.7,-67.6,-69.3,-71.4,-73.2,-74.7,-75.3,-74.9,-73.8,-72.3,-71.3,-70.2,-69.4,-69.0,-70.3,-69.9,-71.2,-73.4,-75.3,-75.7,-74.4,-72.2,-90.3,-95.0,-97.6,-96.5,-92.3,-87.6,-85.0,-85.8,-88.7,-90.5,-92.0,-93.1,-93.4,-93.3,-92.6,-90.5,-89.0,-88.0,-87.6,-87.6,-89.0,-88.5,-89.6,-91.8,-93.6,-94.1,-93.0,-90.8,529.6,531.2,532.8,533.4,532.8,531.5,529.7,529.0,532.1,530.5,529.4,529.6,531.1,533.1,535.1,532.5,529.9,528.4,528.6,530.0,531.0,531.3,532.0,532.8,533.1,532.8,532.0,531.3,585.5,586.5,588.3,589.7,590.0,589.0,587.2,585.9,585.4,584.9,585.2,586.7,589.5,593.1,596.7,593.0,589.4,586.5,585.0,584.9,587.7,588.3,589.1,589.6,589.4,588.8,588.0,587.5,-24.3,-42.0,541.8,0.051,-0.264,-0.218,0.83,0.62,0.42,0.52,0.09,0.0,0.0,1.08,0.69,2.19,1.34,0.38,0.0,0.0,0.7,1.24
0.457472,0.282321,-0.843217,0.16631,0.320263,-0.932616,0.338,0.327,355.0,356.1,359.9,364.3,366.7,365.8,361.7,357.3,346.3,349.7,354.0,358.9,363.5,366.8,369.2,367.1,363.7,359.3,354.6,350.2,358.9,360.9,362.6,363.1,362.0,360.1,358.4,357.9,411.7,412.8,416.4,420.5,422.6,421.6,417.9,413.5,408.1,411.0,414.6,418.7,422.3,424.9,426.7,425.3,422.8,419.5,415.4,411.3,415.5,417.3,418.9,419.3,418.4,416.6,415.0,414.5,151.4,146.5,143.9,144.9,149.1,154.2,156.6,155.5,153.4,151.7,150.2,148.8,148.3,148.6,149.4,151.3,152.6,153.8,154.4,154.3,152.6,153.0,151.8,149.7,147.8,147.4,148.6,150.7,140.8,136.5,134.3,135.6,139.6,144.0,146.1,145.1,142.1,140.5,139.2,138.5,138.7,139.2,140.2,141.7,142.7,143.3,143.4,143.2,142.3,142.9,142.0,140.1,138.3,137.7,138.7,140.6,-63.7,-62.6,-59.1,-55.1,-53.0,-53.9,-57.6,-61.6,-72.3,-68.8,-64.5,-59.9,-55.7,-52.8,-50.8,-52.6,-55.6,-59.6,-64.1,-68.4,-60.2,-58.4,-56.8,-56.4,-57.3,-59.1,-60.7,-61.1,-10.9,-9.8,-6.0,-1.6,0.7,-0.5,-4.3,-9.0,-14.8,-11.7,-7.8,-3.5,0.3,3.2,5.1,3.5,0.9,-2.6,-7.0,-11.4,-7.0,-5.1,-3.4,-2.9,-3.9,-5.8,-7.5,-8.0,-70.9,-75.5,-78.2,-77.5,-73.6,-68.8,-66.3,-67.1,-69.4,-70.8,-72.0,-73.3,-74.0,-74.1,-73.7,-71.5,-69.9,-68.7,-68.1,-68.3,-70.1,-69.8,-71.0,-73.0,-74.7,-75.1,-73.9,-71.8,-90.6,-95.3,-97.9,-96.7,-92.4,-87.7,-85.2,-86.0,-89.3,-90.9,-92.2,-93.1,-93.3,-93.3,-92.7,-90.6,-89.0,-88.0,-87.7,-87.9,-89.3,-88.7,-89.8,-91.9,-93.8,-94.3,-93.2,-91.1,536.9,536.9,538.2,540.0,541.2,541.6,539.9,538.2,540.1,537.9,536.4,536.4,538.2,540.9,543.6,541.3,538.7,537.2,537.2,538.3,539.5,540.2,540.8,540.8,540.3,539.5,538.9,538.9,600.8,601.7,603.2,604.5,604.9,604.0,602.5,601.3,601.1,600.3,600.3,601.4,603.9,607.3,610.8,607.4,603.9,601.3,600.1,600.3,602.9,603.5,604.2,604.5,604.4,603.8,603.1,602.8,-25.4,-39.7,540.0,0.085,-0.249,-0.204,0.87,0.6,0.59,0.52,0.17,0.05,0.0,1.14,0.71,2.36,1.42,0.43,0.0,0.0,0.47,1.32
0.41995,0.321065,-0.848858,0.145456,0.353334,-0.92412,0.309,0.363,354.0,355.1,359.0,363.5,365.8,364.9,360.8,356.4,345.9,349.2,353.5,358.3,362.8,366.2,368.6,366.4,362.9,358.5,353.9,349.5,358.1,360.0,361.7,362.2,361.2,359.3,357.6,357.1,411.3,412.3,416.1,420.3,422.6,421.5,417.8,413.2,407.7,410.5,414.2,418.5,422.2,425.0,426.9,425.4,422.8,419.4,415.2,411.0,415.2,417.1,418.7,419.2,418.2,416.3,414.6,414.2,154.2,149.4,146.7,147.7,151.7,156.7,159.2,158.2,155.5,154.1,152.9,151.7,151.2,151.2,151.9,153.8,155.1,156.2,156.7,156.5,155.1,155.5,154.4,152.3,150.6,150.2,151.3,153.4,143.5,139.0,136.8,138.1,142.2,146.6,148.9,148.0,145.1,143.3,141.9,141.2,141.2,141.7,142.7,144.3,145.3,146.0,146.2,146.1,145.1,145.6,144.6,142.6,140.8,140.2,141.3,143.2,-66.0,-64.8,-61.2,-57.0,-54.9,-55.8,-59.7,-63.9,-74.3,-70.8,-66.4,-61.8,-57.5,-54.5,-52.4,-54.3,-57.5,-61.7,-66.1,-70.5,-62.3,-60.5,-58.9,-58.4,-59.3,-61.1,-62.7,-63.2,-11.1,-10.0,-6.1,-1.7,0.6,-0.5,-4.4,-9.1,-14.8,-11.9,-8.1,-3.7,0.3,3.2,5.2,3.5,0.8,-2.7,-7.0,-11.4,-7.1,-5.1,-3.4,-2.9,-3.9,-5.9,-7.6,-8.1,-69.7,-74.3,-77.0,-76.3,-72.6,-67.8,-65.2,-65.9,-68.9,-69.9,-70.8,-72.0,-72.7,-73.0,-72.7,-70.6,-69.0,-67.8,-67.3,-67.6,-69.1,-68.8,-70.0,-71.9,-73.6,-73.9,-72.7,-70.7,-85.3,-90.1,-92.6,-91.5,-87.3,-82.5,-80.0,-80.8,-83.8,-85.4,-86.8,-87.8,-88.1,-88.1,-87.5,-85.4,-83.8,-82.8,-82.5,-82.6,-84.0,-83.5,-84.6,-86.7,-88.6,-89.1,-88.0,-85.9,548.5,548.1,549.0,550.6,552.1,552.9,551.6,549.9,551.9,549.5,547.8,547.6,549.2,551.8,554.5,552.3,549.9,548.6,548.8,550.0,550.9,551.6,552.0,551.9,551.2,550.5,550.1,550.3,584.4,585.3,586.7,587.9,588.2,587.4,585.9,584.9,584.8,584.0,583.8,584.8,587.2,590.5,594.0,590.6,587.3,584.8,583.7,584.0,586.4,587.0,587.6,588.0,587.8,587.3,586.7,586.3,-25.9,-35.9,533.9,0.128,-0.237,-0.185,0.8,0.58,0.71,0.56,0.2,0.05,0.0,1.3,0.75,2.58,1.46,0.56,0.0,0.0,0.39,1.45
0.433309,0.310093,-0.846218,0.151434,0.348292,-0.925073,0.319,0.356,354.5,355.6,359.4,363.6,365.9,365.0,361.0,356.8,345.9,349.3,353.6,358.4,362.9,366.1,368.4,366.4,363.0,358.6,354.1,349.7,358.4,360.2,361.9,362.3,361.4,359.5,357.9,357.4,411.5,412.7,416.5,420.6,422.6,421.4,417.7,413.3,407.8,410.7,414.4,418.6,422.2,425.0,426.9,425.2,422.6,419.3,415.1,411.0,415.3,417.1,418.8,419.3,418.4,416.6,414.9,414.4,153.9,149.2,146.6,147.6,151.6,156.6,159.0,158.0,155.5,154.0,152.7,151.5,151.0,151.2,152.0,153.8,155.0,156.1,156.6,156.5,155.0,155.4,154.3,152.2,150.5,150.1,151.2,153.2,143.7,139.3,137.2,138.5,142.6,146.9,149.1,148.0,144.8,143.3,142.1,141.5,141.6,142.0,143.0,144.6,145.6,146.2,146.3,146.0,145.2,145.8,144.9,143.0,141.2,140.6,141.5,143.4,-65.7,-64.6,-61.1,-57.1,-55.0,-55.9,-59.7,-63.6,-74.4,-70.8,-66.5,-61.8,-57.7,-54.7,-52.8,-54.6,-57.6,-61.7,-66.1,-70.6,-62.2,-60.5,-58.9,-58.5,-59.4,-61.1,-62.6,-63.1,-11.1,-9.9,-5.9,-1.5,0.7,-0.6,-4.6,-9.3,-15.1,-12.0,-8.1,-3.7,0.3,3.2,5.3,3.5,0.7,-2.9,-7.3,-11.7,-7.1,-5.2,-3.5,-2.9,-3.9,-5.8,-7.5,-8.1,-70.1,-74.7,-77.5,-76.7,-72.9,-68.1,-65.6,-66.3,-69.0,-70.2,-71.2,-72.4,-73.1,-73.3,-72.9,-70.8,-69.3,-68.1,-67.6,-67.8,-69.4,-69.1,-70.3,-72.3,-73.9,-74.2,-73.1,-71.1,-87.5,-92.2,-94.7,-93.4,-89.2,-84.4,-82.0,-82.9,-86.3,-87.8,-89.0,-89.8,-90.1,-90.1,-89.6,-87.4,-85.8,-84.9,-84.6,-84.9,-86.2,-85.6,-86.7,-88.8,-90.6,-91.2,-90.1,-88.0,549.8,549.8,551.0,552.8,554.2,554.7,553.0,551.2,553.1,550.8,549.3,549.3,551.1,553.8,556.6,554.2,551.6,550.1,550.1,551.3,552.4,553.2,553.8,553.7,553.1,552.4,551.8,551.9,600.6,601.2,602.5,603.7,604.2,603.6,602.3,601.2,601.1,600.1,599.8,600.7,603.2,606.4,609.9,606.6,603.4,600.9,599.9,600.2,602.6,603.2,603.8,604.0,603.8,603.3,602.7,602.4,-26.1,-35.8,535.0,0.118,-0.236,-0.179,0.94,0.74,0.77,0.57,0.19,0.05,0.02,1.71,0.77,2.35,1.08,0.51,0.0,0.0,0.63,1.37
0.383261,0.31307,-0.868964,0.137666,0.328658,-0.934362,0.281,0.342,351.7,352.8,356.7,361.1,363.4,362.5,358.4,354.0,344.0,347.4,351.6,356.2,360.5,363.9,366.2,364.1,360.7,356.5,352.0,347.6,355.7,357.6,359.3,359.8,358.8,356.9,355.2,354.7,409.7,410.9,414.7,418.7,420.7,419.5,415.7,411.3,406.0,408.8,412.3,416.5,420.2,423.2,425.3,423.4,420.6,417.1,413.0,409.0,413.5,415.2,416.9,417.5,416.6,414.8,413.2,412.6,152.8,148.1,145.5,146.4,150.4,155.3,157.8,156.8,153.5,152.4,151.3,150.3,149.8,149.8,150.4,152.3,153.7,154.7,155.1,154.7,153.8,154.2,153.0,151.0,149.2,148.8,150.0,152.0,143.0,138.7,136.8,138.1,142.1,146.3,148.3,147.2,144.0,142.6,141.5,140.9,141.2,141.7,142.7,144.2,145.1,145.5,145.5,145.2,144.5,145.1,144.3,142.4,140.7,140.1,141.0,142.8,-69.9,-68.7,-64.9,-60.8,-58.6,-59.6,-63.6,-67.8,-77.9,-74.2,-69.9,-65.3,-61.2,-58.1,-56.1,-57.9,-61.1,-65.1,-69.6,-74.1,-66.2,-64.3,-62.7,-62.2,-63.1,-64.9,-66.6,-67.1,-13.5,-12.1,-8.0,-3.6,-1.4,-2.8,-6.9,-11.7,-17.5,-14.5,-10.6,-6.1,-1.9,1.3,3.6,1.5,-1.5,-5.4,-9.8,-14.2,-9.3,-7.4,-5.6,-5.0,-5.9,-7.9,-9.7,-10.3,-72.7,-77.4,-80.1,-79.4,-75.6,-70.8,-68.2,-68.9,-72.4,-73.3,-74.1,-75.1,-75.8,-76.2,-76.0,-73.7,-72.0,-70.8,-70.5,-71.0,-72.1,-71.8,-73.0,-75.0,-76.7,-77.0,-75.8,-73.8,-90.8,-95.4,-97.8,-96.4,-92.1,-87.3,-85.0,-86.1,-89.7,-91.1,-92.2,-92.9,-92.9,-92.8,-92.2,-90.1,-88.7,-87.9,-87.8,-88.2,-89.3,-88.6,-89.7,-91.7,-93.6,-94.2,-93.2,-91.2,561.7,561.2,562.1,563.8,565.3,566.2,564.9,563.2,564.7,562.4,560.9,560.8,562.5,565.0,567.8,565.6,563.1,561.7,561.8,563.0,564.2,564.9,565.3,565.1,564.4,563.7,563.3,563.5,617.5,618.2,619.2,620.0,620.1,619.5,618.5,617.9,618.3,617.2,616.6,617.1,619.1,622.1,625.4,622.2,619.2,617.0,616.4,617.2,619.2,619.5,620.0,620.2,620.2,619.8,619.4,619.1,-29.0,-37.1,540.0,0.086,-0.211,-0.166,0.85,0.67,0.57,0.48,0.16,0.0,0.02,1.64,0.73,1.76,0.62,0.33,0.0,0.0,0.86,1.22
0.431396,0.201042,-0.879477,0.148399,0.239768,-0.959421,0.305,0.235,352.9,353.2,356.8,361.5,364.6,364.6,360.7,356.0,344.7,348.2,352.6,357.3,361.7,365.1,367.6,365.8,362.5,358.2,353.5,348.8,357.2,359.3,360.8,361.0,359.6,357.6,356.0,355.9,410.3,411.4,414.9,418.8,420.7,419.6,416.1,412.0,407.2,409.6,412.8,416.6,420.3,423.3,425.5,423.6,420.8,417.4,413.5,409.9,414.0,415.7,417.2,417.7,416.9,415.2,413.7,413.2,143.5,138.9,136.4,137.5,141.6,146.6,148.7,147.6,147.1,144.7,142.5,141.0,140.8,141.5,142.6,143.6,143.9,144.7,145.7,146.7,145.1,145.6,144.5,142.5,140.8,140.3,141.3,143.4,133.9,129.9,127.9,129.1,132.7,136.7,138.7,137.8,135.0,133.5,132.3,131.6,131.6,132.0,132.9,134.3,135.3,135.8,136.0,135.9,135.2,135.7,134.8,133.1,131.5,131.0,131.9,133.6,-64.4,-64.3,-61.2,-57.0,-54.0,-53.9,-57.2,-61.4,-72.3,-68.8,-64.7,-60.4,-56.5,-53.6,-51.5,-52.8,-55.6,-59.4,-63.7,-68.2,-60.6,-58.7,-57.4,-57.3,-58.6,-60.5,-61.8,-61.8,-13.7,-12.4,-8.3,-3.8,-1.5,-2.8,-6.9,-11.7,-17.4,-14.6,-10.8,-6.3,-1.9,1.5,4.2,1.9,-1.4,-5.4,-9.9,-14.2,-9.4,-7.4,-5.6,-5.1,-6.0,-8.0,-9.8,-10.4,-76.8,-81.5,-84.2,-83.3,-79.4,-74.4,-72.1,-73.0,-73.8,-75.8,-77.7,-79.3,-79.8,-79.5,-78.8,-77.5,-76.7,-75.7,-74.6,-73.8,-75.6,-75.2,-76.4,-78.4,-80.1,-80.5,-79.3,-77.3,-108.0,-112.7,-115.1,-113.8,-109.5,-104.8,-102.4,-103.4,-106.9,-108.4,-109.6,-110.5,-110.7,-110.7,-110.1,-108.0,-106.4,-105.5,-105.2,-105.5,-106.7,-106.1,-107.1,-109.2,-111.0,-111.6,-110.5,-108.5,526.4,528.5,530.9,532.3,531.9,530.1,527.3,525.9,528.0,526.8,526.4,527.2,529.3,531.9,534.4,531.3,528.1,526.0,525.4,526.2,528.5,529.1,530.1,531.0,531.2,530.6,529.6,528.7,662.4,662.7,663.2,663.6,663.7,663.4,662.8,662.7,663.5,662.1,661.1,661.2,662.9,665.6,668.8,665.7,663.0,661.2,661.0,662.1,663.6,663.8,664.0,664.2,664.2,664.0,663.7,663.6,-26.2,-44.3,532.2,-0.038,-0.257,-0.196,0.87,0.72,0.5,0.48,0.15,0.0,0.02,1.6,0.66,1.37,0.22,0.11,0.0,0.0,1.03,0.96
0.427303,0.220948,-0.876695,0.14361,0.266163,-0.95317,0.302,0.26,353.3,353.6,357.1,361.7,364.7,364.6,360.9,356.3,344.6,348.3,352.7,357.4,361.8,365.1,367.5,365.9,362.6,358.4,353.6,348.9,357.5,359.5,361.0,361.1,359.8,357.8,356.3,356.2,410.3,411.4,414.9,418.8,420.8,419.7,416.2,412.0,407.1,409.6,412.8,416.8,420.5,423.4,425.6,423.7,421.0,417.6,413.6,409.9,414.0,415.7,417.3,417.7,416.9,415.2,413.6,413.1,143.6,139.0,136.4,137.6,141.7,146.7,148.9,147.7,147.1,144.8,142.7,141.1,140.8,141.5,142.6,143.7,144.2,145.1,146.1,147.0,145.2,145.7,144.6,142.6,140.8,140.3,141.4,143.4,133.8,129.7,127.7,128.9,132.6,136.7,138.7,137.8,134.9,133.4,132.2,131.5,131.5,132.0,132.9,134.3,135.3,135.8,136.0,135.9,135.1,135.6,134.8,133.0,131.4,130.9,131.8,133.5,-64.0,-63.9,-60.9,-56.8,-53.9,-53.8,-57.0,-61.2,-72.2,-68.7,-64.5,-60.2,-56.3,-53.5,-51.5,-52.8,-55.5,-59.2,-63.5,-68.0,-60.3,-58.5,-57.2,-57.2,-58.4,-60.2,-61.5,-61.6,-13.5,-12.3,-8.2,-3.7,-1.4,-2.6,-6.7,-11.5,-17.2,-14.3,-10.5,-6.0,-1.8,1.6,4.1,2.0,-1.2,-5.1,-9.6,-13.9,-9.2,-7.3,-5.5,-4.9,-5.9,-7.9,-9.7,-10.2,-76.7,-81.3,-84.0,-83.2,-79.3,-74.4,-72.0,-72.8,-73.6,-75.7,-77.6,-79.1,-79.7,-79.5,-78.9,-77.3,-76.4,-75.3,-74.2,-73.6,-75.5,-75.2,-76.3,-78.4,-80.1,-80.4,-79.2,-77.2,-106.3,-111.0,-113.4,-112.1,-107.9,-103.1,-100.7,-101.7,-105.0,-106.6,-107.9,-108.7,-109.0,-109.0,-108.4,-106.2,-104.7,-103.7,-103.5,-103.7,-104.9,-104.4,-105.4,-107.5,-109.3,-109.9,-108.8,-106.8,526.0,527.9,530.3,531.9,531.6,530.1,527.3,525.8,527.8,526.5,526.0,526.8,528.9,531.6,534.3,531.1,527.9,525.7,525.1,525.8,528.2,528.9,530.0,530.8,530.9,530.2,529.2,528.3,651.0,651.4,652.1,652.7,652.7,652.3,651.6,651.3,651.9,650.6,649.8,650.1,651.9,654.8,658.0,654.9,652.0,650.1,649.7,650.6,652.4,652.6,652.9,653.1,653.1,652.8,652.5,652.3,-26.0,-45.2,534.9,0.002,-0.243,-0.203,0.53,0.58,0.42,0.36,0.08,0.0,0.0,1.4,0.53,0.92,0.11,0.0,0.0,0.0,0.92,0.94
0.433093,0.240066,-0.868792,0.227896,0.259213,-0.938548,0.351,0.27,355.8,356.4,360.0,364.6,367.5,367.2,363.3,358.7,348.5,351.7,355.8,360.4,364.8,368.1,370.6,368.8,365.5,361.3,356.7,352.3,360.1,362.1,363.7,363.9,362.7,360.7,359.1,358.8,413.3,414.3,417.7,421.7,423.8,422.8,419.3,415.1,409.8,412.3,415.7,419.6,423.2,426.0,428.0,426.4,423.8,420.5,416.6,412.7,417.0,418.7,420.2,420.6,419.7,418.0,416.5,416.1,144.5,139.6,136.8,137.7,141.7,146.8,149.4,148.5,147.3,145.0,143.0,141.3,140.7,141.1,142.2,144.0,145.2,146.4,147.3,147.8,145.6,146.0,144.8,142.6,140.8,140.5,141.7,143.9,132.6,128.5,126.5,127.7,131.4,135.4,137.4,136.6,133.9,132.2,130.9,130.2,130.3,130.9,132.0,133.3,134.2,134.7,134.8,134.9,133.9,134.5,133.6,131.9,130.3,129.8,130.6,132.4,-63.5,-63.1,-59.8,-55.5,-52.8,-53.0,-56.6,-60.9,-70.9,-67.6,-63.6,-59.2,-55.1,-52.1,-50.0,-51.5,-54.4,-58.3,-62.6,-67.0,-59.7,-57.8,-56.4,-56.2,-57.3,-59.2,-60.7,-60.9,-9.9,-8.8,-4.9,-0.4,2.0,0.9,-3.0,-7.8,-13.9,-11.0,-7.1,-2.7,1.4,4.6,6.9,5.0,2.0,-1.7,-6.2,-10.5,-5.7,-3.7,-2.1,-1.6,-2.6,-4.5,-6.2,-6.7,-78.3,-83.1,-86.0,-85.4,-81.6,-76.5,-73.8,-74.5,-75.9,-77.9,-79.7,-81.4,-82.2,-82.2,-81.5,-79.4,-77.8,-76.4,-75.5,-75.2,-77.5,-77.2,-78.5,-80.6,-82.3,-82.6,-81.3,-79.2,-106.2,-110.9,-113.5,-112.3,-108.0,-103.2,-100.7,-101.6,-104.7,-106.5,-107.9,-108.9,-109.1,-108.9,-108.2,-106.1,-104.6,-103.7,-103.4,-103.5,-104.9,-104.3,-105.4,-107.5,-109.3,-109.8,-108.7,-106.7,542.7,543.5,545.1,546.5,546.9,546.4,544.5,543.1,545.1,543.4,542.3,542.7,544.6,547.1,549.6,547.0,544.2,542.4,542.3,543.3,544.8,545.4,546.1,546.5,546.3,545.7,545.0,544.7,642.1,643.1,644.4,645.2,645.1,644.1,642.8,642.1,642.7,641.7,641.3,642.0,644.1,647.1,650.4,647.0,643.8,641.6,640.8,641.5,643.7,644.0,644.6,645.0,645.1,644.7,644.2,643.7,-22.5,-46.0,537.3,0.012,-0.322,-0.224,0.46,0.66,0.38,0.27,0.03,0.0,0.0,1.4,0.48,0.63,0.1,0.0,0.0,0.0,0.93,0.75
0.463565,0.234981,-0.854337,0.224947,0.27244,-0.935508,0.367,0.276,356.9,357.4,360.8,365.1,367.8,367.6,364.0,359.7,349.0,352.3,356.3,360.8,365.0,368.2,370.4,368.9,365.9,361.9,357.4,353.0,360.9,362.7,364.2,364.4,363.2,361.3,359.9,359.7,413.2,414.2,417.6,421.5,423.6,422.6,419.2,415.0,409.6,412.3,415.8,419.7,423.3,425.9,427.7,426.2,423.8,420.6,416.6,412.7,416.9,418.5,420.0,420.4,419.5,417.9,416.4,416.0,144.5,139.7,137.0,137.8,141.8,146.8,149.3,148.4,147.6,145.3,143.2,141.5,140.8,141.2,142.2,144.0,145.2,146.5,147.5,148.0,145.6,145.9,144.7,142.7,141.0,140.6,141.8,143.9,132.6,128.5,126.5,127.7,131.5,135.6,137.6,136.7,133.9,132.2,130.9,130.2,130.4,131.0,132.2,133.5,134.3,134.7,134.9,134.8,134.0,134.6,133.7,132.0,130.4,129.8,130.7,132.4,-63.3,-63.0,-59.9,-55.9,-53.2,-53.4,-56.7,-60.8,-71.3,-67.9,-63.9,-59.6,-55.7,-52.9,-50.9,-52.2,-54.9,-58.5,-62.8,-67.2,-59.8,-58.0,-56.7,-56.5,-57.7,-59.4,-60.8,-60.9,-9.8,-8.8,-4.9,-0.5,1.8,0.7,-3.2,-7.9,-13.9,-10.8,-7.0,-2.5,1.4,4.4,6.5,4.8,2.0,-1.6,-6.0,-10.4,-5.8,-3.9,-2.3,-1.8,-2.8,-4.6,-6.3,-6.8,-79.4,-84.1,-87.1,-86.6,-82.8,-77.8,-75.0,-75.6,-76.6,-78.6,-80.5,-82.3,-83.3,-83.4,-82.8,-80.6,-78.9,-77.4,-76.4,-76.0,-78.7,-78.4,-79.7,-81.8,-83.4,-83.7,-82.4,-80.3,-104.5,-109.2,-111.7,-110.5,-106.3,-101.6,-99.1,-99.9,-103.1,-104.8,-106.2,-107.2,-107.4,-107.3,-106.5,-104.5,-103.0,-102.1,-101.8,-101.9,-103.2,-102.7,-103.7,-105.8,-107.6,-108.1,-107.0,-105.0,550.2,551.1,553.0,554.8,555.5,555.0,552.7,550.9,552.3,550.7,549.9,550.4,552.6,555.4,558.1,555.4,552.3,550.3,549.9,550.7,552.8,553.6,554.4,554.8,554.5,553.7,552.9,552.5,632.2,633.1,634.6,635.8,635.9,634.9,633.4,632.4,632.5,631.7,631.5,632.5,635.0,638.3,641.7,638.2,634.8,632.3,631.2,631.6,634.1,634.5,635.2,635.6,635.6,635.1,634.4,634.0,-22.5,-46.2,539.1,0.024,-0.322,-0.231,0.28,0.52,0.32,0.11,0.0,0.0,0.0,1.35,0.42,0.23,0.23,0.0,0.0,0.0,0.86,0.66
0.447686,0.265253,-0.853942,0.229192,0.301956,-0.925361,0.364,0.309,357.3,357.9,361.4,365.9,368.7,368.4,364.6,360.1,349.9,352.9,356.9,361.5,365.8,369.2,371.7,369.9,366.6,362.5,358.0,353.7,361.5,363.4,365.0,365.2,364.0,362.1,360.5,360.3,414.0,415.1,418.6,422.6,424.6,423.5,420.0,415.8,410.5,413.1,416.6,420.6,424.2,427.0,428.9,427.3,424.7,421.4,417.4,413.5,417.7,419.4,420.9,421.4,420.5,418.8,417.3,416.9,149.4,144.6,141.6,142.3,146.2,151.3,154.0,153.3,152.2,149.9,147.9,146.1,145.3,145.4,146.3,148.5,150.0,151.5,152.5,152.8,150.2,150.5,149.3,147.2,145.5,145.2,146.4,148.5,136.8,132.6,130.6,131.8,135.7,139.8,141.8,140.9,138.0,136.3,135.0,134.2,134.4,135.0,136.1,137.6,138.4,138.9,139.1,139.0,138.2,138.7,137.8,136.1,134.4,133.9,134.8,136.6,-62.8,-62.3,-59.0,-54.7,-52.1,-52.4,-56.0,-60.2,-70.5,-67.2,-63.2,-58.7,-54.7,-51.6,-49.4,-50.9,-53.9,-57.8,-62.1,-66.5,-59.0,-57.2,-55.7,-55.5,-56.6,-58.5,-59.9,-60.2,-8.9,-7.7,-3.8,0.6,2.9,1.7,-2.2,-7.0,-12.9,-9.9,-6.0,-1.6,2.5,5.6,7.8,5.9,3.0,-0.7,-5.1,-9.5,-4.8,-2.9,-1.2,-0.7,-1.7,-3.6,-5.2,-5.8,-74.4,-79.1,-82.1,-81.7,-78.0,-73.1,-70.2,-70.7,-72.1,-74.0,-75.8,-77.5,-78.6,-78.8,-78.3,-75.9,-73.9,-72.3,-71.4,-71.2,-73.9,-73.7,-75.0,-77.1,-78.7,-78.9,-77.5,-75.5,-99.4,-104.1,-106.6,-105.4,-101.1,-96.4,-93.9,-94.8,-98.1,-99.9,-101.3,-102.2,-102.4,-102.2,-101.5,-99.4,-97.9,-96.9,-96.7,-96.8,-98.1,-97.6,-98.6,-100.6,-102.5,-103.0,-101.9,-99.9,548.8,549.1,550.3,551.7,552.5,552.6,551.1,549.6,551.9,549.7,548.3,548.2,549.9,552.5,555.1,552.7,550.1,548.7,548.8,550.0,551.0,551.7,552.2,552.3,551.9,551.3,550.8,550.7,629.4,630.2,631.4,632.4,632.6,631.9,630.6,629.8,629.9,629.0,628.6,629.4,631.7,634.8,638.3,634.8,631.6,629.2,628.3,628.9,631.2,631.7,632.2,632.5,632.4,632.0,631.5,631.2,-21.6,-41.7,537.1,0.067,-0.331,-0.225,0.28,0.31,0.3,0.04,0.0,0.0,0.0,1.25,0.49,0.34,0.38,0.0,0.0,0.0,0.61,0.46
0.40706,0.30887,-0.859594,0.252617,0.333983,-0.908097,0.357,0.349,357.6,358.0,361.4,365.9,368.7,368.6,364.9,360.4,351.0,354.0,357.9,362.2,366.4,369.6,372.0,370.2,367.1,363.2,358.9,354.7,361.7,363.7,365.2,365.4,364.1,362.2,360.6,360.4,414.4,415.5,419.1,423.1,425.2,424.1,420.5,416.2,410.7,413.4,416.9,420.9,424.6,427.5,429.6,427.8,425.1,421.6,417.6,413.7,418.2,419.9,421.5,422.0,421.1,419.4,417.8,417.3,154.4,149.7,146.9,147.6,151.4,156.3,158.8,158.1,157.1,154.9,152.8,151.2,150.6,150.9,152.0,153.6,154.8,156.0,156.9,157.4,155.4,155.7,154.4,152.4,150.7,150.4,151.6,153.7,141.5,137.3,135.2,136.4,140.3,144.5,146.6,145.7,142.7,141.1,139.9,139.2,139.2,139.6,140.4,141.9,142.9,143.5,143.7,143.6,142.9,143.4,142.5,140.7,139.1,138.5,139.4,141.2,-65.0,-64.7,-61.4,-57.0,-54.1,-54.2,-57.8,-62.2,-72.0,-68.7,-64.7,-60.3,-56.3,-53.3,-51.0,-52.6,-55.5,-59.3,-63.6,-68.0,-61.1,-59.1,-57.6,-57.5,-58.8,-60.7,-62.2,-62.3,-8.5,-7.2,-3.2,1.3,3.6,2.4,-1.7,-6.5,-12.6,-9.6,-5.7,-1.2,2.9,6.1,8.6,6.5,3.4,-0.4,-4.9,-9.3,-4.2,-2.3,-0.6,-0.0,-1.0,-3.0,-4.7,-5.2,-72.3,-77.1,-80.2,-79.6,-75.8,-70.8,-68.0,-68.5,-69.8,-71.9,-73.8,-75.5,-76.4,-76.3,-75.6,-73.6,-72.0,-70.6,-69.6,-69.3,-71.5,-71.3,-72.6,-74.8,-76.5,-76.7,-75.4,-73.2,-94.4,-99.2,-101.7,-100.4,-96.2,-91.4,-88.9,-89.8,-93.2,-94.7,-96.0,-96.9,-97.2,-97.3,-96.9,-94.7,-93.1,-92.1,-91.8,-92.0,-93.1,-92.6,-93.7,-95.7,-97.5,-98.1,-97.0,-95.0,570.4,571.2,572.7,574.0,574.2,573.7,571.9,570.6,572.8,571.0,569.9,570.2,572.0,574.5,577.1,574.4,571.7,570.0,569.8,570.9,572.4,572.9,573.6,574.0,573.8,573.3,572.6,572.2,631.2,631.7,632.8,633.7,634.0,633.5,632.5,631.7,632.0,630.8,630.2,630.8,632.9,636.0,639.4,636.1,633.0,630.8,630.1,630.9,633.0,633.4,633.8,634.1,633.9,633.5,633.1,632.9,-21.1,-36.2,530.9,0.116,-0.332,-0.219,0.28,0.25,0.42,0.04,0.0,0.01,0.0,1.26,0.49,0.55,0.34,0.0,0.0,0.0,0.79,0.91
0.449601,0.322673,-0.832911,0.228266,0.363701,-0.903115,0.372,0.377,356.6,357.2,360.6,364.8,367.4,367.0,363.4,359.2,348.2,351.8,356.1,360.7,364.9,367.9,370.0,368.4,365.4,361.4,356.9,352.4,360.4,362.2,363.7,364.0,362.9,361.0,359.5,359.3,411.9,413.2,417.0,421.2,423.3,422.1,418.2,413.7,408.2,411.1,414.8,419.0,422.8,425.8,427.9,426.0,423.2,419.7,415.5,411.4,415.8,417.7,419.4,420.0,419.1,417.2,415.4,414.9,156.2,151.4,148.6,149.4,153.3,158.3,160.9,160.1,158.6,156.6,154.8,153.3,152.7,152.9,153.7,155.5,156.8,158.0,158.9,159.2,157.1,157.5,156.2,154.2,152.4,152.1,153.3,155.4,144.3,139.9,137.7,139.1,143.2,147.6,149.8,148.7,145.5,144.0,142.9,142.3,142.3,142.6,143.4,145.0,146.0,146.6,146.7,146.6,145.9,146.5,145.5,143.5,141.7,141.1,142.1,144.0,-63.7,-63.1,-60.0,-56.1,-53.7,-54.1,-57.5,-61.3,-72.1,-68.4,-64.1,-59.7,-55.9,-53.2,-51.4,-52.8,-55.4,-59.1,-63.4,-67.9,-60.3,-58.6,-57.2,-57.0,-58.0,-59.7,-61.1,-61.4,-10.6,-9.3,-5.3,-0.8,1.4,0.1,-4.0,-8.8,-14.6,-11.5,-7.6,-3.2,0.9,4.0,6.3,4.3,1.3,-2.5,-6.9,-11.2,-6.5,-4.5,-2.7,-2.1,-3.1,-5.1,-7.0,-7.5,-68.0,-72.7,-75.7,-75.2,-71.5,-66.6,-63.8,-64.3,-66.0,-67.6,-69.3,-70.8,-71.7,-71.9,-71.5,-69.4,-67.7,-66.3,-65.4,-65.2,-67.4,-67.2,-68.5,-70.6,-72.2,-72.4,-71.1,-69.1,-86.3,-91.1,-93.5,-92.2,-87.9,-83.2,-80.7,-81.7,-85.2,-86.5,-87.6,-88.4,-88.7,-88.8,-88.5,-86.4,-84.8,-83.9,-83.6,-83.9,-84.9,-84.3,-85.4,-87.6,-89.5,-90.1,-89.0,-86.8,550.5,551.0,552.7,554.7,555.8,555.8,553.7,551.7,552.8,551.0,550.1,550.6,552.8,555.8,558.8,556.1,553.0,551.1,550.5,551.2,553.3,554.2,554.9,555.1,554.6,553.7,553.0,552.8,597.0,597.6,598.6,599.7,600.1,599.6,598.5,597.6,597.7,596.6,596.1,596.7,598.9,602.0,605.5,602.2,599.1,596.8,596.1,596.7,598.9,599.4,599.8,600.1,599.9,599.4,598.9,598.7,-22.9,-32.1,519.9,0.149,-0.314,-0.205,0.27,0.15,0.42,0.0,0.02,0.01,0.0,1.27,0.57,0.79,0.15,0.04,0.0,0.0,1.07,1.41
0.448681,0.314494,-0.836528,0.227476,0.353708,-0.907274,0.37,0.366,356.8,357.4,360.7,364.9,367.4,367.0,363.4,359.3,348.4,352.0,356.3,360.9,365.0,367.9,370.0,368.4,365.5,361.5,357.1,352.5,360.5,362.3,363.8,364.1,363.0,361.1,359.7,359.4,411.9,413.2,417.0,421.2,423.3,422.0,418.2,413.7,408.3,411.1,414.8,419.0,422.8,425.8,427.9,426.0,423.2,419.6,415.4,411.4,415.9,417.7,419.4,420.0,419.1,417.2,415.5,414.9,156.1,151.4,148.6,149.4,153.3,158.3,160.8,160.0,158.5,156.6,154.9,153.3,152.8,153.0,153.7,155.5,156.8,158.0,158.8,159.1,157.1,157.4,156.2,154.1,152.4,152.1,153.3,155.4,144.3,140.0,137.9,139.2,143.3,147.7,149.8,148.7,145.5,144.1,143.0,142.4,142.4,142.8,143.5,145.0,146.0,146.6,146.7,146.6,145.9,146.5,145.6,143.6,141.8,141.2,142.2,144.1,-64.1,-63.5,-60.4,-56.5,-54.2,-54.5,-57.9,-61.8,-72.6,-68.8,-64.5,-60.1,-56.3,-53.6,-51.8,-53.2,-55.8,-59.5,-63.8,-68.3,-60.7,-59.0,-57.7,-57.4,-58.5,-60.2,-61.5,-61.8,-10.8,-9.4,-5.3,-0.8,1.4,0.1,-4.1,-8.9,-14.7,-11.6,-7.7,-3.2,0.8,4.1,6.5,4.3,1.3,-2.6,-7.0,-11.3,-6.6,-4.6,-2.8,-2.2,-3.2,-5.2,-7.0,-7.6,-68.7,-73.4,-76.4,-75.9,-72.1,-67.2,-64.4,-65.0,-66.6,-68.2,-69.9,-71.4,-72.2,-72.4,-72.1,-69.9,-68.3,-66.9,-66.0,-65.8,-68.1,-67.8,-69.1,-71.2,-72.8,-73.1,-71.8,-69.7,-87.6,-92.4,-94.8,-93.4,-89.1,-84.3,-81.9,-83.0,-86.4,-87.8,-88.9,-89.6,-89.9,-90.0,-89.7,-87.6,-86.1,-85.1,-84.9,-85.1,-86.2,-85.6,-86.6,-88.7,-90.7,-91.3,-90.2,-88.1,555.3,555.7,557.5,559.5,560.6,560.6,558.5,556.5,557.6,555.8,554.8,555.3,557.6,560.6,563.6,560.9,557.8,555.9,555.3,556.0,558.1,559.0,559.7,559.9,559.4,558.5,557.8,557.6,606.3,606.7,607.7,608.6,608.9,608.4,607.4,606.7,607.0,605.8,605.2,605.7,607.8,610.8,614.1,610.9,607.9,605.8,605.1,605.9,607.9,608.3,608.8,609.0,608.9,608.5,608.0,607.8,-23.0,-31.5,518.9,0.133,-0.319,-0.201,0.38,0.46,0.32,0.54,0.02,0.01,0.0,1.22,0.54,0.83,0.0,0.04,0.0,0.0,1.89,2.03
0.265437,0.286292,-0.920641,0.051705,0.350267,-0.935222,0.169,0.33,350.3,351.2,355.4,360.4,363.4,362.9,358.4,353.3,344.5,347.7,352.2,357.4,362.4,366.0,368.6,366.4,363.0,358.5,353.6,348.8,355.1,357.4,359.2,359.6,358.2,356.0,354.2,353.8,407.9,409.0,413.3,418.3,421.2,420.1,415.8,410.4,406.1,409.0,412.9,417.8,422.2,425.4,427.8,425.9,423.1,419.3,414.6,409.9,412.6,415.0,417.1,417.6,416.2,413.8,411.7,411.2,154.6,149.2,146.1,147.0,151.4,157.0,159.9,159.0,157.3,154.2,151.7,149.7,149.1,150.0,152.1,154.4,156.1,157.6,158.3,158.3,155.6,156.0,154.6,152.3,150.3,149.9,151.3,153.7,144.6,139.5,136.8,138.0,142.5,147.6,150.3,149.6,146.0,143.0,140.8,139.7,140.1,141.4,143.6,145.2,146.3,146.9,147.1,147.1,146.4,147.0,145.7,143.3,141.1,140.5,141.8,144.3,-62.7,-62.0,-58.4,-54.0,-51.5,-52.0,-55.9,-60.2,-68.1,-65.0,-60.9,-56.3,-52.3,-49.4,-47.3,-49.0,-51.8,-55.5,-59.8,-64.2,-58.7,-56.8,-55.2,-54.9,-56.0,-57.9,-59.5,-59.8,-12.6,-11.6,-7.8,-3.3,-0.8,-1.7,-5.6,-10.3,-14.2,-11.6,-8.1,-3.8,0.2,3.1,5.2,3.5,1.0,-2.4,-6.5,-10.8,-8.4,-6.3,-4.4,-4.0,-5.2,-7.4,-9.2,-9.6,-62.5,-67.2,-70.0,-69.4,-65.6,-60.8,-58.1,-58.7,-60.4,-62.8,-64.8,-66.6,-67.4,-67.0,-65.5,-63.2,-61.3,-59.9,-59.2,-59.3,-61.8,-61.6,-62.8,-64.9,-66.5,-66.8,-65.5,-63.5,-72.5,-77.2,-79.8,-78.8,-74.7,-70.0,-67.4,-68.1,-71.3,-73.9,-75.8,-76.9,-76.9,-76.2,-74.7,-72.7,-71.4,-70.4,-70.1,-70.2,-71.1,-70.6,-71.8,-74.1,-76.0,-76.5,-75.3,-73.0,494.5,494.4,495.0,496.0,496.8,497.2,496.3,495.3,496.7,494.5,493.1,493.2,495.2,497.9,500.6,498.4,495.8,494.3,494.2,495.2,496.3,496.7,497.0,497.0,496.6,496.2,495.9,496.0,503.4,504.4,505.4,505.9,505.6,504.7,503.7,503.3,503.3,502.7,502.7,503.8,506.2,509.3,512.4,508.9,505.7,503.2,502.1,502.4,504.7,504.9,505.5,505.9,506.1,505.8,505.3,504.8,-25.0,-32.2,516.7,0.119,-0.298,-0.188,0.44,0.53,0.16,1.02,0.04,0.0,0.0,1.17,0.59,0.93,0.0,0.04,0.0,0.0,2.26,2.1
0.248368,0.300962,-0.920725,0.078824,0.337419,-0.938049,0.174,0.331,350.1,351.0,355.2,360.3,363.3,362.7,358.1,353.0,344.6,347.9,352.4,357.5,362.4,366.0,368.7,366.5,362.9,358.5,353.6,348.8,354.9,357.2,359.0,359.4,358.1,355.9,354.0,353.6,408.3,409.3,413.6,418.6,421.5,420.4,416.1,410.8,406.0,409.0,412.9,417.8,422.2,425.4,427.8,425.9,423.1,419.3,414.6,409.8,412.9,415.3,417.4,417.9,416.5,414.1,412.1,411.6,154.3,149.0,145.9,146.8,151.2,156.8,159.6,158.7,156.3,153.4,151.1,149.3,148.9,149.8,151.9,154.2,155.9,157.2,157.8,157.6,155.3,155.7,154.4,152.0,150.1,149.7,151.1,153.4,144.3,139.2,136.4,137.6,142.1,147.2,150.0,149.2,145.4,142.6,140.7,139.6,140.0,141.1,143.1,144.9,146.0,146.7,146.8,146.7,146.0,146.6,145.3,142.8,140.7,140.1,141.4,143.9,-63.8,-63.0,-59.3,-54.8,-52.3,-52.8,-56.9,-61.3,-68.9,-65.7,-61.6,-57.0,-52.9,-49.9,-47.8,-49.6,-52.5,-56.2,-60.6,-65.0,-59.7,-57.8,-56.1,-55.8,-56.9,-58.8,-60.4,-60.8,-12.3,-11.4,-7.6,-3.0,-0.5,-1.4,-5.3,-10.1,-14.4,-11.7,-8.1,-3.8,0.2,3.1,5.3,3.6,1.0,-2.4,-6.6,-10.9,-8.2,-6.0,-4.2,-3.7,-4.9,-7.1,-9.0,-9.4,-63.6,-68.3,-71.1,-70.4,-66.6,-61.7,-59.1,-59.8,-62.1,-64.4,-66.2,-67.8,-68.5,-68.0,-66.5,-64.1,-62.3,-61.0,-60.4,-60.8,-62.9,-62.6,-63.8,-65.9,-67.6,-67.9,-66.6,-64.6,-73.4,-78.1,-80.8,-79.8,-75.7,-71.0,-68.3,-69.0,-72.4,-74.8,-76.5,-77.6,-77.6,-77.1,-75.7,-73.6,-72.1,-71.2,-70.9,-71.1,-72.0,-71.5,-72.8,-75.1,-77.0,-77.5,-76.2,-74.0,501.3,501.1,501.5,502.3,503.0,503.6,502.8,502.0,503.5,501.2,499.7,499.7,501.6,504.1,506.8,504.7,502.2,500.8,500.8,501.9,502.9,503.3,503.5,503.4,503.1,502.7,502.5,502.6,507.5,508.4,509.4,510.0,509.8,508.9,507.9,507.5,507.4,506.8,506.7,507.7,510.0,513.0,516.1,512.7,509.6,507.1,506.1,506.5,508.8,509.1,509.6,510.1,510.2,509.9,509.4,508.9,-25.2,-32.1,515.3,0.117,-0.303,-0.18,0.59,0.8,0.06,1.44,0.04,0.0,0.0,1.24,0.58,0.88,0.0,0.0,0.0,0.0,2.52,2.09
0.241732,0.340614,-0.908597,0.067425,0.335588,-0.939593,0.166,0.351,349.5,350.6,354.9,360.1,363.0,362.3,357.6,352.4,343.7,347.3,351.9,357.0,361.7,365.4,368.2,366.1,362.5,358.1,353.0,348.1,354.4,356.7,358.6,359.1,357.8,355.5,353.5,353.1,408.1,409.1,413.4,418.5,421.3,420.3,416.0,410.5,405.6,409.0,413.2,418.0,422.1,424.6,426.2,425.1,422.9,419.5,414.8,409.8,412.5,414.9,417.0,417.5,416.1,413.7,411.6,411.2,153.4,148.0,145.1,146.3,150.9,156.6,159.2,158.0,155.2,152.2,149.8,148.1,147.9,149.0,151.2,153.1,154.2,155.2,155.8,155.9,154.9,155.4,154.1,151.7,149.6,149.1,150.4,152.8,143.8,138.5,135.9,137.5,142.4,147.7,150.3,149.1,145.3,142.6,140.6,139.7,140.4,141.9,144.2,145.5,146.2,146.5,146.5,146.4,146.0,146.8,145.5,143.0,140.7,139.9,141.1,143.7,-63.9,-63.1,-59.3,-54.9,-52.3,-52.9,-57.0,-61.4,-69.4,-65.9,-61.7,-57.3,-53.3,-50.3,-48.0,-49.7,-52.6,-56.3,-60.7,-65.2,-59.9,-57.9,-56.2,-55.8,-57.0,-58.9,-60.6,-61.0,-11.7,-10.8,-7.2,-3.0,-0.6,-1.5,-5.1,-9.6,-13.7,-10.9,-7.4,-3.3,0.1,2.3,3.6,2.6,0.8,-2.1,-6.0,-10.2,-8.0,-6.0,-4.3,-3.8,-5.0,-7.0,-8.7,-9.1,-64.1,-68.9,-71.6,-70.7,-66.6,-61.5,-59.0,-60.0,-62.7,-65.1,-67.1,-68.7,-69.1,-68.4,-66.8,-64.8,-63.5,-62.3,-61.8,-61.8,-63.0,-62.5,-63.8,-65.9,-67.7,-68.1,-66.9,-64.8,-68.9,-73.5,-76.0,-74.9,-70.8,-66.1,-63.6,-64.4,-67.5,-69.8,-71.6,-72.6,-72.5,-71.8,-70.3,-68.7,-67.6,-66.8,-66.6,-66.5,-67.3,-66.7,-67.9,-70.2,-72.1,-72.7,-71.5,-69.3,498.5,499.0,500.0,500.8,501.0,500.9,499.6,498.8,500.3,498.6,497.6,497.9,499.9,502.4,504.9,502.3,499.5,497.7,497.4,498.5,500.2,500.5,501.0,501.2,501.1,500.7,500.3,500.1,473.2,474.7,476.7,478.2,478.3,476.8,474.8,473.4,472.7,472.8,473.7,475.6,478.8,482.4,485.8,482.0,478.2,475.0,473.1,472.5,475.3,476.0,477.0,477.7,477.7,477.0,476.0,475.3,-25.9,-32.7,515.6,0.115,-0.283,-0.169,0.69,0.93,0.06,0.89,0.11,0.12,0.0,1.46,0.53,0.84,0.0,0.0,0.0,0.0,2.24,1.83
0.419671,0.305422,-0.854748,0.093825,0.348995,-0.932416,0.28,0.351,352.9,353.8,357.4,361.5,363.8,363.0,359.3,355.1,343.9,347.8,352.3,357.1,361.3,364.2,366.2,364.5,361.5,357.4,352.8,348.2,356.5,358.3,359.9,360.3,359.3,357.5,355.9,355.5,408.6,410.0,414.1,418.3,420.3,418.9,414.8,410.2,405.5,408.3,412.0,416.4,420.4,423.4,425.5,423.5,420.7,417.0,412.8,408.6,412.5,414.5,416.3,417.0,416.1,414.1,412.3,411.6,151.6,146.8,144.2,145.4,149.6,154.7,157.0,155.8,153.5,151.9,150.4,149.2,148.8,149.1,149.8,151.8,152.9,153.9,154.5,154.5,152.9,153.4,152.3,150.2,148.4,147.8,149.0,151.1,143.0,138.5,136.5,138.0,142.2,146.7,148.7,147.5,143.9,142.4,141.4,140.9,141.1,141.6,142.6,144.3,145.3,145.8,145.7,145.3,144.7,145.4,144.5,142.5,140.6,139.9,140.8,142.8,-66.0,-65.2,-62.0,-58.3,-56.2,-56.9,-60.3,-64.0,-74.9,-70.9,-66.6,-62.0,-58.3,-55.8,-54.2,-55.5,-58.1,-61.8,-66.1,-70.6,-62.9,-61.3,-59.9,-59.5,-60.4,-62.0,-63.4,-63.8,-13.9,-12.4,-8.2,-3.8,-1.7,-3.2,-7.4,-12.2,-17.2,-14.2,-10.3,-5.8,-1.7,1.4,3.7,1.6,-1.4,-5.1,-9.6,-13.9,-9.8,-7.8,-5.9,-5.2,-6.2,-8.2,-10.1,-10.8,-71.1,-75.8,-78.5,-77.7,-73.8,-68.9,-66.4,-67.2,-69.5,-70.9,-72.2,-73.4,-74.1,-74.2,-73.9,-71.7,-70.2,-69.0,-68.3,-68.4,-70.2,-69.8,-71.0,-73.1,-74.8,-75.2,-74.0,-71.9,-86.0,-90.7,-92.9,-91.4,-87.1,-82.4,-80.2,-81.4,-85.1,-86.5,-87.5,-88.1,-88.2,-88.1,-87.5,-85.4,-83.9,-83.0,-83.0,-83.5,-84.4,-83.8,-84.8,-86.9,-88.8,-89.5,-88.5,-86.4,540.1,540.6,542.5,544.7,545.8,545.6,543.3,541.2,542.0,540.3,539.5,540.1,542.5,545.5,548.6,545.7,542.6,540.5,539.9,540.5,542.9,543.8,544.7,544.9,544.4,543.5,542.7,542.4,585.4,585.7,586.5,587.2,587.5,587.2,586.4,585.9,585.9,584.8,584.2,584.7,586.8,589.8,593.2,590.1,587.1,585.0,584.2,584.9,586.9,587.3,587.6,587.8,587.6,587.3,586.9,586.8,-28.0,-34.7,524.8,0.125,-0.237,-0.154,0.87,1.05,0.12,0.47,0.12,0.12,0.0,1.65,0.41,0.81,0.0,0.0,0.0,0.0,1.94,1.59
0.425488,0.299888,-0.853831,0.107678,0.338936,-0.934627,0.29,0.343,353.1,354.0,357.5,361.7,364.0,363.4,359.6,355.5,344.1,347.9,352.4,357.1,361.3,364.3,366.4,364.7,361.6,357.5,352.9,348.3,356.8,358.6,360.2,360.6,359.5,357.7,356.2,355.8,408.8,410.2,414.2,418.4,420.3,418.9,414.9,410.4,405.6,408.4,412.0,416.3,420.1,423.1,425.3,423.3,420.4,416.8,412.7,408.6,412.7,414.6,416.4,417.0,416.1,414.3,412.5,411.8,151.4,146.6,144.1,145.4,149.6,154.6,156.8,155.6,153.4,151.7,150.3,149.1,148.8,149.2,150.0,151.7,152.6,153.4,154.0,154.1,152.8,153.3,152.3,150.2,148.3,147.8,148.9,151.0,143.0,138.7,136.7,138.2,142.3,146.6,148.6,147.4,143.9,142.5,141.5,141.0,141.3,141.8,142.8,144.3,145.3,145.8,145.7,145.3,144.7,145.4,144.5,142.5,140.7,140.0,140.9,142.8,-66.3,-65.6,-62.4,-58.6,-56.4,-57.0,-60.4,-64.1,-75.3,-71.4,-67.0,-62.5,-58.6,-56.0,-54.3,-55.7,-58.4,-62.1,-66.5,-71.0,-63.1,-61.4,-60.0,-59.7,-60.6,-62.3,-63.7,-64.0,-14.0,-12.5,-8.3,-3.9,-1.8,-3.3,-7.6,-12.3,-17.5,-14.5,-10.6,-6.1,-2.0,1.2,3.5,1.4,-1.7,-5.5,-9.9,-14.2,-9.9,-7.9,-6.0,-5.3,-6.3,-8.3,-10.2,-10.9,-71.9,-76.5,-79.2,-78.3,-74.3,-69.4,-67.0,-67.9,-70.1,-71.5,-72.9,-74.1,-74.6,-74.6,-74.3,-72.3,-71.0,-69.9,-69.2,-69.2,-70.8,-70.4,-71.6,-73.6,-75.4,-75.8,-74.6,-72.5,-88.4,-93.0,-95.2,-93.7,-89.4,-84.7,-82.5,-83.7,-87.5,-88.8,-89.8,-90.3,-90.4,-90.2,-89.7,-87.6,-86.1,-85.3,-85.3,-85.9,-86.8,-86.1,-87.1,-89.2,-91.1,-91.8,-90.8,-88.7,544.0,544.8,546.9,548.9,549.7,549.2,546.8,544.8,546.0,544.3,543.5,544.1,546.3,549.3,552.2,549.3,546.1,544.1,543.5,544.3,546.7,547.6,548.5,548.8,548.5,547.6,546.7,546.3,601.4,601.8,602.6,603.3,603.5,603.2,602.4,601.9,602.1,600.9,600.2,600.7,602.7,605.7,608.9,605.9,603.0,600.9,600.3,601.0,603.0,603.3,603.7,603.8,603.7,603.4,603.0,602.9,-28.2,-35.2,527.6,0.11,-0.231,-0.151,1.29,1.37,0.26,0.06,0.1,0.14,0.0,1.63,0.28,0.72,0.02,0.0,0.0,0.0,1.59,1.39
0.409419,0.308461,-0.85862,0.10506,0.336083,-0.935954,0.279,0.345,351.1,352.3,356.1,360.2,362.3,361.3,357.4,353.2,342.3,346.1,350.6,355.4,359.6,362.7,364.8,362.9,359.7,355.5,350.9,346.4,354.8,356.6,358.3,358.8,357.9,356.1,354.4,353.9,408.0,409.5,413.3,417.4,419.2,417.8,413.9,409.6,404.9,407.3,410.7,414.8,418.8,422.1,424.7,422.3,419.1,415.3,411.2,407.5,412.0,413.8,415.5,416.1,415.3,413.5,411.8,411.2,152.2,147.5,144.8,145.7,149.7,154.6,157.1,156.2,153.0,151.9,150.8,149.7,149.2,149.1,149.5,151.7,153.2,154.3,154.7,154.4,153.1,153.5,152.4,150.3,148.5,148.1,149.3,151.4,143.0,138.9,137.0,138.5,142.4,146.6,148.4,147.3,143.7,142.5,141.5,141.1,141.3,141.8,142.7,144.2,145.1,145.5,145.4,145.0,144.6,145.3,144.4,142.6,140.9,140.2,141.0,142.9,-68.5,-67.3,-63.8,-60.0,-58.2,-59.3,-62.9,-66.7,-77.4,-73.4,-68.9,-64.3,-60.5,-57.8,-56.1,-57.6,-60.4,-64.3,-68.7,-73.2,-65.3,-63.6,-62.1,-61.6,-62.4,-64.0,-65.6,-66.1,-15.5,-14.0,-9.7,-5.2,-3.1,-4.7,-9.0,-13.8,-19.1,-16.3,-12.6,-8.0,-3.6,0.1,3.0,0.3,-3.3,-7.4,-12.0,-16.1,-11.2,-9.2,-7.3,-6.6,-7.5,-9.5,-11.4,-12.1,-71.3,-75.8,-78.6,-78.0,-74.4,-69.7,-67.1,-67.7,-70.9,-71.7,-72.6,-73.7,-74.5,-74.9,-75.0,-72.5,-70.7,-69.4,-68.9,-69.4,-70.8,-70.5,-71.8,-73.8,-75.4,-75.6,-74.4,-72.4,-92.4,-97.0,-99.1,-97.5,-93.1,-88.5,-86.4,-87.7,-91.9,-93.0,-93.8,-94.2,-94.2,-94.0,-93.4,-91.4,-90.0,-89.4,-89.5,-90.2,-90.8,-90.0,-91.0,-93.0,-95.0,-95.7,-94.8,-92.7,546.2,545.8,547.1,549.3,551.1,552.0,550.3,548.1,548.7,546.6,545.5,545.7,547.8,550.8,553.9,551.5,548.7,546.9,546.5,547.3,549.2,550.1,550.7,550.5,549.7,548.7,548.2,548.4,629.5,629.4,629.3,629.3,629.4,629.4,629.5,629.8,631.0,629.2,627.7,627.3,628.5,630.9,633.7,631.1,628.8,627.5,627.7,629.3,630.3,630.3,630.3,630.3,630.2,630.2,630.3,630.3,-30.6,-36.1,534.9,0.089,-0.201,-0.142,1.47,1.43,0.38,0.06,0.03,0.02,0.0,1.63,0.22,0.62,0.02,0.21,0.0,0.0,1.38,1.39
0.338462,0.308476,-0.88898,0.078021,0.279639,-0.95693,0.222,0.308,347.6,348.8,352.9,357.4,359.7,358.7,354.4,349.9,340.1,343.5,347.6,352.3,356.9,360.4,362.9,360.6,357.0,352.6,348.0,343.7,351.8,353.8,355.6,356.1,355.1,353.1,351.3,350.7,405.2,406.6,410.4,414.3,416.1,414.7,410.9,406.7,402.1,404.6,408.0,412.0,416.0,419.2,421.6,419.3,416.2,412.5,408.5,404.8,409.0,410.8,412.4,413.0,412.2,410.5,408.9,408.3,155.5,150.8,148.2,149.1,153.1,157.9,160.4,159.4,155.8,154.8,153.9,152.9,152.2,152.1,152.4,154.8,156.4,157.6,157.8,157.3,156.3,156.7,155.6,153.5,151.8,151.4,152.5,154.6,146.7,142.8,141.0,142.4,146.3,150.2,152.0,150.9,147.5,146.2,145.2,144.9,145.3,146.2,147.5,148.5,148.9,149.1,148.9,148.7,148.4,149.0,148.3,146.5,144.9,144.2,145.0,146.7,-72.7,-71.3,-67.4,-63.2,-61.1,-62.2,-66.4,-70.6,-80.4,-76.8,-72.5,-67.8,-63.6,-60.4,-58.2,-60.3,-63.6,-67.8,-72.3,-76.7,-68.9,-67.0,-65.2,-64.7,-65.6,-67.4,-69.2,-69.8,-19.0,-17.4,-13.1,-8.7,-6.7,-8.3,-12.5,-17.3,-22.5,-19.7,-15.8,-11.2,-6.8,-3.2,-0.5,-3.1,-6.6,-10.7,-15.2,-19.5,-14.7,-12.7,-10.9,-10.2,-11.1,-13.0,-14.9,-15.5,-68.9,-73.2,-75.9,-75.2,-71.5,-67.0,-64.5,-65.2,-69.0,-69.7,-70.3,-71.2,-72.0,-72.5,-72.4,-69.9,-68.1,-66.8,-66.6,-67.3,-68.3,-68.0,-69.1,-71.1,-72.7,-73.0,-71.9,-69.9,-89.7,-94.3,-96.3,-94.7,-90.2,-85.6,-83.6,-84.9,-88.9,-90.2,-91.1,-91.5,-91.2,-90.6,-89.5,-87.9,-87.1,-86.7,-86.9,-87.4,-87.8,-87.1,-88.0,-90.0,-92.0,-92.7,-91.8,-89.8,551.7,550.7,551.0,552.5,554.3,555.8,555.0,553.5,555.2,552.5,550.6,550.1,551.5,553.9,556.6,554.8,552.7,551.7,552.1,553.4,554.0,554.7,554.8,554.4,553.6,552.9,552.8,553.2,639.1,639.9,640.3,640.1,639.4,638.7,638.3,638.7,640.4,638.9,637.7,637.6,639.0,641.3,644.2,641.1,638.5,637.0,637.0,638.5,639.8,639.7,639.9,640.2,640.5,640.6,640.4,640.1,-34.5,-34.4,549.7,0.044,-0.173,-0.124,1.46,1.42,0.57,0.0,0.0,0.02,0.0,1.52,0.18,0.41,0.02,0.5,0.0,0.0,1.2,1.65
0.344259,0.282344,-0.895415,0.062076,0.254884,-0.964977,0.215,0.281,348.8,349.8,353.5,357.7,360.0,359.3,355.4,351.1,341.8,344.7,348.4,352.7,357.0,360.3,362.8,360.7,357.2,353.0,348.8,345.0,352.9,354.7,356.2,356.6,355.7,353.9,352.3,351.9,405.1,406.4,410.1,414.0,415.8,414.5,410.8,406.6,402.1,404.7,408.1,412.1,415.8,418.8,421.0,419.0,416.1,412.6,408.7,404.9,408.9,410.5,412.1,412.7,411.9,410.2,408.6,408.1,154.9,150.5,148.0,149.0,152.8,157.5,159.7,158.7,156.0,154.6,153.5,152.4,152.0,152.1,152.6,154.6,155.9,156.9,157.3,157.0,155.9,156.3,155.3,153.4,151.8,151.3,152.4,154.3,146.7,142.8,141.1,142.5,146.2,150.1,151.9,150.8,147.5,146.3,145.3,144.9,145.3,146.2,147.5,148.4,148.8,148.9,148.8,148.6,148.4,149.0,148.2,146.5,144.9,144.3,145.1,146.7,-77.3,-76.2,-72.4,-68.1,-65.7,-66.6,-70.6,-75.0,-85.3,-81.8,-77.7,-73.0,-68.7,-65.4,-62.9,-65.0,-68.5,-72.8,-77.3,-81.6,-73.3,-71.4,-69.8,-69.3,-70.3,-72.2,-73.8,-74.2,-19.4,-17.9,-13.7,-9.2,-7.1,-8.6,-12.8,-17.6,-22.8,-19.8,-15.9,-11.3,-7.1,-3.7,-1.2,-3.5,-6.7,-10.7,-15.2,-19.6,-15.1,-13.2,-11.3,-10.7,-11.6,-13.5,-15.4,-16.0,-75.1,-79.8,-82.4,-81.5,-77.6,-72.7,-70.3,-71.2,-74.5,-75.6,-76.5,-77.5,-78.2,-78.4,-78.1,-75.7,-74.1,-72.9,-72.6,-73.1,-74.3,-73.9,-75.1,-77.0,-78.7,-79.1,-78.0,-76.0,-91.0,-95.6,-97.7,-96.1,-91.7,-87.1,-85.0,-86.2,-90.1,-91.4,-92.4,-92.9,-92.6,-92.1,-91.0,-89.5,-88.6,-88.2,-88.3,-88.7,-89.2,-88.5,-89.4,-91.4,-93.3,-94.0,-93.1,-91.1,597.0,596.8,597.4,598.4,599.4,600.0,599.0,597.9,600.9,598.2,596.3,595.6,596.7,598.8,601.2,599.2,597.0,596.2,596.8,598.6,598.9,599.3,599.6,599.5,599.1,598.7,598.4,598.5,648.2,649.3,650.1,650.1,649.4,648.3,647.5,647.7,649.0,647.8,647.0,647.3,649.0,651.7,654.7,651.3,648.4,646.5,646.2,647.4,649.1,649.1,649.4,649.9,650.2,650.2,649.8,649.4,-34.8,-34.9,556.2,0.015,-0.162,-0.116,1.18,1.2,0.63,0.0,0.0,0.0,0.0,1.47,0.12,0.37,0.01,0.86,0.0,0.0,1.12,1.98
0.321701,0.30058,-0.897864,-0.022631,0.268119,-0.96312,0.159,0.297,349.0,350.1,353.7,357.8,359.8,358.9,355.1,351.0,341.6,344.9,348.7,353.0,356.9,360.0,362.1,360.3,357.2,353.2,349.1,345.1,352.6,354.4,356.0,356.5,355.6,353.8,352.2,351.7,403.5,404.6,408.5,412.8,415.1,413.9,410.0,405.4,401.0,404.0,407.7,411.9,415.6,418.2,420.0,418.5,416.1,412.8,408.7,404.4,407.4,409.4,411.2,411.7,410.7,408.7,406.9,406.4,158.2,153.8,151.4,152.5,156.4,161.0,163.2,162.1,159.1,157.8,156.8,155.7,155.2,155.2,155.7,157.9,159.3,160.4,160.7,160.3,159.4,159.9,158.8,156.8,155.1,154.6,155.7,157.6,150.5,146.2,144.3,145.8,149.9,154.2,156.1,154.9,151.4,149.8,148.6,148.2,148.8,149.9,151.6,152.6,153.0,153.1,152.9,152.6,152.5,153.2,152.3,150.4,148.5,147.8,148.7,150.6,-77.2,-76.0,-72.3,-68.2,-66.2,-67.2,-71.1,-75.2,-85.3,-81.6,-77.4,-72.9,-68.9,-66.0,-63.9,-65.7,-68.7,-72.7,-77.1,-81.4,-73.7,-71.8,-70.2,-69.6,-70.6,-72.4,-74.0,-74.6,-19.0,-17.9,-13.9,-9.5,-7.1,-8.3,-12.3,-17.0,-21.5,-18.4,-14.6,-10.3,-6.6,-4.0,-2.1,-3.6,-6.0,-9.4,-13.6,-18.0,-15.0,-13.0,-11.2,-10.6,-11.7,-13.7,-15.5,-16.0,-71.6,-76.3,-79.0,-78.1,-74.1,-69.2,-66.7,-67.7,-71.0,-72.1,-73.1,-74.2,-75.0,-75.3,-75.1,-72.5,-70.6,-69.3,-69.0,-69.5,-70.7,-70.3,-71.5,-73.6,-75.4,-75.8,-74.6,-72.5,-77.4,-81.9,-84.2,-82.7,-78.4,-73.8,-71.6,-72.7,-76.3,-78.0,-79.3,-79.9,-79.6,-78.8,-77.5,-76.0,-75.1,-74.7,-74.7,-75.0,-75.5,-74.8,-75.8,-77.9,-79.9,-80.6,-79.5,-77.5,597.2,597.1,598.3,600.2,601.6,602.1,600.4,598.6,599.6,597.6,596.4,596.5,598.2,600.8,603.5,601.2,598.6,597.1,597.1,598.1,599.8,600.6,601.2,601.2,600.5,599.7,599.2,599.2,578.8,580.5,582.2,582.9,582.2,580.5,578.8,578.2,578.6,578.3,578.6,580.0,582.4,585.5,588.7,585.0,581.5,578.8,577.5,577.7,580.2,580.5,581.3,582.1,582.4,582.1,581.3,580.5,-36.0,-33.2,565.0,0.032,-0.134,-0.107,1.0,1.03,0.85,0.0,0.0,0.0,0.0,1.4,0.08,0.45,0.06,1.05,0.04,0.0,1.18,2.11
0.235919,0.326394,-0.915319,0.036435,0.270003,-0.96217,0.144,0.308,347.3,348.7,352.6,356.7,358.6,357.4,353.3,349.2,340.6,344.1,348.1,352.5,356.5,359.4,361.5,359.7,356.6,352.7,348.4,344.2,351.0,352.8,354.5,355.1,354.3,352.5,350.8,350.2,404.4,405.7,409.3,413.1,414.8,413.4,409.9,405.9,401.3,403.8,407.0,410.9,414.6,417.6,419.8,417.7,414.8,411.3,407.5,403.9,408.1,409.7,411.2,411.8,411.0,409.4,407.9,407.3,158.1,153.7,151.2,152.1,155.9,160.5,162.8,161.9,158.4,157.4,156.5,155.5,154.7,154.4,154.6,157.1,158.9,160.2,160.4,159.8,158.9,159.3,158.2,156.3,154.6,154.2,155.3,157.2,150.2,146.5,144.9,146.3,149.9,153.6,155.2,154.2,151.2,149.8,148.8,148.5,149.0,149.9,151.4,152.2,152.5,152.6,152.4,152.2,151.9,152.5,151.8,150.2,148.6,148.0,148.7,150.3,-77.1,-75.5,-71.6,-67.7,-65.9,-67.4,-71.5,-75.5,-84.4,-80.5,-76.2,-71.7,-67.8,-65.0,-63.2,-64.9,-67.8,-71.7,-76.1,-80.5,-73.7,-71.9,-70.2,-69.5,-70.3,-72.0,-73.7,-74.4,-20.8,-19.2,-15.0,-10.6,-8.6,-10.1,-14.3,-19.0,-24.5,-21.5,-17.7,-13.1,-8.7,-5.2,-2.6,-5.1,-8.5,-12.5,-17.1,-21.4,-16.5,-14.6,-12.8,-12.1,-13.0,-14.9,-16.7,-17.4,-70.1,-74.6,-77.2,-76.5,-72.9,-68.3,-65.8,-66.5,-70.1,-70.9,-71.6,-72.7,-73.8,-74.5,-74.6,-71.8,-69.6,-68.1,-67.8,-68.5,-69.7,-69.4,-70.5,-72.5,-74.1,-74.4,-73.2,-71.3,-89.5,-94.1,-96.1,-94.5,-90.1,-85.5,-83.5,-84.8,-88.5,-89.9,-91.0,-91.5,-91.0,-90.2,-88.9,-87.5,-86.8,-86.5,-86.7,-87.1,-87.7,-87.0,-87.8,-89.8,-91.7,-92.4,-91.5,-89.6,583.8,582.7,583.5,585.6,587.8,589.4,588.1,586.0,585.7,583.7,582.6,582.8,584.7,587.5,590.5,588.6,586.0,584.4,584.1,584.7,586.7,587.6,587.9,587.5,586.5,585.6,585.2,585.7,667.6,668.8,669.5,669.4,668.5,667.4,666.6,666.9,668.7,667.4,666.4,666.5,668.0,670.5,673.3,670.1,667.3,665.6,665.5,666.9,668.3,668.3,668.6,669.1,669.4,669.5,669.2,668.7,-37.0,-32.7,565.9,0.051,-0.104,-0.092,0.94,1.03,0.9,0.0,0.0,0.0,0.0,1.45,0.04,0.6,0.12,1.16,0.05,0.0,1.21,2.13
0.258343,0.31811,-0.912176,0.030505,0.273854,-0.961287,0.153,0.306,347.5,348.9,352.7,356.8,358.8,357.6,353.5,349.5,340.4,343.9,348.0,352.4,356.4,359.4,361.5,359.7,356.6,352.5,348.2,344.0,351.2,353.0,354.7,355.3,354.4,352.7,351.0,350.4,404.3,405.6,409.2,413.0,414.8,413.5,409.9,405.8,401.2,403.7,407.0,410.9,414.7,417.6,419.8,417.8,414.9,411.4,407.5,403.8,408.0,409.6,411.2,411.7,410.9,409.3,407.7,407.2,158.1,153.7,151.2,152.1,155.8,160.4,162.8,161.9,158.5,157.5,156.6,155.5,154.7,154.4,154.6,157.2,159.1,160.4,160.6,160.0,158.9,159.3,158.2,156.2,154.6,154.2,155.3,157.3,150.3,146.5,144.8,146.2,149.8,153.6,155.3,154.3,151.2,149.8,148.8,148.5,149.0,149.9,151.3,152.2,152.5,152.5,152.4,152.2,151.9,152.5,151.8,150.2,148.6,148.0,148.7,150.4,-76.1,-74.6,-70.7,-66.8,-65.0,-66.4,-70.5,-74.4,-83.7,-79.8,-75.5,-71.0,-67.1,-64.3,-62.5,-64.2,-67.1,-71.0,-75.4,-79.8,-72.7,-70.9,-69.3,-68.6,-69.3,-71.1,-72.7,-73.4,-20.7,-19.2,-15.0,-10.5,-8.4,-9.9,-14.1,-18.9,-24.3,-21.3,-17.4,-12.9,-8.6,-5.2,-2.6,-4.9,-8.3,-12.3,-16.8,-21.1,-16.4,-14.5,-12.7,-12.0,-12.9,-14.8,-16.6,-17.3,-69.3,-73.7,-76.4,-75.8,-72.2,-67.6,-65.1,-65.7,-69.2,-70.0,-70.8,-71.9,-72.9,-73.6,-73.8,-70.9,-68.6,-67.1,-66.8,-67.5,-68.9,-68.6,-69.8,-71.7,-73.3,-73.6,-72.4,-70.5,-88.2,-92.8,-94.9,-93.3,-88.9,-84.4,-82.3,-83.5,-87.3,-88.7,-89.8,-90.2,-89.8,-89.1,-87.8,-86.4,-85.7,-85.4,-85.5,-85.9,-86.4,-85.7,-86.6,-88.6,-90.5,-91.2,-90.3,-88.3,577.3,576.2,577.0,579.1,581.4,582.9,581.6,579.5,579.4,577.3,576.1,576.2,578.1,580.8,583.9,582.0,579.5,577.9,577.7,578.4,580.2,581.1,581.4,581.0,580.0,579.1,578.7,579.2,658.6,659.8,660.7,660.7,659.8,658.5,657.6,657.8,659.5,658.3,657.5,657.7,659.3,661.8,664.7,661.4,658.5,656.7,656.4,657.7,659.3,659.3,659.7,660.2,660.6,660.7,660.3,659.7,-37.0,-32.7,565.5,0.054,-0.109,-0.09,0.79,0.83,1.17,0.0,0.0,0.0,0.0,1.54,0.04,0.73,0.17,1.29,0.05,0.0,1.22,2.11
0.220903,0.306241,-0.925969,0.066805,0.268768,-0.960885,0.151,0.296,347.4,348.4,351.9,355.9,357.9,357.1,353.4,349.4,341.3,344.2,347.9,352.0,355.9,358.9,360.9,359.1,356.1,352.3,348.3,344.5,351.0,352.7,354.3,354.7,353.8,352.1,350.6,350.1,404.6,406.0,409.6,413.5,415.2,413.9,410.2,406.1,401.0,403.6,406.9,410.8,414.6,417.6,420.0,417.8,414.8,411.2,407.3,403.6,408.3,410.0,411.6,412.2,411.4,409.7,408.1,407.5,157.1,153.0,150.6,151.3,154.7,158.9,161.2,160.4,157.7,156.6,155.7,154.6,153.8,153.5,153.8,156.0,157.7,158.9,159.3,158.9,157.6,158.0,156.9,155.2,153.7,153.4,154.4,156.2,149.4,145.6,144.0,145.5,149.1,152.9,154.5,153.4,150.4,149.1,148.1,147.7,148.3,149.2,150.6,151.3,151.6,151.5,151.4,151.3,151.1,151.8,151.1,149.4,147.8,147.2,147.9,149.5,-83.2,-81.8,-78.0,-73.8,-71.7,-72.8,-76.9,-81.1,-90.3,-86.7,-82.4,-77.8,-73.6,-70.6,-68.6,-70.5,-73.6,-77.7,-82.1,-86.5,-79.4,-77.5,-75.8,-75.3,-76.2,-78.0,-79.7,-80.2,-20.3,-18.7,-14.4,-9.9,-7.9,-9.5,-13.7,-18.5,-24.4,-21.5,-17.6,-13.0,-8.7,-5.1,-2.4,-4.9,-8.4,-12.5,-17.1,-21.3,-16.0,-14.0,-12.2,-11.5,-12.4,-14.3,-16.2,-16.9,-76.8,-81.2,-83.9,-83.3,-79.8,-75.3,-72.6,-73.3,-76.5,-77.4,-78.2,-79.4,-80.4,-81.1,-81.1,-78.5,-76.3,-74.8,-74.4,-75.0,-76.4,-76.2,-77.4,-79.3,-80.8,-81.1,-79.9,-78.0,-89.2,-93.8,-95.8,-94.1,-89.6,-85.1,-83.1,-84.4,-88.1,-89.5,-90.6,-91.0,-90.5,-89.7,-88.4,-87.2,-86.6,-86.4,-86.5,-86.8,-87.2,-86.5,-87.4,-89.4,-91.3,-92.0,-91.2,-89.2,629.5,628.4,628.7,630.3,632.3,633.9,633.1,631.5,632.5,629.9,628.3,628.0,629.6,632.1,635.0,633.2,630.9,629.7,629.9,631.0,632.0,632.7,632.8,632.3,631.4,630.7,630.6,631.1,657.9,659.3,660.2,660.1,659.0,657.6,656.7,656.9,659.1,657.8,656.9,656.9,658.2,660.5,663.3,660.0,657.3,655.7,655.7,657.2,658.5,658.5,658.9,659.5,660.0,660.0,659.6,659.0,-37.1,-32.7,563.8,0.051,-0.099,-0.087,0.7,0.76,1.27,0.0,0.0,0.04,0.0,1.52,0.04,0.78,0.19,1.37,0.02,0.0,1.17,2.23
0.227768,0.301013,-0.92602,0.068447,0.263136,-0.962328,0.156,0.29,347.2,348.3,351.8,355.9,358.0,357.2,353.4,349.4,341.0,344.0,347.7,351.9,355.9,358.9,361.1,359.2,356.1,352.2,348.1,344.3,351.0,352.7,354.3,354.7,353.8,352.1,350.5,350.1,404.6,406.0,409.6,413.5,415.2,413.9,410.2,406.1,401.1,403.6,406.9,410.8,414.6,417.6,419.9,417.8,414.8,411.2,407.3,403.7,408.3,410.0,411.6,412.2,411.4,409.7,408.1,407.5,157.1,152.9,150.5,151.2,154.7,159.0,161.3,160.6,157.8,156.7,155.8,154.6,153.8,153.5,153.7,156.0,157.7,158.9,159.4,159.0,157.7,158.0,157.0,155.2,153.7,153.4,154.4,156.2,149.4,145.6,144.0,145.5,149.1,152.9,154.5,153.4,150.4,149.1,148.1,147.7,148.3,149.2,150.7,151.4,151.6,151.5,151.4,151.3,151.1,151.8,151.1,149.4,147.8,147.2,147.9,149.5,-81.8,-80.5,-76.6,-72.4,-70.3,-71.3,-75.4,-79.7,-89.0,-85.4,-81.1,-76.5,-72.3,-69.3,-67.2,-69.1,-72.2,-76.4,-80.8,-85.2,-77.9,-76.1,-74.4,-73.9,-74.8,-76.6,-78.3,-78.8,-20.3,-18.7,-14.4,-10.0,-7.9,-9.5,-13.7,-18.5,-24.4,-21.5,-17.6,-13.0,-8.7,-5.1,-2.4,-4.9,-8.4,-12.5,-17.0,-21.3,-16.0,-14.0,-12.2,-11.5,-12.4,-14.3,-16.2,-16.9,-75.3,-79.7,-82.4,-81.8,-78.3,-73.8,-71.2,-71.8,-74.9,-75.8,-76.6,-77.9,-78.9,-79.6,-79.7,-77.0,-74.9,-73.3,-72.9,-73.4,-75.0,-74.7,-75.9,-77.8,-79.3,-79.6,-78.4,-76.5,-89.3,-93.8,-95.9,-94.2,-89.7,-85.2,-83.2,-84.5,-88.2,-89.6,-90.6,-91.1,-90.6,-89.8,-88.5,-87.2,-86.6,-86.4,-86.6,-86.9,-87.3,-86.6,-87.4,-89.4,-91.4,-92.1,-91.2,-89.2,618.0,616.8,617.1,618.6,620.5,622.1,621.4,619.9,621.1,618.5,616.7,616.3,617.8,620.4,623.2,621.4,619.1,618.1,618.3,619.5,620.3,621.0,621.1,620.6,619.8,619.1,619.0,619.5,658.3,659.7,660.7,660.6,659.5,658.0,657.1,657.3,659.4,658.2,657.3,657.3,658.7,661.1,663.8,660.6,657.8,656.1,656.1,657.5,658.9,658.9,659.3,660.0,660.5,660.5,660.1,659.4,-37.1,-32.5,562.2,0.045,-0.102,-0.085,0.74,0.75,1.35,0.0,0.0,0.04,0.0,1.52,0.02,0.83,0.2,1.38,0.01,0.0,1.28,2.24
0.246571,0.316554,-0.915967,0.006633,0.275821,-0.961186,0.134,0.306,347.8,348.9,352.5,356.4,358.3,357.4,353.6,349.7,341.3,344.4,348.0,352.1,355.9,358.9,361.0,359.2,356.1,352.3,348.3,344.6,351.4,353.1,354.6,355.1,354.3,352.6,351.0,350.5,403.6,405.0,408.7,412.6,414.3,412.9,409.1,405.0,400.7,403.1,406.4,410.4,414.2,417.3,419.7,417.5,414.4,410.9,406.9,403.3,407.3,409.0,410.7,411.3,410.5,408.8,407.2,406.5,158.5,154.4,152.1,153.0,156.6,160.9,163.0,162.1,159.1,158.0,157.1,156.1,155.4,155.2,155.5,157.7,159.3,160.4,160.7,160.2,159.4,159.8,158.8,157.0,155.4,155.0,156.0,157.8,151.9,148.1,146.4,147.8,151.6,155.4,157.1,155.9,152.8,151.5,150.5,150.2,150.7,151.7,153.1,153.9,154.2,154.2,154.0,153.8,153.6,154.3,153.5,151.9,150.2,149.6,150.3,152.0,-83.0,-81.7,-77.8,-73.6,-71.6,-72.8,-76.9,-81.1,-90.7,-86.9,-82.7,-78.1,-73.9,-70.9,-68.9,-70.7,-73.8,-78.0,-82.5,-86.8,-79.3,-77.5,-75.8,-75.2,-76.1,-77.9,-79.6,-80.2,-21.2,-19.6,-15.3,-10.9,-8.9,-10.5,-14.8,-19.6,-24.6,-21.8,-17.9,-13.4,-9.0,-5.4,-2.7,-5.2,-8.7,-12.8,-17.4,-21.6,-17.0,-15.0,-13.1,-12.4,-13.2,-15.2,-17.1,-17.8,-75.5,-80.0,-82.7,-81.9,-78.1,-73.4,-70.8,-71.7,-75.2,-76.1,-76.9,-78.0,-79.0,-79.6,-79.6,-76.9,-74.8,-73.4,-73.1,-73.7,-74.8,-74.5,-75.6,-77.6,-79.3,-79.6,-78.5,-76.5,-85.5,-90.0,-92.0,-90.3,-85.9,-81.3,-79.3,-80.7,-84.5,-85.9,-86.8,-87.2,-86.8,-86.0,-84.7,-83.4,-82.7,-82.5,-82.7,-83.1,-83.5,-82.7,-83.6,-85.6,-87.6,-88.4,-87.5,-85.4,632.3,631.5,632.2,633.9,635.6,636.8,635.7,634.0,635.0,632.6,631.2,631.0,632.5,635.0,637.7,635.7,633.3,632.1,632.3,633.5,634.8,635.5,635.8,635.5,634.7,634.0,633.7,634.0,651.6,652.7,653.2,652.9,651.8,650.7,650.2,650.7,652.6,651.3,650.2,650.1,651.4,653.7,656.4,653.3,650.7,649.1,649.2,650.7,652.0,651.9,652.1,652.6,653.1,653.2,653.0,652.5,-37.9,-31.5,565.2,0.046,-0.09,-0.078,0.9,0.91,1.19,0.0,0.0,0.04,0.0,1.47,0.02,0.84,0.29,1.34,0.04,0.0,1.38,2.26
0.304119,0.309666,-0.900899,-0.023334,0.28455,-0.958377,0.15,0.309,347.7,348.8,352.5,356.6,358.7,357.8,353.9,349.8,340.0,343.2,347.0,351.4,355.5,358.7,360.9,359.0,355.8,351.7,347.5,343.5,351.4,353.2,354.8,355.3,354.4,352.6,351.0,350.5,402.8,404.2,408.1,412.1,413.9,412.5,408.6,404.3,399.9,402.7,406.4,410.5,414.1,416.9,418.8,417.0,414.3,410.9,406.8,402.8,406.5,408.3,410.0,410.6,409.8,408.1,406.4,405.7,160.6,156.1,153.6,154.7,158.6,163.3,165.5,164.5,161.7,160.2,159.1,157.9,157.2,157.0,157.5,159.8,161.4,162.6,163.0,162.8,161.6,162.1,161.0,159.1,157.3,156.9,157.9,159.9,154.0,149.9,148.2,149.8,153.8,157.9,159.7,158.4,154.6,153.3,152.5,152.3,152.9,153.8,155.1,156.2,156.6,156.7,156.4,155.9,155.9,156.6,155.8,154.0,152.3,151.5,152.3,154.1,-77.3,-76.1,-72.3,-68.3,-66.3,-67.3,-71.2,-75.3,-85.7,-82.0,-77.9,-73.3,-69.2,-66.2,-64.2,-65.9,-69.0,-73.1,-77.5,-81.8,-73.7,-71.9,-70.3,-69.8,-70.7,-72.4,-74.1,-74.6,-21.0,-19.5,-15.3,-10.9,-8.9,-10.5,-14.7,-19.4,-24.2,-21.0,-17.1,-12.6,-8.6,-5.6,-3.5,-5.5,-8.4,-12.1,-16.5,-20.9,-17.0,-15.0,-13.2,-12.5,-13.4,-15.3,-17.2,-17.8,-68.1,-72.7,-75.4,-74.5,-70.6,-65.7,-63.2,-64.1,-67.2,-68.4,-69.5,-70.7,-71.7,-72.1,-72.0,-69.3,-67.3,-65.9,-65.5,-65.9,-67.2,-66.8,-68.0,-70.1,-71.8,-72.2,-71.0,-68.9,-78.7,-83.3,-85.3,-83.6,-79.2,-74.6,-72.5,-73.9,-78.1,-79.4,-80.2,-80.6,-80.2,-79.6,-78.5,-76.9,-76.0,-75.6,-75.9,-76.5,-76.8,-76.0,-76.9,-79.0,-80.9,-81.7,-80.8,-78.7,587.6,587.4,588.5,590.4,591.8,592.5,590.9,589.1,590.4,588.1,586.8,586.7,588.3,590.8,593.5,591.3,588.7,587.4,587.7,588.8,590.2,591.0,591.5,591.4,590.8,590.0,589.5,589.6,617.6,618.6,619.7,620.3,620.0,618.9,617.8,617.4,617.9,617.1,616.7,617.5,619.6,622.6,625.8,622.4,619.2,616.9,616.0,616.7,618.9,619.2,619.7,620.1,620.3,620.0,619.5,619.1,-38.6,-30.3,566.2,0.046,-0.082,-0.075,1.0,0.99,1.15,0.0,0.0,0.05,0.0,1.43,0.0,0.83,0.32,1.32,0.17,0.0,1.41,2.29
0.260981,0.323271,-0.909607,-0.026832,0.284101,-0.958419,0.125,0.314,345.6,346.8,350.5,354.7,356.9,356.0,351.9,347.7,338.9,341.9,345.5,349.7,353.9,357.1,359.5,357.4,354.0,349.9,345.8,342.1,349.5,351.3,353.0,353.5,352.6,350.7,349.0,348.5,401.8,403.3,407.1,411.1,412.9,411.5,407.7,403.4,399.0,401.8,405.4,409.5,413.2,416.0,418.0,416.1,413.4,409.9,405.9,401.9,405.6,407.4,409.1,409.7,408.9,407.1,405.4,404.8,161.1,156.7,154.3,155.4,159.2,163.8,166.0,164.9,161.8,160.6,159.6,158.5,157.8,157.6,158.0,160.4,162.1,163.3,163.5,163.0,162.2,162.6,161.6,159.6,157.9,157.5,158.5,160.4,154.3,150.3,148.6,150.1,154.1,158.1,159.9,158.6,154.9,153.7,152.9,152.6,153.2,154.1,155.5,156.5,156.9,157.0,156.7,156.2,156.2,156.9,156.1,154.3,152.6,151.9,152.7,154.4,-81.6,-80.2,-76.3,-71.9,-69.8,-70.9,-75.2,-79.5,-89.2,-85.6,-81.5,-76.9,-72.7,-69.5,-67.2,-69.2,-72.6,-76.9,-81.3,-85.5,-77.7,-75.8,-74.0,-73.4,-74.4,-76.3,-78.0,-78.6,-22.2,-20.7,-16.5,-12.1,-10.0,-11.6,-15.8,-20.6,-25.4,-22.2,-18.3,-13.8,-9.8,-6.7,-4.5,-6.6,-9.5,-13.3,-17.7,-22.1,-18.1,-16.2,-14.3,-13.6,-14.5,-16.5,-18.3,-19.0,-69.3,-73.9,-76.5,-75.5,-71.6,-66.8,-64.4,-65.3,-68.9,-69.9,-70.7,-71.8,-72.7,-73.2,-73.1,-70.3,-68.3,-66.9,-66.7,-67.4,-68.4,-68.0,-69.1,-71.2,-72.9,-73.4,-72.2,-70.2,-79.1,-83.6,-85.7,-84.0,-79.6,-75.0,-72.9,-74.3,-78.4,-79.7,-80.6,-80.9,-80.5,-79.8,-78.8,-77.2,-76.3,-76.0,-76.3,-76.8,-77.2,-76.4,-77.3,-79.3,-81.3,-82.0,-81.1,-79.1,603.2,602.6,603.1,604.5,605.9,607.0,606.0,604.6,606.4,603.8,602.2,601.6,602.8,605.0,607.5,605.6,603.4,602.5,603.2,604.6,605.4,606.0,606.3,606.0,605.4,604.8,604.5,604.8,623.3,624.4,625.4,625.8,625.3,624.2,623.2,622.9,623.7,622.8,622.3,623.0,625.0,627.9,631.1,627.7,624.5,622.3,621.6,622.4,624.4,624.6,625.1,625.6,625.8,625.6,625.1,624.7,-39.4,-29.5,564.6,0.052,-0.077,-0.078,1.03,1.02,1.11,0.0,0.0,0.08,0.0,1.39,0.0,0.81,0.36,1.4,0.26,0.0,1.34,2.34
0.259211,0.321841,-0.91062,-0.036253,0.283089,-0.958408,0.119,0.313,345.5,346.7,350.5,354.7,356.8,355.9,351.9,347.7,338.9,341.9,345.4,349.7,353.8,357.0,359.4,357.4,354.0,349.8,345.8,342.1,349.4,351.3,353.0,353.5,352.6,350.7,349.0,348.5,401.7,403.2,407.1,411.1,412.9,411.4,407.6,403.2,399.0,401.8,405.4,409.5,413.2,416.0,418.0,416.2,413.4,410.0,405.9,401.9,405.5,407.3,409.0,409.6,408.9,407.1,405.4,404.7,161.1,156.7,154.3,155.4,159.2,163.8,166.0,164.9,161.8,160.6,159.6,158.5,157.8,157.6,158.0,160.4,162.1,163.3,163.5,163.0,162.2,162.6,161.6,159.6,157.9,157.5,158.5,160.5,154.3,150.3,148.5,150.1,154.1,158.2,159.9,158.6,154.9,153.7,152.8,152.6,153.2,154.1,155.5,156.5,156.9,157.0,156.7,156.2,156.2,156.9,156.1,154.3,152.6,151.9,152.6,154.4,-81.8,-80.5,-76.5,-72.1,-70.0,-71.1,-75.3,-79.7,-89.3,-85.8,-81.7,-77.1,-72.9,-69.6,-67.3,-69.4,-72.7,-77.1,-81.5,-85.7,-77.9,-75.9,-74.1,-73.6,-74.5,-76.4,-78.2,-78.8,-22.3,-20.7,-16.5,-12.1,-10.0,-11.6,-15.9,-20.6,-25.3,-22.1,-18.2,-13.7,-9.7,-6.6,-4.4,-6.5,-9.5,-13.2,-17.6,-22.0,-18.1,-16.2,-14.3,-13.6,-14.5,-16.5,-18.3,-19.0,-69.4,-74.0,-76.6,-75.6,-71.7,-66.9,-64.4,-65.4,-69.0,-70.0,-70.8,-71.9,-72.8,-73.3,-73.2,-70.4,-68.3,-67.0,-66.8,-67.5,-68.5,-68.1,-69.2,-71.3,-73.0,-73.5,-72.3,-70.3,-78.8,-83.4,-85.4,-83.7,-79.3,-74.7,-72.6,-74.0,-78.2,-79.4,-80.3,-80.6,-80.2,-79.6,-78.5,-76.9,-76.1,-75.7,-76.0,-76.6,-76.9,-76.1,-77.0,-79.0,-81.0,-81.8,-80.9,-78.8,604.2,603.6,604.1,605.4,606.8,607.8,606.9,605.6,607.4,604.8,603.2,602.6,603.7,605.8,608.3,606.4,604.3,603.5,604.1,605.6,606.4,606.9,607.2,606.9,606.3,605.7,605.5,605.8,621.0,622.1,623.1,623.5,623.0,621.9,620.9,620.7,621.4,620.5,620.1,620.7,622.7,625.6,628.8,625.4,622.2,620.0,619.3,620.1,622.2,622.3,622.8,623.2,623.5,623.3,622.9,622.4,-39.4,-29.4,564.4,0.05,-0.078,-0.077,0.9,0.79,1.22,0.0,0.0,0.11,0.0,1.5,0.0,0.66,0.29,1.55,0.3,0.0,1.33,2.33
0.201499,0.304787,-0.930862,0.048867,0.267975,-0.962186,0.131,0.294,343.6,344.7,348.3,352.3,354.4,353.6,349.7,345.7,337.8,340.6,344.1,348.2,352.1,355.2,357.4,355.4,352.3,348.5,344.6,340.9,347.4,349.2,350.8,351.2,350.3,348.5,346.9,346.4,401.6,402.9,406.7,410.6,412.4,411.0,407.2,403.0,397.9,400.5,403.8,407.8,411.7,414.8,417.1,415.0,411.9,408.3,404.3,400.6,405.3,407.0,408.6,409.2,408.5,406.8,405.2,404.5,159.5,155.4,153.2,154.0,157.6,161.9,164.0,163.1,160.1,158.9,158.0,157.0,156.4,156.3,156.8,158.9,160.5,161.6,161.8,161.3,160.4,160.8,159.8,158.0,156.4,156.0,157.0,158.8,152.3,148.4,146.8,148.3,152.0,155.9,157.6,156.4,153.3,152.0,150.9,150.6,151.1,152.0,153.4,154.2,154.5,154.6,154.4,154.3,154.1,154.7,154.0,152.3,150.7,150.0,150.8,152.4,-88.0,-86.6,-82.6,-78.3,-76.1,-77.2,-81.5,-85.8,-94.9,-91.4,-87.2,-82.6,-78.4,-75.2,-73.0,-75.0,-78.3,-82.5,-86.9,-91.2,-84.0,-82.1,-80.3,-79.7,-80.6,-82.6,-84.4,-85.0,-23.4,-21.9,-17.6,-13.1,-11.1,-12.6,-16.9,-21.7,-27.6,-24.6,-20.8,-16.2,-11.9,-8.3,-5.6,-8.1,-11.5,-15.6,-20.2,-24.5,-19.1,-17.2,-15.3,-14.7,-15.6,-17.5,-19.3,-20.0,-74.6,-79.1,-81.6,-80.8,-77.0,-72.4,-69.9,-70.8,-74.3,-75.3,-76.1,-77.2,-78.1,-78.4,-78.2,-75.6,-73.6,-72.3,-72.1,-72.8,-73.9,-73.5,-74.6,-76.7,-78.3,-78.7,-77.6,-75.6,-84.4,-89.0,-91.0,-89.3,-84.9,-80.3,-78.3,-79.6,-83.4,-84.8,-85.8,-86.3,-85.9,-85.1,-83.9,-82.5,-81.8,-81.5,-81.7,-82.0,-82.5,-81.7,-82.6,-84.6,-86.5,-87.3,-86.4,-84.4,634.2,633.2,633.4,634.7,636.3,637.7,637.1,635.8,637.2,634.6,632.8,632.3,633.6,635.9,638.6,636.8,634.7,633.8,634.2,635.6,636.3,636.9,637.0,636.5,635.8,635.2,635.1,635.6,647.1,648.4,649.3,649.3,648.4,647.1,646.2,646.4,648.4,647.1,646.2,646.2,647.6,649.9,652.7,649.5,646.8,645.1,645.1,646.5,647.9,647.9,648.3,648.8,649.2,649.3,648.9,648.3,-40.3,-29.1,560.3,0.049,-0.073,-0.079,0.76,0.5,1.25,0.0,0.0,0.06,0.0,1.57,0.0,0.57,0.25,1.63,0.24,0.0,1.32,2.24
0.184867,0.302121,-0.935172,0.073175,0.255084,-0.964146,0.135,0.285,342.7,343.9,347.6,351.7,353.8,352.9,348.9,344.8,337.1,339.9,343.6,347.8,351.8,355.0,357.2,355.2,352.0,348.0,344.0,340.2,346.6,348.4,350.0,350.6,349.6,347.8,346.2,345.7,401.7,403.2,407.0,411.0,412.8,411.3,407.5,403.2,397.8,400.4,403.8,407.8,411.8,415.1,417.7,415.3,412.0,408.2,404.2,400.4,405.6,407.3,408.9,409.6,408.8,407.1,405.5,404.8,159.1,155.0,152.7,153.6,157.1,161.4,163.5,162.6,159.5,158.4,157.6,156.6,155.9,155.8,156.3,158.6,160.2,161.4,161.5,160.9,159.8,160.2,159.2,157.4,155.9,155.5,156.5,158.3,151.7,147.8,146.1,147.6,151.4,155.4,157.1,155.9,152.8,151.4,150.3,150.0,150.5,151.4,152.8,153.7,154.0,154.0,153.9,153.8,153.5,154.2,153.4,151.7,150.1,149.4,150.2,151.9,-86.5,-85.1,-81.0,-76.7,-74.6,-75.8,-80.1,-84.5,-93.1,-89.6,-85.4,-80.7,-76.5,-73.4,-71.2,-73.3,-76.5,-80.7,-85.2,-89.5,-82.6,-80.7,-78.9,-78.2,-79.1,-81.0,-82.8,-83.4,-22.8,-21.2,-16.9,-12.4,-10.4,-12.0,-16.3,-21.1,-27.2,-24.3,-20.4,-15.9,-11.5,-7.8,-4.9,-7.6,-11.2,-15.4,-20.0,-24.2,-18.5,-16.5,-14.7,-14.0,-14.9,-16.8,-18.6,-19.3,-73.0,-77.4,-79.9,-79.1,-75.4,-70.9,-68.5,-69.4,-72.9,-73.8,-74.5,-75.5,-76.4,-76.8,-76.6,-74.0,-71.9,-70.5,-70.4,-71.2,-72.5,-72.1,-73.2,-75.1,-76.7,-77.0,-76.0,-74.1,-83.5,-88.1,-90.1,-88.3,-83.9,-79.3,-77.3,-78.7,-82.5,-83.8,-84.9,-85.3,-84.9,-84.1,-82.8,-81.5,-80.8,-80.5,-80.7,-81.1,-81.5,-80.8,-81.7,-83.6,-85.5,-86.3,-85.4,-83.5,616.8,615.4,615.4,616.7,618.6,620.3,619.9,618.6,619.8,617.1,615.3,614.7,616.1,618.5,621.2,619.6,617.6,616.7,617.1,618.3,618.9,619.5,619.5,618.9,618.1,617.5,617.5,618.1,634.9,636.2,637.0,636.8,635.8,634.5,633.7,634.1,636.6,635.1,633.9,633.7,634.9,637.1,639.8,636.6,634.0,632.6,632.8,634.5,635.6,635.5,635.8,636.4,636.8,636.9,636.6,636.0,-40.5,-29.0,557.3,0.049,-0.074,-0.077,0.66,0.25,1.28,0.0,0.0,0.03,0.0,1.6,0.0,0.47,0.22,1.71,0.18,0.0,1.31,2.21
0.168385,0.308143,-0.936319,0.064674,0.268812,-0.961019,0.122,0.295,342.4,343.9,347.8,351.8,353.6,352.4,348.3,344.3,336.3,339.7,343.9,348.3,352.2,355.0,356.9,355.0,352.0,348.1,343.9,339.8,346.1,347.9,349.6,350.2,349.4,347.7,346.0,345.3,401.5,403.0,406.9,410.8,412.6,411.2,407.3,403.1,397.7,400.3,403.7,407.8,411.7,415.1,417.6,415.2,411.9,408.1,404.0,400.3,405.4,407.1,408.8,409.4,408.7,406.9,405.3,404.7,159.2,155.0,152.6,153.5,157.2,161.5,163.7,162.8,159.3,158.4,157.6,156.7,156.0,155.9,156.3,158.6,160.3,161.5,161.6,160.9,159.9,160.3,159.3,157.4,155.9,155.5,156.5,158.3,151.8,147.8,146.1,147.6,151.5,155.5,157.2,156.1,152.8,151.4,150.3,149.9,150.4,151.3,152.6,153.6,153.9,154.0,153.9,153.8,153.6,154.2,153.5,151.8,150.1,149.4,150.2,151.9,-83.4,-81.7,-77.7,-73.8,-72.1,-73.7,-77.9,-81.8,-90.1,-86.2,-81.8,-77.2,-73.3,-70.7,-69.1,-70.8,-73.7,-77.6,-82.0,-86.4,-79.9,-78.2,-76.5,-75.7,-76.4,-78.1,-79.9,-80.6,-22.9,-21.3,-17.0,-12.5,-10.5,-12.1,-16.4,-21.2,-27.3,-24.3,-20.5,-15.9,-11.5,-7.8,-4.9,-7.6,-11.3,-15.5,-20.1,-24.3,-18.6,-16.7,-14.8,-14.1,-15.0,-16.9,-18.8,-19.5,-70.1,-74.3,-76.8,-76.1,-72.6,-68.3,-65.8,-66.6,-70.2,-70.9,-71.6,-72.6,-73.5,-74.0,-74.0,-71.3,-69.2,-67.8,-67.6,-68.4,-69.7,-69.3,-70.4,-72.3,-73.8,-74.1,-73.1,-71.2,-83.1,-87.7,-89.8,-88.0,-83.6,-79.0,-76.9,-78.3,-82.2,-83.6,-84.6,-85.1,-84.7,-84.0,-82.8,-81.4,-80.6,-80.3,-80.5,-80.9,-81.2,-80.5,-81.4,-83.3,-85.3,-86.0,-85.1,-83.1,592.6,591.3,591.8,593.8,596.1,597.9,597.0,595.0,594.6,592.4,591.2,591.4,593.5,596.4,599.6,597.7,595.2,593.6,593.2,593.8,595.4,596.3,596.5,595.9,594.9,594.0,593.8,594.4,633.1,634.1,634.8,634.6,633.8,632.8,632.2,632.5,634.8,633.3,632.1,631.8,633.0,635.3,638.0,634.9,632.4,630.9,631.2,632.8,633.8,633.8,634.1,634.5,634.8,634.9,634.6,634.2,-40.5,-29.0,557.6,0.053,-0.075,-0.077,0.64,0.2,1.36,0.0,0.0,0.0,0.0,1.52,0.0,0.47,0.19,1.64,0.19,0.0,1.3,2.17
0.157864,0.312015,-0.93687,0.069661,0.263743,-0.962074,0.119,0.294,342.1,343.4,347.3,351.3,353.2,352.0,347.9,343.9,336.2,339.5,343.6,347.9,351.9,354.7,356.6,354.7,351.7,347.9,343.7,339.6,345.8,347.5,349.2,349.8,349.0,347.2,345.5,344.9,401.4,403.0,406.9,410.9,412.7,411.1,407.2,402.9,397.6,400.1,403.5,407.7,411.7,415.2,417.8,415.3,411.9,408.0,403.9,400.2,405.3,407.1,408.8,409.5,408.7,407.0,405.3,404.6,158.5,154.3,152.0,153.0,156.6,160.9,163.1,162.2,158.8,157.8,157.0,156.0,155.4,155.3,155.9,158.0,159.6,160.7,160.9,160.2,159.3,159.7,158.7,156.9,155.3,154.9,155.9,157.7,151.3,147.2,145.5,147.1,151.1,155.1,156.9,155.6,152.2,150.8,149.8,149.4,149.9,150.8,152.2,153.2,153.6,153.7,153.5,153.3,153.1,153.8,153.1,151.3,149.6,148.9,149.6,151.4,-85.1,-83.5,-79.5,-75.4,-73.7,-75.2,-79.4,-83.4,-91.6,-87.8,-83.3,-78.7,-74.8,-72.1,-70.5,-72.2,-75.1,-79.0,-83.4,-87.8,-81.5,-79.8,-78.0,-77.3,-78.0,-79.8,-81.6,-82.3,-22.7,-21.0,-16.7,-12.2,-10.3,-12.0,-16.3,-21.1,-27.1,-24.2,-20.4,-15.8,-11.3,-7.6,-4.6,-7.4,-11.1,-15.4,-20.0,-24.1,-18.4,-16.5,-14.6,-13.9,-14.7,-16.6,-18.5,-19.3,-71.8,-76.1,-78.6,-77.9,-74.3,-69.8,-67.4,-68.2,-71.8,-72.6,-73.3,-74.3,-75.2,-75.7,-75.5,-73.0,-71.0,-69.6,-69.4,-70.1,-71.3,-70.9,-72.0,-73.9,-75.5,-75.9,-74.8,-72.9,-82.5,-87.1,-89.1,-87.3,-82.8,-78.2,-76.3,-77.7,-81.8,-83.1,-84.0,-84.4,-84.0,-83.3,-82.2,-80.6,-79.8,-79.6,-79.8,-80.3,-80.6,-79.8,-80.7,-82.7,-84.6,-85.4,-84.6,-82.6,601.6,600.4,600.9,602.7,604.9,606.6,605.7,603.8,603.7,601.5,600.2,600.4,602.4,605.3,608.5,606.5,603.9,602.3,602.0,602.7,604.3,605.1,605.3,604.8,603.8,603.0,602.8,603.3,624.3,625.1,625.5,625.3,624.6,623.9,623.5,623.9,626.2,624.5,623.1,622.7,623.8,626.0,628.7,625.7,623.3,622.0,622.4,624.1,625.0,624.9,625.1,625.4,625.7,625.8,625.6,625.3,-40.8,-29.3,556.6,0.052,-0.076,-0.075,0.64,0.13,1.43,0.0,0.0,0.05,0.0,1.49,0.0,0.41,0.13,1.6,0.17,0.0,1.38,2.23
0.1681,0.310531,-0.935582,0.07281,0.279943,-0.957252,0.127,0.302,342.2,343.5,347.3,351.3,353.2,352.1,348.1,344.1,336.1,339.4,343.5,347.9,351.9,354.7,356.6,354.7,351.7,347.8,343.6,339.5,345.9,347.6,349.3,349.9,349.0,347.3,345.6,345.0,401.4,403.0,406.9,410.9,412.7,411.1,407.2,402.9,397.5,400.0,403.4,407.6,411.7,415.2,417.9,415.3,411.9,408.0,403.8,400.1,405.4,407.1,408.8,409.5,408.7,407.0,405.3,404.6,158.4,154.2,151.9,152.8,156.4,160.8,162.9,162.0,158.7,157.7,156.9,156.0,155.4,155.3,155.8,157.8,159.2,160.3,160.5,160.0,159.2,159.6,158.6,156.7,155.1,154.7,155.8,157.6,151.4,147.3,145.5,147.1,151.1,155.2,157.0,155.8,152.0,150.7,149.8,149.4,149.9,150.6,151.8,153.1,153.7,153.9,153.7,153.3,153.1,153.8,153.1,151.3,149.5,148.8,149.6,151.4,-85.0,-83.4,-79.4,-75.3,-73.6,-75.0,-79.2,-83.2,-91.8,-87.9,-83.4,-78.7,-74.7,-72.0,-70.4,-72.1,-75.1,-79.0,-83.5,-87.9,-81.4,-79.6,-77.9,-77.2,-77.9,-79.7,-81.4,-82.1,-22.7,-21.0,-16.6,-12.2,-10.3,-12.0,-16.3,-21.1,-27.1,-24.2,-20.4,-15.8,-11.3,-7.5,-4.5,-7.4,-11.1,-15.4,-20.0,-24.1,-18.4,-16.4,-14.5,-13.8,-14.6,-16.6,-18.5,-19.2,-71.9,-76.3,-78.8,-78.1,-74.4,-70.0,-67.5,-68.3,-71.9,-72.7,-73.4,-74.4,-75.3,-75.7,-75.6,-73.2,-71.3,-70.0,-69.7,-70.4,-71.4,-71.1,-72.2,-74.1,-75.7,-76.0,-74.9,-73.0,-82.2,-86.8,-88.8,-87.0,-82.5,-78.0,-76.0,-77.4,-81.8,-83.0,-83.8,-84.1,-83.8,-83.2,-82.3,-80.6,-79.6,-79.2,-79.5,-80.1,-80.4,-79.6,-80.5,-82.5,-84.4,-85.2,-84.3,-82.3,601.3,600.1,600.6,602.4,604.5,606.1,605.2,603.4,603.6,601.3,600.0,600.1,602.1,605.0,608.1,606.0,603.5,601.9,601.6,602.4,603.9,604.7,604.9,604.4,603.5,602.7,602.5,603.0,622.8,623.0,623.1,623.0,622.8,622.6,622.5,622.9,624.8,622.9,621.4,620.8,621.9,624.1,626.8,624.1,621.8,620.7,621.1,622.9,623.6,623.5,623.6,623.7,623.7,623.8,623.7,623.6,-40.7,-29.3,555.7,0.055,-0.078,-0.075,0.7,0.1,1.51,0.0,0.0,0.05,0.0,1.54,0.0,0.37,0.06,1.51,0.12,0.0,1.44,2.19
0.159492,0.312994,-0.936268,0.084182,0.255723,-0.963078,0.128,0.291,341.4,342.7,346.6,350.7,352.7,351.6,347.5,343.4,335.5,338.8,342.8,347.2,351.3,354.2,356.2,354.3,351.2,347.3,343.0,339.0,345.2,347.0,348.7,349.3,348.4,346.6,344.9,344.4,400.9,402.4,406.4,410.5,412.3,410.8,406.9,402.5,396.8,399.5,403.0,407.2,411.2,414.5,417.0,414.7,411.4,407.6,403.4,399.6,404.9,406.7,408.4,409.0,408.2,406.4,404.7,404.1,157.9,153.7,151.3,152.3,156.0,160.4,162.6,161.6,158.3,157.2,156.4,155.4,154.8,154.7,155.2,157.2,158.7,159.8,160.1,159.6,158.7,159.2,158.1,156.3,154.7,154.2,155.3,157.1,150.4,146.4,144.7,146.2,150.2,154.2,155.9,154.7,151.5,150.0,148.9,148.5,149.1,150.1,151.6,152.5,152.8,152.8,152.7,152.5,152.3,153.0,152.3,150.5,148.8,148.1,148.8,150.6,-85.4,-83.8,-79.8,-75.7,-73.8,-75.2,-79.4,-83.6,-92.0,-88.2,-83.7,-79.0,-75.0,-72.2,-70.4,-72.2,-75.2,-79.2,-83.7,-88.2,-81.7,-79.9,-78.1,-77.4,-78.2,-80.0,-81.8,-82.5,-23.0,-21.5,-17.2,-12.7,-10.6,-12.2,-16.5,-21.3,-27.6,-24.6,-20.7,-16.2,-11.9,-8.3,-5.5,-8.1,-11.6,-15.7,-20.3,-24.5,-18.8,-16.8,-14.9,-14.2,-15.1,-17.1,-19.0,-19.7,-72.1,-76.5,-79.0,-78.2,-74.6,-70.1,-67.6,-68.5,-72.0,-72.9,-73.6,-74.7,-75.6,-76.0,-75.8,-73.4,-71.5,-70.2,-69.9,-70.5,-71.6,-71.2,-72.3,-74.2,-75.8,-76.2,-75.1,-73.2,-82.8,-87.3,-89.4,-87.6,-83.1,-78.6,-76.6,-77.9,-81.7,-83.2,-84.3,-84.7,-84.2,-83.4,-82.1,-80.8,-80.1,-79.8,-80.0,-80.4,-80.8,-80.0,-80.9,-82.9,-84.8,-85.6,-84.7,-82.7,598.8,597.6,598.0,599.6,601.6,603.2,602.5,600.8,601.2,598.9,597.4,597.4,599.3,602.1,605.1,603.1,600.6,599.2,599.1,599.9,601.3,602.0,602.2,601.6,600.8,600.0,599.9,600.4,618.6,619.9,620.9,620.9,619.9,618.5,617.6,617.7,620.0,618.7,617.7,617.6,618.9,621.2,623.9,620.7,618.0,616.5,616.6,618.1,619.3,619.3,619.7,620.3,620.8,620.8,620.4,619.8,-41.0,-29.9,555.1,0.052,-0.076,-0.08,0.73,0.04,1.54,0.0,0.0,0.05,0.0,1.54,0.0,0.28,0.02,1.53,0.14,0.0,1.45,2.27
0.159284,0.299752,-0.940626,0.081162,0.269145,-0.959674,0.126,0.291,341.3,342.7,346.5,350.5,352.4,351.3,347.3,343.2,335.7,338.9,342.8,347.1,351.1,353.9,355.8,353.9,350.9,347.0,342.9,339.0,345.1,346.8,348.5,349.1,348.2,346.5,344.8,344.3,400.5,402.1,406.0,410.1,411.8,410.3,406.3,402.0,396.5,399.1,402.6,406.8,410.8,414.1,416.7,414.2,410.9,407.1,403.0,399.2,404.4,406.2,407.9,408.6,407.8,406.1,404.3,403.7,157.4,153.3,151.0,151.9,155.5,159.8,161.9,161.0,157.8,156.7,155.9,155.0,154.4,154.3,154.9,157.0,158.6,159.7,159.8,159.2,158.1,158.6,157.6,155.8,154.2,153.8,154.8,156.6,150.2,146.1,144.3,145.9,149.9,154.0,155.8,154.5,151.0,149.6,148.5,148.2,148.7,149.6,151.0,152.0,152.5,152.7,152.5,152.2,152.0,152.7,151.9,150.1,148.4,147.7,148.4,150.2,-87.0,-85.4,-81.3,-77.2,-75.4,-76.9,-81.1,-85.3,-93.4,-89.6,-85.2,-80.6,-76.5,-73.8,-72.1,-74.0,-77.0,-81.0,-85.4,-89.7,-83.3,-81.5,-79.8,-79.0,-79.8,-81.6,-83.4,-84.1,-23.6,-22.0,-17.6,-13.2,-11.2,-12.9,-17.2,-22.0,-28.1,-25.2,-21.3,-16.8,-12.4,-8.7,-5.9,-8.6,-12.2,-16.4,-20.9,-25.1,-19.4,-17.4,-15.5,-14.8,-15.7,-17.6,-19.5,-20.2,-74.0,-78.3,-80.8,-80.0,-76.4,-72.0,-69.6,-70.4,-73.9,-74.7,-75.4,-76.4,-77.3,-77.7,-77.4,-74.9,-72.9,-71.6,-71.4,-72.2,-73.5,-73.1,-74.2,-76.1,-77.7,-78.0,-76.9,-75.1,-83.6,-88.2,-90.2,-88.4,-83.9,-79.3,-77.3,-78.7,-82.9,-84.2,-85.2,-85.5,-85.1,-84.4,-83.3,-81.7,-80.9,-80.5,-80.8,-81.3,-81.6,-80.9,-81.8,-83.8,-85.7,-86.5,-85.6,-83.6,609.5,608.3,608.6,610.3,612.4,614.1,613.4,611.7,611.8,609.5,608.1,608.1,610.0,612.8,615.9,614.0,611.6,610.2,610.1,610.8,612.1,612.8,612.9,612.4,611.4,610.7,610.6,611.1,622.5,623.3,623.8,623.9,623.4,622.6,622.1,622.2,624.3,622.7,621.4,621.1,622.4,624.6,627.4,624.4,621.9,620.5,620.7,622.4,623.4,623.4,623.6,624.0,624.2,624.2,623.9,623.6,-41.2,-30.2,555.9,0.055,-0.076,-0.083,0.75,0.12,1.56,0.0,0.0,0.0,0.0,1.52,0.0,0.2,0.0,1.46,0.22,0.0,1.48,2.34
0.163141,0.308181,-0.937235,0.070965,0.268243,-0.960734,0.123,0.295,340.7,342.1,346.0,350.1,352.0,350.7,346.7,342.6,334.5,338.0,342.2,346.7,350.7,353.5,355.4,353.5,350.5,346.6,342.3,338.1,344.4,346.2,347.9,348.5,347.7,345.9,344.2,343.6,400.1,401.7,405.6,409.7,411.5,410.0,406.0,401.7,396.2,398.9,402.4,406.6,410.6,413.9,416.5,414.1,410.8,406.9,402.8,398.9,404.1,405.9,407.6,408.3,407.5,405.7,404.0,403.3,157.5,153.2,150.8,151.8,155.5,160.0,162.3,161.3,158.0,156.8,155.9,154.9,154.3,154.3,155.0,157.0,158.6,159.7,159.9,159.3,158.3,158.8,157.7,155.9,154.2,153.8,154.8,156.7,150.0,145.9,144.2,145.8,149.8,153.9,155.7,154.4,151.0,149.5,148.4,148.1,148.6,149.6,151.0,152.0,152.4,152.5,152.3,152.1,151.9,152.6,151.8,150.1,148.3,147.6,148.4,150.1,-83.9,-82.3,-78.4,-74.4,-72.8,-74.2,-78.3,-82.3,-90.7,-86.7,-82.2,-77.6,-73.7,-71.2,-69.7,-71.4,-74.1,-78.0,-82.4,-86.8,-80.5,-78.7,-77.0,-76.3,-77.1,-78.8,-80.5,-81.2,-23.9,-22.3,-17.9,-13.5,-11.5,-13.2,-17.5,-22.2,-28.3,-25.3,-21.4,-16.9,-12.5,-8.9,-6.1,-8.7,-12.3,-16.5,-21.0,-25.2,-19.6,-17.7,-15.8,-15.1,-15.9,-17.9,-19.8,-20.5,-70.7,-75.1,-77.6,-76.9,-73.2,-68.7,-66.3,-67.1,-70.5,-71.4,-72.2,-73.2,-74.1,-74.5,-74.3,-71.8,-69.9,-68.6,-68.3,-68.9,-70.2,-69.8,-71.0,-72.9,-74.4,-74.8,-73.7,-71.8,-83.1,-87.7,-89.8,-88.0,-83.5,-78.9,-76.9,-78.3,-82.3,-83.7,-84.7,-85.1,-84.7,-84.0,-82.7,-81.3,-80.5,-80.2,-80.4,-80.8,-81.2,-80.4,-81.3,-83.3,-85.3,-86.0,-85.2,-83.1,583.5,582.4,583.0,585.0,587.1,588.6,587.6,585.6,585.5,583.3,582.1,582.4,584.6,587.6,590.8,588.7,586.0,584.3,583.9,584.4,586.2,587.1,587.3,586.9,585.9,585.1,584.8,585.3,618.3,619.3,620.0,619.9,619.2,618.2,617.6,617.8,619.9,618.4,617.3,617.1,618.3,620.6,623.3,620.3,617.7,616.2,616.4,618.0,619.1,619.1,619.4,619.8,620.1,620.1,619.9,619.4,-41.5,-30.3,555.0,0.06,-0.076,-0.084,0.68,0.14,1.56,0.0,0.0,0.0,0.0,1.51,0.0,0.1,0.0,1.44,0.33,0.0,1.5,2.44
0.164415,0.318068,-0.933702,0.070958,0.272657,-0.959491,0.124,0.302,340.7,342.1,346.0,350.0,351.9,350.7,346.7,342.6,334.5,338.0,342.1,346.6,350.6,353.4,355.3,353.5,350.5,346.6,342.3,338.1,344.4,346.2,347.9,348.5,347.6,345.9,344.2,343.6,400.1,401.7,405.6,409.6,411.3,409.8,405.9,401.6,396.3,398.9,402.3,406.4,410.5,413.8,416.4,413.9,410.6,406.8,402.6,398.9,404.0,405.8,407.5,408.1,407.4,405.6,403.9,403.3,157.4,153.1,150.7,151.7,155.5,160.1,162.3,161.2,157.9,156.8,155.8,154.8,154.3,154.3,154.9,156.8,158.3,159.3,159.6,159.1,158.3,158.8,157.8,155.9,154.2,153.8,154.8,156.7,150.0,145.9,144.2,145.8,149.8,153.9,155.6,154.3,150.9,149.5,148.4,148.1,148.6,149.5,150.8,151.9,152.4,152.6,152.4,152.1,151.8,152.5,151.8,150.0,148.2,147.5,148.3,150.1,-84.9,-83.3,-79.4,-75.4,-73.7,-75.1,-79.2,-83.2,-91.7,-87.7,-83.2,-78.6,-74.7,-72.1,-70.5,-72.2,-75.0,-78.8,-83.2,-87.7,-81.4,-79.6,-77.9,-77.2,-78.0,-79.7,-81.4,-82.1,-24.2,-22.5,-18.2,-13.7,-11.8,-13.5,-17.8,-22.6,-28.5,-25.6,-21.8,-17.2,-12.8,-9.1,-6.3,-9.0,-12.6,-16.8,-21.4,-25.5,-19.9,-18.0,-16.1,-15.4,-16.2,-18.1,-20.0,-20.8,-71.6,-76.0,-78.6,-77.8,-74.0,-69.4,-67.0,-67.8,-71.3,-72.3,-73.1,-74.2,-75.0,-75.4,-75.2,-72.8,-71.0,-69.7,-69.4,-69.9,-71.0,-70.6,-71.7,-73.7,-75.3,-75.6,-74.5,-72.6,-84.1,-88.7,-90.7,-88.9,-84.4,-79.8,-77.8,-79.2,-83.3,-84.7,-85.7,-86.0,-85.6,-84.9,-83.8,-82.2,-81.3,-81.0,-81.2,-81.8,-82.2,-81.4,-82.3,-84.3,-86.2,-87.0,-86.1,-84.1,590.0,589.1,589.8,591.7,593.7,595.1,593.9,592.0,592.0,589.9,588.7,589.0,591.2,594.2,597.4,595.1,592.3,590.6,590.2,590.8,592.7,593.5,593.8,593.4,592.6,591.8,591.5,591.8,625.3,625.9,626.4,626.3,625.8,625.2,624.7,625.0,627.0,625.4,624.0,623.7,624.9,627.2,629.9,627.0,624.6,623.2,623.4,625.1,626.1,626.0,626.2,626.5,626.7,626.7,626.6,626.3,-41.5,-30.3,554.8,0.064,-0.075,-0.083,0.64,0.21,1.55,0.0,0.0,0.0,0.0,1.53,0.0,0.05,0.0,1.37,0.39,0.0,1.54,2.46
0.160592,0.314651,-0.935524,0.074505,0.2708,-0.959748,0.123,0.3,340.7,342.1,346.0,350.0,351.9,350.7,346.6,342.6,334.5,338.0,342.2,346.7,350.7,353.5,355.3,353.5,350.5,346.6,342.3,338.1,344.4,346.2,347.9,348.5,347.6,345.9,344.2,343.6,400.2,401.8,405.6,409.6,411.4,409.9,406.0,401.7,396.4,398.9,402.3,406.4,410.4,413.7,416.3,413.8,410.6,406.8,402.7,399.0,404.1,405.8,407.5,408.2,407.4,405.7,404.0,403.3,157.4,153.1,150.7,151.7,155.6,160.1,162.3,161.2,157.9,156.8,155.8,154.8,154.3,154.3,155.0,156.9,158.4,159.4,159.7,159.2,158.3,158.8,157.8,155.9,154.2,153.8,154.8,156.7,150.0,146.0,144.2,145.8,149.8,153.8,155.6,154.3,150.9,149.5,148.5,148.1,148.6,149.5,150.8,151.9,152.4,152.6,152.4,152.1,151.8,152.5,151.7,150.0,148.2,147.5,148.3,150.1,-84.6,-83.1,-79.1,-75.2,-73.4,-74.9,-79.0,-82.9,-91.4,-87.5,-82.9,-78.3,-74.4,-71.9,-70.3,-72.0,-74.7,-78.6,-83.0,-87.5,-81.1,-79.4,-77.7,-77.0,-77.7,-79.5,-81.2,-81.9,-24.2,-22.6,-18.2,-13.8,-11.8,-13.5,-17.8,-22.6,-28.6,-25.7,-21.9,-17.3,-12.9,-9.2,-6.4,-9.1,-12.7,-16.9,-21.4,-25.6,-20.0,-18.0,-16.1,-15.4,-16.3,-18.2,-20.1,-20.8,-71.4,-75.8,-78.4,-77.5,-73.8,-69.2,-66.8,-67.6,-71.1,-72.1,-72.9,-74.0,-74.8,-75.1,-74.9,-72.5,-70.7,-69.4,-69.1,-69.7,-70.8,-70.4,-71.5,-73.4,-75.1,-75.4,-74.3,-72.4,-84.6,-89.2,-91.2,-89.5,-85.0,-80.4,-78.4,-79.8,-83.8,-85.2,-86.2,-86.5,-86.2,-85.5,-84.4,-82.8,-81.9,-81.5,-81.7,-82.3,-82.7,-82.0,-82.8,-84.8,-86.8,-87.6,-86.7,-84.7,588.3,587.4,588.1,590.0,592.0,593.3,592.2,590.3,590.3,588.2,587.0,587.3,589.5,592.5,595.7,593.4,590.7,588.9,588.5,589.1,591.0,591.8,592.1,591.7,590.9,590.1,589.8,590.2,629.2,629.9,630.4,630.5,630.0,629.4,628.8,629.0,631.0,629.3,628.1,627.8,629.1,631.4,634.1,631.2,628.7,627.3,627.5,629.1,630.1,630.1,630.4,630.7,630.9,630.8,630.6,630.3,-41.6,-30.4,555.4,0.062,-0.074,-0.083,0.65,0.23,1.55,0.0,0.0,0.0,0.0,1.52,0.0,0.01,0.0,1.43,0.4,0.0,1.55,2.46
0.155486,0.318007,-0.935252,0.075182,0.273687,-0.958876,0.121,0.303,340.4,341.8,345.7,349.9,351.8,350.6,346.5,342.3,334.3,337.7,341.9,346.4,350.6,353.5,355.5,353.5,350.4,346.4,342.0,337.9,344.2,346.0,347.7,348.4,347.5,345.7,344.0,343.4,400.2,401.7,405.6,409.6,411.4,409.8,405.9,401.7,396.3,398.9,402.3,406.5,410.4,413.7,416.1,413.8,410.6,406.8,402.7,399.0,404.0,405.8,407.5,408.1,407.4,405.6,403.9,403.3,157.5,153.1,150.8,151.8,155.6,160.1,162.3,161.3,157.9,156.8,155.9,154.9,154.3,154.3,155.0,157.0,158.5,159.5,159.8,159.2,158.3,158.8,157.8,155.9,154.2,153.8,154.8,156.7,150.0,145.9,144.2,145.8,149.8,153.8,155.6,154.3,150.9,149.5,148.4,148.1,148.6,149.5,150.8,151.9,152.4,152.5,152.3,152.0,151.8,152.5,151.7,150.0,148.2,147.5,148.3,150.1,-84.4,-82.8,-78.8,-74.7,-72.9,-74.4,-78.6,-82.7,-91.0,-87.1,-82.6,-77.9,-74.0,-71.3,-69.6,-71.4,-74.3,-78.3,-82.7,-87.1,-80.8,-79.0,-77.2,-76.5,-77.3,-79.1,-80.8,-81.5,-24.3,-22.6,-18.3,-13.8,-11.9,-13.6,-17.9,-22.6,-28.7,-25.7,-21.9,-17.3,-12.9,-9.3,-6.6,-9.2,-12.7,-16.9,-21.4,-25.6,-20.0,-18.1,-16.2,-15.5,-16.3,-18.3,-20.2,-20.9,-70.9,-75.2,-77.7,-76.9,-73.2,-68.7,-66.3,-67.2,-70.7,-71.6,-72.3,-73.3,-74.2,-74.5,-74.3,-71.9,-70.1,-68.8,-68.5,-69.2,-70.3,-69.9,-71.0,-72.9,-74.5,-74.8,-73.8,-71.9,-84.7,-89.3,-91.3,-89.5,-85.0,-80.4,-78.4,-79.9,-83.9,-85.3,-86.2,-86.6,-86.2,-85.6,-84.4,-82.8,-81.9,-81.6,-81.8,-82.4,-82.8,-82.0,-82.9,-84.9,-86.9,-87.6,-86.8,-84.7,584.3,583.2,583.6,585.3,587.3,588.9,588.1,586.4,586.6,584.3,582.9,583.0,585.0,587.9,591.0,588.9,586.4,584.8,584.6,585.4,586.9,587.6,587.8,587.3,586.4,585.6,585.5,586.0,629.5,630.3,630.9,631.0,630.5,629.7,629.1,629.2,631.0,629.5,628.4,628.2,629.5,631.9,634.7,631.7,629.1,627.6,627.7,629.2,630.4,630.4,630.7,631.1,631.3,631.2,631.0,630.6,-41.5,-30.3,554.9,0.068,-0.078,-0.082,0.62,0.27,1.49,0.0,0.0,0.0,0.0,1.46,0.0,0.02,0.0,1.36,0.45,0.0,1.57,2.42
0.152964,0.317088,-0.935979,0.070354,0.268959,-0.960579,0.117,0.3,340.4,341.8,345.7,349.9,351.9,350.7,346.5,342.3,334.4,337.8,341.9,346.5,350.6,353.6,355.6,353.6,350.5,346.4,342.1,337.9,344.2,346.1,347.8,348.4,347.5,345.7,344.0,343.4,400.2,401.7,405.6,409.6,411.3,409.8,405.9,401.6,396.3,398.9,402.3,406.5,410.5,413.7,416.2,413.8,410.6,406.8,402.7,399.0,404.0,405.7,407.4,408.1,407.4,405.6,403.9,403.2,157.5,153.1,150.7,151.8,155.6,160.1,162.3,161.3,157.9,156.8,155.9,154.9,154.3,154.4,155.0,157.0,158.5,159.5,159.8,159.2,158.4,158.8,157.8,155.9,154.2,153.8,154.8,156.7,149.9,145.9,144.1,145.7,149.7,153.8,155.5,154.2,150.9,149.4,148.4,148.0,148.5,149.4,150.8,151.9,152.5,152.6,152.4,152.1,151.7,152.4,151.7,149.9,148.2,147.5,148.2,150.0,-84.1,-82.5,-78.5,-74.4,-72.6,-74.0,-78.2,-82.3,-90.6,-86.8,-82.3,-77.6,-73.6,-70.9,-69.2,-71.0,-73.9,-77.9,-82.3,-86.8,-80.4,-78.6,-76.9,-76.2,-77.0,-78.7,-80.5,-81.2,-24.2,-22.5,-18.2,-13.8,-11.9,-13.5,-17.8,-22.6,-28.6,-25.6,-21.8,-17.2,-12.8,-9.2,-6.4,-9.1,-12.6,-16.8,-21.3,-25.5,-20.0,-18.0,-16.2,-15.4,-16.3,-18.2,-20.1,-20.8,-70.6,-74.9,-77.4,-76.6,-72.9,-68.4,-66.0,-66.9,-70.4,-71.3,-72.0,-73.1,-73.9,-74.2,-74.0,-71.6,-69.8,-68.5,-68.2,-68.9,-70.0,-69.6,-70.7,-72.6,-74.2,-74.6,-73.5,-71.6,-84.3,-88.9,-90.9,-89.1,-84.6,-80.0,-78.0,-79.5,-83.4,-84.8,-85.8,-86.2,-85.8,-85.1,-84.0,-82.3,-81.4,-81.1,-81.3,-81.9,-82.4,-81.6,-82.5,-84.5,-86.4,-87.2,-86.3,-84.3,582.0,580.9,581.3,583.0,585.0,586.5,585.7,584.0,584.3,582.0,580.6,580.7,582.7,585.6,588.7,586.6,584.0,582.5,582.3,583.0,584.5,585.2,585.4,584.9,584.1,583.3,583.1,583.6,626.0,626.7,627.2,627.3,626.9,626.2,625.7,625.8,627.6,626.0,624.8,624.6,625.9,628.3,631.1,628.2,625.6,624.1,624.3,625.8,626.9,627.0,627.2,627.5,627.7,627.6,627.4,627.1,-41.5,-30.3,554.9,0.068,-0.078,-0.083,0.65,0.23,1.4,0.0,0.0,0.0,0.0,1.41,0.0,0.04,0.04,1.3,0.46,0.0,1.6,2.4
0.182368,0.320776,-0.929432,0.082533,0.274776,-0.95796,0.139,0.306,340.9,342.3,346.2,350.4,352.4,351.3,347.1,342.9,334.9,338.1,342.1,346.6,350.7,353.8,355.9,353.9,350.7,346.6,342.3,338.3,344.8,346.7,348.4,349.0,348.1,346.3,344.6,344.0,400.1,401.5,405.4,409.3,411.1,409.7,405.9,401.6,396.1,398.7,402.2,406.2,410.1,413.2,415.6,413.4,410.4,406.7,402.7,398.9,403.9,405.6,407.3,407.9,407.1,405.4,403.7,403.1,157.8,153.5,151.2,152.1,155.8,160.2,162.4,161.4,158.1,157.0,156.2,155.2,154.5,154.5,155.1,157.3,159.0,160.2,160.3,159.6,158.5,158.9,157.9,156.1,154.5,154.1,155.1,156.9,150.1,146.2,144.6,146.1,150.0,153.9,155.6,154.4,151.2,149.8,148.7,148.4,148.9,149.9,151.3,152.2,152.5,152.5,152.4,152.2,152.0,152.7,152.0,150.3,148.6,147.9,148.6,150.3,-84.1,-82.5,-78.5,-74.3,-72.5,-74.0,-78.2,-82.4,-90.8,-87.1,-82.7,-78.1,-74.0,-71.1,-69.3,-71.2,-74.3,-78.3,-82.8,-87.1,-80.4,-78.6,-76.9,-76.1,-76.9,-78.7,-80.5,-81.2,-24.6,-23.1,-18.8,-14.3,-12.2,-13.8,-18.1,-22.9,-29.2,-26.2,-22.2,-17.7,-13.4,-9.9,-7.3,-9.7,-13.1,-17.1,-21.7,-26.0,-20.4,-18.4,-16.5,-15.9,-16.8,-18.7,-20.6,-21.3,-70.8,-75.0,-77.5,-76.7,-73.2,-68.8,-66.5,-67.2,-70.7,-71.6,-72.3,-73.3,-74.2,-74.6,-74.3,-71.8,-69.7,-68.4,-68.2,-69.0,-70.3,-70.0,-71.1,-72.9,-74.4,-74.8,-73.7,-71.9,-85.3,-89.9,-91.9,-90.2,-85.7,-81.1,-79.1,-80.4,-84.3,-85.7,-86.8,-87.2,-86.8,-86.0,-84.8,-83.4,-82.6,-82.4,-82.5,-82.9,-83.3,-82.5,-83.4,-85.4,-87.4,-88.2,-87.3,-85.3,586.5,585.1,585.3,587.0,589.1,591.0,590.3,588.7,589.1,586.6,585.0,584.8,586.6,589.3,592.3,590.6,588.3,587.1,587.1,588.0,589.0,589.7,589.8,589.2,588.2,587.5,587.4,588.0,635.4,636.8,637.9,638.1,637.2,635.8,634.7,634.6,636.6,635.4,634.6,634.7,636.2,638.6,641.4,638.1,635.3,633.6,633.5,634.8,636.3,636.4,636.9,637.5,637.9,637.8,637.3,636.7,-41.7,-30.5,556.6,0.075,-0.079,-0.082,0.73,0.36,1.2,0.0,0.0,0.0,0.0,1.39,0.0,0.1,0.04,1.15,0.54,0.0,1.64,2.33
0.312704,0.382276,-0.869529,-0.042202,0.329194,-0.943319,0.148,0.374,342.6,343.8,347.7,352.0,354.3,353.4,349.2,344.9,335.5,338.5,342.0,346.2,350.4,353.9,356.7,354.2,350.5,346.1,342.0,338.4,346.8,348.7,350.4,350.9,349.9,348.0,346.3,345.8,398.1,399.6,403.6,407.6,409.3,407.8,403.9,399.5,395.5,398.3,401.9,406.0,409.8,412.7,414.8,412.8,409.9,406.4,402.3,398.4,401.9,403.7,405.5,406.1,405.4,403.6,401.8,401.1,160.0,155.5,153.1,154.4,158.4,163.2,165.3,164.0,160.2,159.2,158.4,157.5,157.0,156.8,156.9,158.5,159.4,160.2,160.6,160.6,161.3,161.9,160.9,158.9,157.1,156.6,157.6,159.6,153.2,149.1,147.4,149.0,153.1,157.1,158.9,157.6,153.8,152.5,151.7,151.5,152.1,152.9,154.2,155.4,155.9,156.0,155.7,155.2,155.1,155.8,155.0,153.2,151.4,150.7,151.5,153.3,-85.9,-84.6,-80.5,-75.9,-73.5,-74.5,-78.9,-83.5,-94.2,-90.5,-86.5,-81.9,-77.4,-73.8,-71.1,-73.4,-77.2,-81.9,-86.4,-90.6,-81.6,-79.6,-77.8,-77.2,-78.3,-80.3,-82.1,-82.6,-26.2,-24.5,-20.2,-15.8,-13.9,-15.6,-19.9,-24.6,-29.0,-25.9,-22.0,-17.5,-13.4,-10.2,-8.0,-10.2,-13.3,-17.1,-21.5,-25.8,-22.1,-20.1,-18.2,-17.4,-18.3,-20.2,-22.2,-22.9,-71.4,-76.3,-78.9,-77.7,-73.3,-68.2,-65.8,-67.1,-71.7,-72.5,-73.1,-73.9,-74.6,-75.0,-75.1,-73.1,-71.9,-71.0,-70.7,-70.9,-70.2,-69.6,-70.7,-72.9,-74.8,-75.3,-74.2,-72.1,-79.7,-84.3,-86.3,-84.5,-80.1,-75.5,-73.5,-74.9,-79.2,-80.4,-81.2,-81.5,-81.1,-80.6,-79.6,-77.9,-76.9,-76.5,-76.8,-77.5,-77.8,-77.0,-77.9,-80.0,-82.0,-82.7,-81.9,-79.8,611.4,611.5,612.2,613.0,613.5,613.6,612.6,611.8,615.5,612.8,610.9,610.1,610.8,612.5,614.5,612.3,610.1,609.5,610.6,612.8,613.0,613.4,613.7,613.8,613.6,613.2,612.9,612.8,619.0,619.7,620.3,620.6,620.3,619.7,619.1,619.0,619.6,618.4,617.7,618.2,620.1,622.9,626.1,622.8,619.9,617.8,617.3,618.2,620.1,620.2,620.5,620.8,620.9,620.8,620.5,620.2,-42.1,-30.2,559.3,0.079,-0.083,-0.081,0.87,0.55,1.03,0.0,0.0,0.0,0.0,1.4,0.0,0.14,0.12,1.21,0.47,0.0,1.56,2.19
0.319599,0.350911,-0.880181,-0.024424,0.314374,-0.948985,0.16,0.349,342.2,343.3,347.4,351.9,354.3,353.4,349.1,344.5,335.2,338.0,341.5,345.6,350.0,353.7,356.7,354.1,350.1,345.7,341.6,338.1,346.5,348.5,350.4,350.9,349.8,347.8,345.9,345.4,398.3,399.9,403.9,407.9,409.7,408.1,404.1,399.8,395.4,398.2,401.7,405.9,409.9,413.0,415.3,413.0,410.0,406.3,402.2,398.3,402.2,404.0,405.8,406.5,405.7,403.9,402.1,401.4,159.9,155.3,152.9,154.2,158.4,163.2,165.3,164.0,160.9,159.7,158.6,157.6,157.1,156.9,157.2,158.6,159.4,160.2,160.8,161.1,161.5,162.1,161.0,158.9,157.0,156.4,157.5,159.6,153.2,149.1,147.4,149.0,153.1,157.2,158.9,157.6,154.0,152.6,151.7,151.5,152.1,153.0,154.4,155.6,156.1,156.2,155.9,155.3,155.1,155.9,155.1,153.2,151.4,150.7,151.5,153.3,-83.8,-82.7,-78.5,-73.8,-71.3,-72.2,-76.6,-81.3,-91.9,-88.4,-84.5,-80.0,-75.5,-71.8,-68.9,-71.4,-75.2,-79.9,-84.4,-88.4,-79.5,-77.3,-75.4,-74.9,-76.0,-78.2,-80.1,-80.6,-25.7,-24.0,-19.7,-15.3,-13.4,-15.1,-19.4,-24.1,-28.8,-25.8,-21.9,-17.4,-13.1,-9.8,-7.4,-9.8,-13.1,-17.0,-21.5,-25.7,-21.5,-19.6,-17.6,-16.9,-17.7,-19.7,-21.6,-22.4,-69.4,-74.3,-76.9,-75.6,-71.2,-66.0,-63.8,-65.1,-68.9,-69.9,-70.7,-71.7,-72.3,-72.6,-72.6,-70.8,-69.7,-68.8,-68.4,-68.3,-67.9,-67.3,-68.4,-70.7,-72.7,-73.3,-72.1,-69.9,-78.9,-83.5,-85.4,-83.7,-79.2,-74.7,-72.7,-74.2,-78.2,-79.5,-80.4,-80.6,-80.2,-79.5,-78.4,-76.7,-75.8,-75.5,-75.8,-76.5,-77.0,-76.2,-77.1,-79.1,-81.1,-81.9,-81.0,-79.0,593.4,594.0,594.7,595.0,594.8,594.4,593.4,593.1,598.1,595.3,593.3,592.3,592.7,594.1,595.8,593.6,591.8,591.4,592.7,595.1,594.5,594.7,595.0,595.3,595.4,595.3,595.0,594.7,612.9,613.6,614.1,614.2,613.7,613.0,612.5,612.7,613.7,612.4,611.5,611.7,613.3,615.9,618.9,615.8,613.1,611.3,611.0,612.2,613.8,613.8,614.0,614.3,614.5,614.5,614.3,614.0,-42.0,-30.0,557.9,0.069,-0.085,-0.084,0.98,0.75,0.88,0.0,0.0,0.0,0.0,1.41,0.0,0.22,0.17,1.27,0.47,0.0,1.47,2.08
0.264631,0.344404,-0.900753,0.000309,0.293292,-0.956023,0.142,0.331,341.6,342.9,347.0,351.4,353.6,352.5,348.2,343.8,334.6,337.9,341.8,346.3,350.6,353.9,356.3,354.2,350.8,346.5,342.1,338.1,345.6,347.6,349.5,350.1,349.1,347.1,345.2,344.6,398.4,399.9,403.7,407.6,409.3,407.8,403.9,399.8,395.3,398.0,401.4,405.4,409.2,412.2,414.4,412.3,409.4,405.8,401.8,398.1,402.1,403.8,405.5,406.2,405.5,403.7,402.0,401.4,159.8,155.1,152.6,153.7,157.8,162.7,165.0,163.8,160.3,159.2,158.3,157.2,156.4,156.1,156.4,158.8,160.5,161.7,161.9,161.5,161.0,161.5,160.3,158.2,156.3,155.7,156.9,159.1,152.2,148.3,146.6,148.3,152.2,156.1,157.7,156.4,152.9,151.7,150.9,150.7,151.3,152.2,153.6,154.5,154.8,154.9,154.6,154.2,154.1,154.8,154.1,152.3,150.6,149.9,150.6,152.3,-81.1,-79.7,-75.7,-71.4,-69.4,-70.6,-74.9,-79.1,-88.6,-84.9,-80.8,-76.2,-72.1,-69.0,-66.9,-68.8,-71.9,-76.2,-80.6,-84.8,-77.4,-75.4,-73.6,-72.9,-73.8,-75.8,-77.7,-78.4,-26.7,-25.0,-20.7,-16.3,-14.4,-16.1,-20.4,-25.1,-30.2,-27.2,-23.3,-18.7,-14.5,-11.1,-8.7,-11.0,-14.3,-18.2,-22.8,-27.1,-22.6,-20.6,-18.7,-17.9,-18.8,-20.7,-22.6,-23.4,-66.8,-71.5,-74.1,-73.1,-69.2,-64.4,-61.9,-62.9,-66.6,-67.5,-68.2,-69.3,-70.3,-70.8,-70.8,-68.2,-66.2,-64.9,-64.6,-65.2,-65.9,-65.5,-66.7,-68.8,-70.7,-71.1,-69.9,-67.7,-83.5,-88.1,-90.0,-88.2,-83.7,-79.1,-77.2,-78.7,-82.8,-84.0,-84.8,-85.0,-84.6,-83.9,-82.7,-81.3,-80.5,-80.3,-80.6,-81.2,-81.5,-80.7,-81.5,-83.6,-85.6,-86.4,-85.5,-83.5,570.2,569.5,570.2,571.8,573.5,574.6,573.4,571.8,572.9,570.6,569.2,569.0,570.4,572.7,575.3,573.3,571.0,569.8,570.2,571.4,572.7,573.4,573.7,573.4,572.7,571.9,571.6,571.9,639.4,640.3,641.0,641.1,640.5,639.5,638.8,638.9,640.2,639.0,638.1,638.3,639.9,642.5,645.4,642.3,639.5,637.6,637.4,638.6,640.2,640.3,640.6,641.0,641.3,641.2,640.9,640.5,-42.3,-30.2,559.5,0.068,-0.079,-0.088,1.01,0.75,0.84,0.0,0.0,0.0,0.0,1.45,0.0,0.28,0.22,1.46,0.32,0.0,1.36,2.04
0.272861,0.351562,-0.895517,0.003759,0.308115,-0.951342,0.149,0.343,341.8,342.9,346.8,351.2,353.6,352.8,348.6,344.2,335.1,338.2,341.8,346.0,350.2,353.7,356.3,354.1,350.5,346.2,342.1,338.3,345.9,348.0,349.7,350.2,349.1,347.1,345.3,344.9,398.4,399.9,403.8,407.6,409.3,407.7,403.9,399.8,395.4,398.0,401.3,405.4,409.2,412.3,414.5,412.3,409.3,405.8,401.8,398.0,402.1,403.8,405.5,406.2,405.5,403.8,402.1,401.4,159.4,154.8,152.4,153.6,157.7,162.5,164.6,163.4,160.5,159.2,158.2,157.0,156.4,156.2,156.4,158.1,159.1,160.1,160.7,160.9,160.8,161.4,160.3,158.2,156.3,155.8,156.9,159.0,152.2,148.3,146.7,148.3,152.2,156.1,157.7,156.4,152.9,151.7,150.9,150.7,151.3,152.1,153.4,154.4,154.8,154.9,154.6,154.2,154.1,154.8,154.0,152.3,150.6,149.9,150.6,152.3,-85.1,-84.0,-80.0,-75.4,-72.9,-73.8,-78.1,-82.7,-92.7,-89.1,-85.0,-80.5,-76.2,-72.7,-70.2,-72.3,-75.8,-80.2,-84.7,-89.0,-81.0,-78.9,-77.0,-76.5,-77.6,-79.7,-81.6,-82.1,-26.8,-25.1,-20.7,-16.3,-14.4,-16.2,-20.5,-25.3,-30.3,-27.3,-23.4,-18.8,-14.5,-11.1,-8.5,-11.0,-14.4,-18.4,-22.9,-27.2,-22.6,-20.7,-18.7,-18.0,-18.8,-20.8,-22.7,-23.4,-70.7,-75.6,-78.2,-77.1,-72.8,-67.7,-65.3,-66.5,-69.9,-71.0,-71.9,-73.1,-73.9,-74.3,-74.3,-72.3,-70.9,-69.8,-69.2,-69.2,-69.4,-68.8,-70.1,-72.3,-74.3,-74.8,-73.6,-71.3,-83.8,-88.4,-90.3,-88.5,-83.9,-79.4,-77.5,-79.0,-83.1,-84.3,-85.1,-85.3,-84.9,-84.2,-83.1,-81.6,-80.8,-80.5,-80.9,-81.5,-81.8,-81.0,-81.8,-83.9,-85.9,-86.7,-85.8,-83.8,599.8,600.1,600.9,601.7,602.1,602.2,601.0,600.2,603.3,600.9,599.2,598.7,599.7,601.7,603.9,601.5,599.2,598.3,599.1,600.9,601.5,601.8,602.2,602.4,602.2,601.8,601.4,601.3,641.8,642.5,643.0,643.0,642.5,641.7,641.2,641.4,642.8,641.4,640.4,640.4,641.9,644.4,647.3,644.3,641.6,639.9,639.7,641.1,642.6,642.6,642.8,643.1,643.4,643.4,643.1,642.8,-42.2,-30.2,558.8,0.07,-0.079,-0.087,1.04,0.69,0.95,0.0,0.0,0.0,0.0,1.46,0.0,0.3,0.17,1.51,0.3,0.0,1.37,2.06
0.220451,0.303557,-0.92696,0.059806,0.274745,-0.959655,0.147,0.297,341.9,343.0,346.5,350.3,352.1,351.2,347.5,343.7,335.4,338.6,342.5,346.7,350.4,353.0,354.7,353.1,350.4,346.8,342.8,338.8,345.3,346.9,348.4,348.9,348.1,346.5,345.0,344.5,399.3,400.7,404.3,408.0,409.7,408.3,404.6,400.6,395.7,398.2,401.4,405.2,408.9,412.0,414.3,412.1,409.1,405.6,401.8,398.3,402.9,404.5,406.1,406.7,406.0,404.3,402.7,402.1,158.5,154.3,151.9,152.5,155.9,160.2,162.6,161.9,159.4,158.1,157.0,155.8,154.9,154.7,155.1,157.7,159.6,161.0,161.4,160.9,159.0,159.3,158.3,156.4,155.0,154.7,155.8,157.6,150.6,147.0,145.4,146.9,150.5,154.2,155.7,154.6,151.7,150.4,149.5,149.2,149.7,150.7,152.0,152.8,153.0,152.9,152.8,152.6,152.4,153.1,152.4,150.8,149.2,148.6,149.2,150.8,-86.5,-85.1,-81.5,-77.7,-76.0,-77.2,-81.0,-84.8,-93.8,-90.0,-85.6,-81.1,-77.4,-75.0,-73.6,-75.0,-77.7,-81.4,-85.7,-90.0,-83.2,-81.6,-80.0,-79.4,-80.1,-81.8,-83.4,-84.0,-27.1,-25.5,-21.2,-16.7,-14.7,-16.4,-20.7,-25.4,-31.4,-28.4,-24.5,-20.0,-15.6,-12.0,-9.3,-11.9,-15.4,-19.5,-24.0,-28.3,-22.9,-20.9,-19.0,-18.3,-19.2,-21.1,-23.0,-23.7,-72.9,-77.2,-80.0,-79.6,-76.2,-71.7,-69.0,-69.4,-72.2,-73.3,-74.3,-75.7,-76.9,-77.5,-77.4,-74.4,-72.0,-70.3,-69.9,-70.5,-72.6,-72.4,-73.6,-75.5,-77.0,-77.2,-76.0,-74.1,-89.9,-94.4,-96.4,-94.6,-90.1,-85.6,-83.6,-85.0,-88.8,-90.1,-91.1,-91.4,-91.0,-90.1,-88.9,-87.6,-87.0,-86.8,-87.0,-87.4,-87.8,-87.1,-87.9,-89.9,-91.8,-92.6,-91.8,-89.8,609.9,609.0,609.8,612.0,614.3,615.7,614.4,612.2,612.0,609.9,608.8,609.1,611.3,614.3,617.5,615.7,613.1,611.4,611.0,611.3,612.9,613.9,614.2,613.8,612.8,611.9,611.5,611.9,673.8,675.2,676.1,675.9,674.8,673.5,672.6,672.9,675.2,673.8,672.8,672.7,674.0,676.3,678.9,675.8,673.2,671.6,671.7,673.2,674.5,674.4,674.8,675.4,675.8,675.9,675.5,674.9,-42.6,-30.9,562.7,0.064,-0.076,-0.089,0.99,0.52,1.09,0.0,0.0,0.0,0.0,1.49,0.0,0.26,0.15,1.53,0.17,0.0,1.32,2.1
0.189061,0.309683,-0.931854,0.086308,0.262644,-0.961025,0.144,0.294,340.6,341.7,345.3,349.3,351.3,350.4,346.6,342.6,334.4,337.7,341.6,345.9,349.8,352.5,354.4,352.7,349.8,346.0,341.9,337.9,344.2,346.0,347.6,348.0,347.2,345.4,343.8,343.3,399.7,401.2,405.0,409.0,410.7,409.3,405.5,401.2,395.7,398.3,401.7,405.8,409.7,412.8,415.2,413.0,409.9,406.2,402.2,398.4,403.5,405.3,406.9,407.5,406.8,405.0,403.4,402.7,157.2,152.9,150.5,151.3,154.8,159.2,161.6,160.8,158.0,156.7,155.7,154.5,153.8,153.6,154.1,156.3,157.9,159.1,159.5,159.2,157.9,158.2,157.2,155.3,153.7,153.4,154.5,156.3,149.1,145.2,143.6,145.2,149.0,152.9,154.5,153.3,150.3,148.9,147.9,147.6,148.1,149.1,150.5,151.3,151.5,151.5,151.4,151.2,151.0,151.7,151.0,149.3,147.6,146.9,147.6,149.3,-87.5,-86.1,-82.3,-78.3,-76.4,-77.5,-81.5,-85.6,-94.4,-90.6,-86.2,-81.6,-77.7,-75.1,-73.4,-75.1,-77.9,-81.7,-86.1,-90.5,-83.9,-82.1,-80.5,-79.9,-80.7,-82.5,-84.2,-84.8,-25.1,-23.5,-19.2,-14.7,-12.7,-14.3,-18.6,-23.4,-29.7,-26.7,-22.8,-18.2,-13.9,-10.4,-7.7,-10.2,-13.6,-17.7,-22.3,-26.6,-20.8,-18.9,-17.0,-16.3,-17.2,-19.2,-21.0,-21.7,-73.9,-78.4,-81.1,-80.5,-76.9,-72.3,-69.7,-70.3,-73.3,-74.4,-75.4,-76.7,-77.7,-78.2,-78.1,-75.5,-73.4,-71.9,-71.5,-71.9,-73.5,-73.2,-74.4,-76.4,-78.0,-78.2,-77.0,-75.1,-86.6,-91.1,-93.1,-91.4,-86.9,-82.3,-80.3,-81.7,-85.5,-86.8,-87.8,-88.2,-87.8,-87.0,-85.8,-84.5,-83.8,-83.6,-83.8,-84.1,-84.5,-83.8,-84.6,-86.6,-88.6,-89.4,-88.5,-86.5,607.1,606.1,606.8,608.7,610.7,612.1,610.9,609.1,609.3,607.1,605.8,605.9,608.0,610.9,614.0,611.9,609.3,607.7,607.5,608.2,609.7,610.6,610.9,610.4,609.6,608.7,608.5,608.9,636.2,637.7,638.8,638.9,637.9,636.4,635.3,635.4,637.6,636.3,635.4,635.5,636.9,639.3,642.0,638.8,636.0,634.3,634.3,635.7,637.1,637.1,637.6,638.3,638.7,638.7,638.2,637.5,-42.2,-31.3,557.6,0.058,-0.077,-0.089,0.91,0.36,1.25,0.0,0.0,0.07,0.0,1.5,0.0,0.21,0.17,1.49,0.13,0.0,1.25,2.12
0.188355,0.310268,-0.931803,0.090596,0.265811,-0.959759,0.146,0.296,340.5,341.7,345.4,349.3,351.3,350.3,346.5,342.5,334.3,337.6,341.6,345.9,349.8,352.5,354.4,352.6,349.8,346.0,341.8,337.8,344.1,345.9,347.5,348.0,347.1,345.4,343.8,343.3,399.8,401.2,405.0,409.0,410.8,409.4,405.6,401.4,395.8,398.4,401.8,405.8,409.7,412.8,415.3,413.0,409.9,406.3,402.2,398.5,403.6,405.4,407.0,407.6,406.8,405.1,403.5,402.8,157.2,152.9,150.5,151.3,154.9,159.3,161.6,160.8,157.9,156.7,155.7,154.5,153.8,153.6,154.1,156.2,157.9,159.1,159.5,159.1,157.9,158.3,157.2,155.3,153.8,153.4,154.5,156.4,149.2,145.3,143.7,145.2,149.1,152.9,154.6,153.4,150.3,149.0,147.9,147.6,148.1,149.0,150.4,151.2,151.5,151.6,151.4,151.3,151.1,151.8,151.0,149.3,147.7,147.0,147.7,149.4,-87.0,-85.6,-81.8,-77.8,-76.0,-77.2,-81.2,-85.2,-94.0,-90.2,-85.7,-81.2,-77.3,-74.7,-73.1,-74.7,-77.5,-81.3,-85.7,-90.1,-83.6,-81.8,-80.1,-79.5,-80.3,-82.1,-83.7,-84.4,-25.0,-23.5,-19.2,-14.7,-12.7,-14.2,-18.5,-23.3,-29.7,-26.7,-22.8,-18.2,-13.9,-10.4,-7.7,-10.2,-13.6,-17.7,-22.3,-26.6,-20.8,-18.8,-17.0,-16.3,-17.2,-19.2,-21.0,-21.7,-73.5,-77.9,-80.7,-80.1,-76.5,-71.9,-69.2,-69.9,-73.0,-74.0,-75.0,-76.2,-77.3,-77.8,-77.7,-75.1,-73.1,-71.6,-71.1,-71.6,-73.1,-72.8,-74.0,-75.9,-77.5,-77.8,-76.6,-74.6,-86.7,-91.3,-93.4,-91.6,-87.2,-82.6,-80.6,-81.9,-85.7,-87.0,-88.1,-88.5,-88.1,-87.4,-86.2,-84.8,-84.1,-83.8,-84.0,-84.3,-84.8,-84.0,-84.9,-86.9,-88.8,-89.6,-88.7,-86.7,603.7,602.8,603.5,605.4,607.5,608.9,607.8,605.8,605.8,603.7,602.4,602.7,604.8,607.7,610.8,608.7,606.1,604.4,604.1,604.7,606.5,607.3,607.6,607.2,606.3,605.5,605.1,605.6,638.4,639.9,641.0,641.1,640.1,638.6,637.5,637.5,639.8,638.5,637.6,637.6,639.0,641.4,644.1,640.9,638.1,636.4,636.4,637.9,639.3,639.3,639.8,640.4,640.9,640.8,640.3,639.7,-42.2,-31.3,557.4,0.056,-0.075,-0.089,0.84,0.28,1.25,0.0,0.0,0.07,0.0,1.55,0.0,0.17,0.19,1.42,0.05,0.0,1.12,2.0
0.209856,0.306825,-0.928342,0.087684,0.26453,-0.960383,0.156,0.294,340.8,342.0,345.7,349.7,351.7,350.7,346.8,342.8,334.2,337.5,341.5,345.9,350.0,352.8,354.8,353.0,350.0,346.1,341.8,337.7,344.5,346.2,347.8,348.4,347.5,345.7,344.1,343.6,400.0,401.5,405.2,409.2,410.9,409.5,405.7,401.5,396.1,398.6,402.0,406.0,409.9,413.1,415.5,413.3,410.1,406.5,402.4,398.7,403.8,405.5,407.2,407.8,407.0,405.3,403.7,403.1,156.8,152.5,150.0,150.8,154.5,159.0,161.3,160.4,157.5,156.3,155.2,154.1,153.4,153.2,153.7,155.8,157.3,158.5,158.9,158.6,157.5,157.9,156.8,154.9,153.3,153.0,154.0,155.9,148.8,144.9,143.2,144.7,148.6,152.5,154.2,153.0,149.9,148.5,147.5,147.1,147.5,148.4,149.7,150.7,151.1,151.2,151.1,151.0,150.6,151.3,150.5,148.8,147.1,146.5,147.2,148.9,-85.5,-84.1,-80.3,-76.3,-74.4,-75.6,-79.6,-83.7,-92.8,-89.0,-84.5,-79.9,-75.9,-73.2,-71.5,-73.2,-76.0,-80.0,-84.4,-88.9,-82.0,-80.2,-78.5,-77.9,-78.7,-80.5,-82.2,-82.8,-25.0,-23.4,-19.1,-14.6,-12.6,-14.2,-18.5,-23.2,-29.5,-26.6,-22.7,-18.1,-13.8,-10.2,-7.4,-10.0,-13.5,-17.6,-22.2,-26.4,-20.7,-18.8,-16.9,-16.2,-17.1,-19.0,-20.9,-21.6,-72.8,-77.3,-80.0,-79.3,-75.7,-71.1,-68.5,-69.2,-72.4,-73.4,-74.3,-75.5,-76.5,-77.1,-77.0,-74.5,-72.5,-71.1,-70.6,-71.0,-72.4,-72.1,-73.3,-75.2,-76.8,-77.1,-75.9,-74.0,-87.7,-92.3,-94.4,-92.7,-88.2,-83.6,-81.5,-82.9,-86.7,-88.1,-89.1,-89.6,-89.3,-88.6,-87.5,-85.9,-85.1,-84.7,-84.9,-85.3,-85.8,-85.1,-86.0,-88.0,-89.9,-90.7,-89.8,-87.8,594.7,593.7,594.4,596.3,598.3,599.7,598.6,596.7,597.1,594.8,593.5,593.6,595.6,598.5,601.5,599.4,596.8,595.2,595.0,595.8,597.3,598.2,598.4,598.0,597.2,596.3,596.1,596.5,642.3,643.3,644.1,644.3,643.6,642.6,641.7,641.8,643.8,642.4,641.3,641.2,642.6,645.0,647.8,644.7,642.0,640.4,640.5,642.0,643.2,643.3,643.6,644.1,644.4,644.3,643.9,643.5,-41.8,-32.0,557.2,0.053,-0.084,-0.092,0.81,0.35,1.25,0.0,0.0,0.07,0.0,1.54,0.0,0.18,0.21,1.41,0.03,0.0,1.1,1.8
0.209674,0.310436,-0.927182,0.092657,0.267444,-0.959108,0.159,0.297,340.7,341.9,345.7,349.7,351.7,350.7,346.8,342.7,334.1,337.4,341.4,345.9,350.0,352.9,354.9,353.0,350.0,346.0,341.7,337.6,344.4,346.2,347.8,348.4,347.5,345.7,344.1,343.6,400.2,401.6,405.3,409.3,411.1,409.7,405.9,401.7,396.1,398.7,402.1,406.1,410.0,413.1,415.5,413.3,410.2,406.6,402.6,398.8,403.9,405.7,407.3,407.9,407.1,405.4,403.8,403.2,156.8,152.4,150.0,150.8,154.5,159.0,161.3,160.4,157.5,156.2,155.2,154.1,153.4,153.3,153.8,155.8,157.4,158.6,159.0,158.6,157.5,157.9,156.8,154.9,153.3,153.0,154.0,155.9,148.8,144.9,143.2,144.7,148.6,152.5,154.2,153.0,150.0,148.5,147.5,147.0,147.5,148.4,149.8,150.7,151.1,151.2,151.1,151.0,150.6,151.3,150.6,148.8,147.2,146.5,147.2,149.0,-85.0,-83.6,-79.8,-75.8,-73.9,-75.2,-79.2,-83.2,-92.4,-88.5,-84.1,-79.4,-75.5,-72.7,-71.0,-72.7,-75.6,-79.6,-84.0,-88.5,-81.5,-79.7,-78.1,-77.5,-78.3,-80.0,-81.7,-82.3,-24.7,-23.2,-18.9,-14.4,-12.4,-13.9,-18.2,-23.0,-29.4,-26.4,-22.5,-18.0,-13.6,-10.1,-7.4,-9.9,-13.3,-17.4,-22.0,-26.2,-20.5,-18.5,-16.6,-16.0,-16.9,-18.8,-20.7,-21.4,-72.4,-76.8,-79.5,-78.8,-75.2,-70.7,-68.1,-68.8,-72.0,-73.0,-73.9,-75.1,-76.0,-76.5,-76.4,-74.0,-72.0,-70.6,-70.1,-70.6,-72.0,-71.7,-72.8,-74.8,-76.3,-76.6,-75.4,-73.5,-87.4,-92.0,-94.1,-92.3,-87.9,-83.2,-81.2,-82.5,-86.2,-87.7,-88.8,-89.3,-88.9,-88.2,-87.1,-85.6,-84.8,-84.5,-84.6,-84.9,-85.4,-84.7,-85.6,-87.6,-89.6,-90.3,-89.4,-87.4,591.0,590.0,590.6,592.5,594.5,595.9,594.9,593.0,593.5,591.2,589.8,589.9,591.8,594.7,597.8,595.7,593.1,591.5,591.4,592.2,593.6,594.4,594.7,594.3,593.4,592.6,592.3,592.8,639.6,640.9,641.9,642.1,641.3,640.1,639.0,639.0,641.0,639.7,638.8,638.8,640.2,642.6,645.4,642.3,639.5,637.9,637.8,639.2,640.6,640.7,641.1,641.7,642.0,641.9,641.5,640.9,-41.8,-32.0,557.2,0.059,-0.082,-0.092,0.85,0.42,1.28,0.0,0.0,0.0,0.0,1.44,0.0,0.15,0.14,1.1,0.0,0.0,0.95,1.07
0.204482,0.286007,-0.936156,0.074172,0.241358,-0.967597,0.145,0.27,340.3,341.5,345.2,349.3,351.3,350.3,346.3,342.3,333.7,336.9,340.9,345.4,349.5,352.4,354.5,352.6,349.4,345.4,341.2,337.1,344.0,345.8,347.4,347.9,347.0,345.3,343.7,343.2,399.9,401.2,405.0,409.0,411.0,409.6,405.9,401.5,395.9,398.6,402.0,406.1,410.0,413.1,415.5,413.4,410.3,406.6,402.6,398.7,403.8,405.5,407.2,407.7,406.9,405.1,403.5,402.9,156.1,151.8,149.4,150.3,154.0,158.4,160.7,159.8,156.8,155.6,154.6,153.5,152.9,152.8,153.3,155.3,156.8,157.8,158.2,157.9,156.9,157.3,156.2,154.4,152.8,152.4,153.4,155.3,148.1,144.1,142.4,143.9,147.7,151.6,153.4,152.2,149.3,147.7,146.6,146.1,146.6,147.7,149.2,150.0,150.4,150.4,150.3,150.3,149.9,150.5,149.8,148.1,146.4,145.8,146.5,148.2,-86.2,-84.8,-80.9,-76.8,-75.0,-76.2,-80.3,-84.3,-93.6,-89.8,-85.4,-80.6,-76.6,-73.8,-72.0,-73.8,-76.7,-80.8,-85.3,-89.7,-82.6,-80.8,-79.2,-78.5,-79.3,-81.1,-82.7,-83.4,-24.6,-23.2,-19.0,-14.5,-12.3,-13.8,-17.9,-22.7,-29.1,-26.1,-22.2,-17.7,-13.4,-9.9,-7.3,-9.6,-13.0,-17.0,-21.6,-25.9,-20.3,-18.4,-16.5,-15.9,-16.9,-18.8,-20.6,-21.3,-73.7,-78.1,-80.7,-80.0,-76.4,-71.8,-69.3,-70.1,-73.3,-74.3,-75.2,-76.3,-77.2,-77.6,-77.5,-75.1,-73.2,-71.9,-71.5,-72.0,-73.2,-72.9,-74.0,-75.9,-77.5,-77.8,-76.7,-74.8,-86.7,-91.3,-93.4,-91.7,-87.3,-82.7,-80.7,-81.9,-85.4,-87.0,-88.2,-88.8,-88.4,-87.6,-86.2,-84.8,-84.1,-83.8,-83.9,-84.1,-84.8,-84.1,-85.0,-87.0,-88.9,-89.6,-88.7,-86.7,595.9,594.9,595.5,597.3,599.2,600.5,599.5,597.8,598.6,596.2,594.7,594.7,596.5,599.3,602.3,600.2,597.7,596.2,596.2,597.2,598.4,599.2,599.4,599.0,598.2,597.4,597.2,597.6,628.4,630.0,631.2,631.4,630.3,628.7,627.5,627.5,629.6,628.5,627.7,627.9,629.4,631.8,634.5,631.2,628.3,626.6,626.4,627.7,629.3,629.4,629.9,630.6,631.0,631.0,630.5,629.8,-42.4,-33.9,562.7,0.033,-0.068,-0.099,0.83,0.41,1.29,0.0,0.0,0.0,0.0,1.3,0.0,0.13,0.08,0.81,0.0,0.0,0.8,0.53
0.205288,0.281242,-0.937422,0.067029,0.238102,-0.968924,0.142,0.266,340.3,341.6,345.3,349.3,351.3,350.2,346.3,342.3,333.7,336.9,341.0,345.5,349.5,352.4,354.4,352.5,349.4,345.5,341.2,337.1,344.0,345.8,347.3,347.9,347.0,345.3,343.7,343.2,399.8,401.1,405.0,409.0,411.0,409.6,405.8,401.4,395.9,398.5,402.0,406.1,410.1,413.3,415.7,413.5,410.4,406.7,402.5,398.7,403.7,405.5,407.1,407.7,406.9,405.1,403.4,402.9,156.1,151.8,149.4,150.3,154.0,158.5,160.7,159.8,156.8,155.6,154.6,153.5,152.9,152.8,153.4,155.4,156.8,157.9,158.3,157.9,156.9,157.3,156.2,154.4,152.8,152.4,153.5,155.3,148.1,144.2,142.4,143.9,147.8,151.7,153.5,152.4,149.4,147.8,146.6,146.2,146.7,147.7,149.3,150.1,150.4,150.5,150.4,150.3,150.0,150.6,149.9,148.1,146.5,145.8,146.6,148.3,-86.2,-84.7,-80.9,-76.9,-75.0,-76.3,-80.4,-84.4,-93.6,-89.8,-85.3,-80.6,-76.6,-73.9,-72.2,-73.9,-76.8,-80.8,-85.2,-89.7,-82.6,-80.9,-79.2,-78.6,-79.4,-81.1,-82.8,-83.4,-24.5,-23.0,-18.8,-14.3,-12.2,-13.7,-17.8,-22.6,-28.8,-25.9,-22.0,-17.4,-13.2,-9.7,-7.0,-9.4,-12.8,-16.8,-21.4,-25.7,-20.2,-18.2,-16.4,-15.8,-16.7,-18.7,-20.5,-21.1,-73.7,-78.2,-80.8,-80.1,-76.4,-71.8,-69.3,-70.1,-73.3,-74.3,-75.2,-76.3,-77.3,-77.7,-77.5,-75.1,-73.2,-71.9,-71.5,-71.9,-73.2,-72.9,-74.1,-76.0,-77.5,-77.8,-76.7,-74.8,-85.8,-90.3,-92.4,-90.8,-86.4,-81.8,-79.7,-81.0,-84.5,-86.1,-87.3,-87.8,-87.5,-86.6,-85.3,-83.9,-83.2,-82.9,-83.0,-83.2,-83.9,-83.1,-84.0,-86.0,-87.9,-88.6,-87.7,-85.8,596.1,595.2,595.9,597.7,599.7,601.0,599.9,598.1,598.7,596.3,595.0,595.0,597.0,599.9,602.9,600.8,598.1,596.6,596.4,597.3,598.7,599.5,599.8,599.4,598.6,597.8,597.5,597.9,622.3,623.9,625.0,625.0,624.0,622.5,621.4,621.4,623.5,622.3,621.5,621.7,623.1,625.5,628.3,625.0,622.1,620.4,620.3,621.7,623.2,623.2,623.7,624.3,624.8,624.8,624.3,623.6,-42.3,-33.9,562.0,0.03,-0.067,-0.099,0.9,0.34,1.28,0.0,0.0,0.0,0.0,1.24,0.0,0.12,0.01,0.48,0.0,0.0,0.69,0.0
0.191255,0.276309,-0.941846,0.070798,0.235126,-0.969383,0.136,0.261,340.2,341.4,345.1,349.1,351.1,350.0,346.2,342.2,333.8,337.1,341.1,345.5,349.4,352.2,354.1,352.3,349.4,345.5,341.3,337.3,343.9,345.6,347.2,347.7,346.9,345.2,343.6,343.0,399.5,400.9,404.8,408.9,410.9,409.5,405.6,401.2,395.5,398.2,401.7,405.9,409.9,413.2,415.7,413.4,410.2,406.4,402.2,398.3,403.5,405.3,407.0,407.6,406.7,404.9,403.3,402.7,155.6,151.3,148.9,149.8,153.5,157.9,160.2,159.2,156.3,155.1,154.1,153.0,152.4,152.3,152.9,154.9,156.3,157.4,157.7,157.4,156.4,156.8,155.8,153.9,152.3,151.9,152.9,154.8,147.4,143.4,141.6,143.1,147.0,151.0,152.8,151.6,148.7,147.1,145.9,145.4,146.0,147.1,148.6,149.4,149.7,149.7,149.7,149.7,149.2,149.9,149.1,147.4,145.7,145.1,145.8,147.6,-87.5,-86.1,-82.3,-78.3,-76.4,-77.7,-81.7,-85.7,-94.7,-90.9,-86.4,-81.8,-77.8,-75.2,-73.5,-75.2,-78.0,-82.0,-86.4,-90.8,-84.0,-82.2,-80.6,-80.0,-80.8,-82.5,-84.2,-84.8,-24.4,-23.0,-18.8,-14.3,-12.1,-13.6,-17.8,-22.6,-28.9,-25.9,-22.1,-17.5,-13.2,-9.6,-6.9,-9.4,-12.8,-16.9,-21.5,-25.7,-20.1,-18.2,-16.4,-15.8,-16.7,-18.6,-20.4,-21.1,-75.4,-79.9,-82.5,-81.8,-78.1,-73.5,-70.9,-71.7,-74.9,-75.9,-76.9,-78.0,-78.9,-79.3,-79.1,-76.7,-74.9,-73.5,-73.1,-73.6,-74.8,-74.5,-75.7,-77.6,-79.2,-79.5,-78.4,-76.4,-85.5,-90.1,-92.2,-90.5,-86.1,-81.6,-79.5,-80.8,-84.2,-85.8,-87.0,-87.5,-87.1,-86.3,-84.9,-83.6,-82.9,-82.7,-82.8,-83.0,-83.6,-82.9,-83.8,-85.8,-87.7,-88.4,-87.5,-85.5,604.9,604.1,604.8,606.6,608.6,609.8,608.7,606.8,607.2,605.0,603.7,603.8,605.9,608.8,611.8,609.6,607.0,605.3,605.1,605.9,607.6,608.4,608.7,608.3,607.5,606.7,606.4,606.7,614.8,616.3,617.4,617.4,616.2,614.6,613.6,613.8,616.0,614.8,613.9,613.9,615.3,617.6,620.3,617.0,614.3,612.6,612.6,614.1,615.5,615.5,615.9,616.6,617.1,617.1,616.7,616.0,-42.2,-34.3,561.6,0.03,-0.065,-0.104,0.94,0.28,1.19,0.01,0.0,0.0,0.0,1.35,0.0,0.08,0.08,0.57,0.0,0.0,0.9,0.22
0.231332,0.279181,-0.931957,0.099873,0.236198,-0.966559,0.173,0.265,342.0,343.1,346.7,350.7,352.8,351.9,348.1,344.1,335.3,338.5,342.5,346.9,351.0,353.8,355.8,354.0,351.0,347.1,342.9,338.8,345.7,347.4,349.0,349.4,348.6,346.8,345.3,344.8,400.8,402.0,405.8,410.0,412.1,410.9,407.0,402.6,396.6,399.4,403.0,407.1,411.1,414.2,416.6,414.5,411.5,407.7,403.6,399.6,404.7,406.6,408.3,408.8,407.9,406.0,404.4,403.8,155.7,151.4,148.9,149.7,153.4,157.9,160.2,159.4,156.8,155.4,154.3,153.1,152.4,152.4,153.0,155.0,156.5,157.7,158.2,157.9,156.5,156.8,155.8,153.9,152.3,152.0,153.0,154.9,146.5,142.7,141.0,142.5,146.3,150.2,151.8,150.7,148.1,146.4,145.1,144.7,145.3,146.5,148.2,148.8,148.9,148.9,148.8,148.9,148.5,149.1,148.4,146.7,145.0,144.4,145.1,146.8,-84.4,-83.1,-79.4,-75.4,-73.5,-74.6,-78.5,-82.5,-91.9,-88.1,-83.7,-79.1,-75.1,-72.4,-70.7,-72.3,-75.2,-79.1,-83.5,-88.0,-80.9,-79.1,-77.5,-77.0,-77.8,-79.6,-81.2,-81.7,-22.9,-21.6,-17.5,-12.9,-10.7,-12.0,-16.1,-20.9,-27.4,-24.3,-20.4,-16.0,-11.8,-8.4,-5.8,-8.1,-11.3,-15.3,-19.8,-24.1,-18.6,-16.6,-14.8,-14.3,-15.3,-17.3,-19.0,-19.6,-74.1,-78.6,-81.3,-80.7,-77.1,-72.4,-69.8,-70.5,-73.3,-74.5,-75.5,-76.8,-77.8,-78.1,-77.9,-75.5,-73.6,-72.1,-71.6,-72.0,-73.7,-73.4,-74.6,-76.5,-78.1,-78.4,-77.2,-75.2,-85.5,-90.0,-92.0,-90.4,-86.1,-81.6,-79.6,-80.8,-83.9,-85.6,-86.9,-87.5,-87.1,-86.1,-84.6,-83.5,-82.9,-82.7,-82.7,-82.8,-83.5,-82.8,-83.7,-85.7,-87.5,-88.2,-87.3,-85.4,596.2,595.5,596.3,598.1,599.9,601.1,599.9,598.0,598.8,596.5,595.1,595.2,597.2,600.1,603.2,601.0,598.4,596.8,596.6,597.4,598.8,599.6,600.0,599.7,598.9,598.1,597.7,598.1,608.0,610.1,611.7,611.9,610.4,608.3,606.7,606.6,608.7,607.9,607.4,607.8,609.4,611.8,614.5,611.0,608.0,606.0,605.8,606.9,608.8,608.8,609.6,610.5,611.1,611.1,610.4,609.4,-40.2,-33.7,558.5,0.047,-0.1,-0.109,1.04,0.25,1.12,0.04,0.0,0.0,0.0,1.61,0.0,0.0,0.21,0.83,0.0,0.0,1.34,0.67
