gaze_0_x,gaze_0_y,gaze_0_z,gaze_1_x,gaze_1_y,gaze_1_z,gaze_angle_x,gaze_angle_y,eye_lmk_x_0,eye_lmk_x_1,eye_lmk_x_2,eye_lmk_x_3,eye_lmk_x_4,eye_lmk_x_5,eye_lmk_x_6,eye_lmk_x_7,eye_lmk_x_8,eye_lmk_x_9,eye_lmk_x_10,eye_lmk_x_11,eye_lmk_x_12,eye_lmk_x_13,eye_lmk_x_14,eye_lmk_x_15,eye_lmk_x_16,eye_lmk_x_17,eye_lmk_x_18,eye_lmk_x_19,eye_lmk_x_20,eye_lmk_x_21,eye_lmk_x_22,eye_lmk_x_23,eye_lmk_x_24,eye_lmk_x_25,eye_lmk_x_26,eye_lmk_x_27,eye_lmk_x_28,eye_lmk_x_29,eye_lmk_x_30,eye_lmk_x_31,eye_lmk_x_32,eye_lmk_x_33,eye_lmk_x_34,eye_lmk_x_35,eye_lmk_x_36,eye_lmk_x_37,eye_lmk_x_38,eye_lmk_x_39,eye_lmk_x_40,eye_lmk_x_41,eye_lmk_x_42,eye_lmk_x_43,eye_lmk_x_44,eye_lmk_x_45,eye_lmk_x_46,eye_lmk_x_47,eye_lmk_x_48,eye_lmk_x_49,eye_lmk_x_50,eye_lmk_x_51,eye_lmk_x_52,eye_lmk_x_53,eye_lmk_x_54,eye_lmk_x_55,eye_lmk_y_0,eye_lmk_y_1,eye_lmk_y_2,eye_lmk_y_3,eye_lmk_y_4,eye_lmk_y_5,eye_lmk_y_6,eye_lmk_y_7,eye_lmk_y_8,eye_lmk_y_9,eye_lmk_y_10,eye_lmk_y_11,eye_lmk_y_12,eye_lmk_y_13,eye_lmk_y_14,eye_lmk_y_15,eye_lmk_y_16,eye_lmk_y_17,eye_lmk_y_18,eye_lmk_y_19,eye_lmk_y_20,eye_lmk_y_21,eye_lmk_y_22,eye_lmk_y_23,eye_lmk_y_24,eye_lmk_y_25,eye_lmk_y_26,eye_lmk_y_27,eye_lmk_y_28,eye_lmk_y_29,eye_lmk_y_30,eye_lmk_y_31,eye_lmk_y_32,eye_lmk_y_33,eye_lmk_y_34,eye_lmk_y_35,eye_lmk_y_36,eye_lmk_y_37,eye_lmk_y_38,eye_lmk_y_39,eye_lmk_y_40,eye_lmk_y_41,eye_lmk_y_42,eye_lmk_y_43,eye_lmk_y_44,eye_lmk_y_45,eye_lmk_y_46,eye_lmk_y_47,eye_lmk_y_48,eye_lmk_y_49,eye_lmk_y_50,eye_lmk_y_51,eye_lmk_y_52,eye_lmk_y_53,eye_lmk_y_54,eye_lmk_y_55,eye_lmk_X_0,eye_lmk_X_1,eye_lmk_X_2,eye_lmk_X_3,eye_lmk_X_4,eye_lmk_X_5,eye_lmk_X_6,eye_lmk_X_7,eye_lmk_X_8,eye_lmk_X_9,eye_lmk_X_10,eye_lmk_X_11,eye_lmk_X_12,eye_lmk_X_13,eye_lmk_X_14,eye_lmk_X_15,eye_lmk_X_16,eye_lmk_X_17,eye_lmk_X_18,eye_lmk_X_19,eye_lmk_X_20,eye_lmk_X_21,eye_lmk_X_22,eye_lmk_X_23,eye_lmk_X_24,eye_lmk_X_25,eye_lmk_X_26,eye_lmk_X_27,eye_lmk_X_28,eye_lmk_X_29,eye_lmk_X_30,eye_lmk_X_31,eye_lmk_X_32,eye_lmk_X_33,eye_lmk_X_34,eye_lmk_X_35,eye_lmk_X_36,eye_lmk_X_37,eye_lmk_X_38,eye_lmk_X_39,eye_lmk_X_40,eye_lmk_X_41,eye_lmk_X_42,eye_lmk_X_43,eye_lmk_X_44,eye_lmk_X_45,eye_lmk_X_46,eye_lmk_X_47,eye_lmk_X_48,eye_lmk_X_49,eye_lmk_X_50,eye_lmk_X_51,eye_lmk_X_52,eye_lmk_X_53,eye_lmk_X_54,eye_lmk_X_55,eye_lmk_Y_0,eye_lmk_Y_1,eye_lmk_Y_2,eye_lmk_Y_3,eye_lmk_Y_4,eye_lmk_Y_5,eye_lmk_Y_6,eye_lmk_Y_7,eye_lmk_Y_8,eye_lmk_Y_9,eye_lmk_Y_10,eye_lmk_Y_11,eye_lmk_Y_12,eye_lmk_Y_13,eye_lmk_Y_14,eye_lmk_Y_15,eye_lmk_Y_16,eye_lmk_Y_17,eye_lmk_Y_18,eye_lmk_Y_19,eye_lmk_Y_20,eye_lmk_Y_21,eye_lmk_Y_22,eye_lmk_Y_23,eye_lmk_Y_24,eye_lmk_Y_25,eye_lmk_Y_26,eye_lmk_Y_27,eye_lmk_Y_28,eye_lmk_Y_29,eye_lmk_Y_30,eye_lmk_Y_31,eye_lmk_Y_32,eye_lmk_Y_33,eye_lmk_Y_34,eye_lmk_Y_35,eye_lmk_Y_36,eye_lmk_Y_37,eye_lmk_Y_38,eye_lmk_Y_39,eye_lmk_Y_40,eye_lmk_Y_41,eye_lmk_Y_42,eye_lmk_Y_43,eye_lmk_Y_44,eye_lmk_Y_45,eye_lmk_Y_46,eye_lmk_Y_47,eye_lmk_Y_48,eye_lmk_Y_49,eye_lmk_Y_50,eye_lmk_Y_51,eye_lmk_Y_52,eye_lmk_Y_53,eye_lmk_Y_54,eye_lmk_Y_55,eye_lmk_Z_0,eye_lmk_Z_1,eye_lmk_Z_2,eye_lmk_Z_3,eye_lmk_Z_4,eye_lmk_Z_5,eye_lmk_Z_6,eye_lmk_Z_7,eye_lmk_Z_8,eye_lmk_Z_9,eye_lmk_Z_10,eye_lmk_Z_11,eye_lmk_Z_12,eye_lmk_Z_13,eye_lmk_Z_14,eye_lmk_Z_15,eye_lmk_Z_16,eye_lmk_Z_17,eye_lmk_Z_18,eye_lmk_Z_19,eye_lmk_Z_20,eye_lmk_Z_21,eye_lmk_Z_22,eye_lmk_Z_23,eye_lmk_Z_24,eye_lmk_Z_25,eye_lmk_Z_26,eye_lmk_Z_27,eye_lmk_Z_28,eye_lmk_Z_29,eye_lmk_Z_30,eye_lmk_Z_31,eye_lmk_Z_32,eye_lmk_Z_33,eye_lmk_Z_34,eye_lmk_Z_35,eye_lmk_Z_36,eye_lmk_Z_37,eye_lmk_Z_38,eye_lmk_Z_39,eye_lmk_Z_40,eye_lmk_Z_41,eye_lmk_Z_42,eye_lmk_Z_43,eye_lmk_Z_44,eye_lmk_Z_45,eye_lmk_Z_46,eye_lmk_Z_47,eye_lmk_Z_48,eye_lmk_Z_49,eye_lmk_Z_50,eye_lmk_Z_51,eye_lmk_Z_52,eye_lmk_Z_53,eye_lmk_Z_54,eye_lmk_Z_55,pose_Tx,pose_Ty,pose_Tz,pose_Rx,pose_Ry,pose_Rz,AU01_r,AU02_r,AU04_r,AU05_r,AU06_r,AU07_r,AU09_r,AU10_r,AU12_r,AU14_r,AU15_r,AU17_r,AU20_r,AU23_r,AU25_r,AU26_r
-0.160296,0.376578,-0.912411,-0.280983,0.37481,-0.883497,-0.241,0.396,228.2,229.5,233.0,236.5,238.1,237.1,233.3,229.8,224.4,226.2,229.2,233.2,237.3,240.4,242.5,240.0,236.6,232.9,229.4,226.4,231.9,233.3,234.8,235.3,234.7,233.2,231.8,231.2,277.6,279.0,282.6,286.4,288.0,286.6,283.0,279.1,274.4,276.0,278.7,282.7,287.4,291.5,294.6,291.5,287.6,283.6,279.7,276.5,281.5,283.1,284.6,285.2,284.5,282.9,281.4,280.8,187.8,184.3,182.9,184.4,187.9,191.6,192.8,191.3,188.4,187.0,186.3,186.0,186.6,187.9,189.9,191.2,191.9,192.1,191.6,190.3,189.1,189.8,189.2,187.7,186.2,185.6,186.2,187.7,187.1,183.3,181.7,183.4,187.3,191.1,192.6,191.1,188.5,186.8,185.7,185.4,185.9,186.9,188.3,190.4,191.4,191.7,191.2,190.3,188.6,189.3,188.7,187.1,185.4,184.7,185.4,187.0,-41.7,-40.1,-36.0,-31.8,-30.0,-31.4,-35.8,-40.0,-46.6,-44.2,-40.4,-35.7,-30.9,-27.4,-25.1,-27.9,-31.9,-36.2,-40.4,-44.0,-37.5,-35.7,-34.0,-33.4,-34.1,-35.8,-37.5,-38.2,14.5,16.0,19.8,23.7,25.5,24.1,20.3,16.1,11.2,12.9,15.6,19.9,24.8,29.3,32.8,29.4,25.2,20.9,16.8,13.4,18.7,20.4,22.0,22.6,21.9,20.2,18.5,17.9,-72.5,-76.4,-77.8,-76.0,-72.0,-68.0,-66.7,-68.5,-72.5,-73.6,-73.9,-74.0,-73.4,-72.1,-70.1,-68.5,-67.6,-67.3,-68.2,-69.9,-71.0,-70.3,-70.9,-72.5,-74.1,-74.9,-74.3,-72.7,-67.3,-71.2,-72.6,-70.7,-66.7,-62.8,-61.3,-63.0,-66.2,-67.6,-68.4,-68.5,-67.9,-67.2,-66.0,-63.7,-62.4,-62.1,-62.8,-64.1,-65.6,-64.8,-65.4,-67.1,-68.8,-69.6,-69.0,-67.4,543.8,542.3,541.1,540.9,541.7,543.5,544.4,544.7,548.8,545.1,541.8,539.9,540.3,542.2,544.6,543.8,542.9,543.1,544.5,546.7,544.4,544.2,543.7,543.1,542.8,542.9,543.4,544.0,498.9,497.6,496.2,495.5,495.9,497.3,498.7,499.8,502.9,499.8,496.8,494.8,495.0,496.8,499.4,498.0,497.1,497.2,498.6,501.0,499.0,498.7,498.1,497.6,497.4,497.7,498.3,498.8,-3.4,-25.4,498.4,0.357,0.387,-0.11,0.0,0.0,0.46,0.0,0.0,0.27,1.18,0.2,0.0,0.23,0.11,1.49,0.0,0.84,0.72,0.11
-0.143152,0.375475,-0.915711,-0.255947,0.360682,-0.896883,-0.217,0.386,230.5,232.0,235.7,239.4,241.0,239.8,235.8,232.1,226.6,228.4,231.4,235.6,240.0,243.2,245.5,242.8,239.1,235.2,231.6,228.6,234.4,235.9,237.5,238.1,237.4,235.9,234.3,233.7,280.8,282.3,286.1,289.9,291.5,290.0,286.3,282.3,277.3,279.2,282.1,286.3,290.8,294.6,297.5,294.6,290.9,287.0,283.0,279.6,284.7,286.3,288.0,288.6,287.9,286.2,284.6,284.0,184.9,181.1,179.6,181.3,185.2,189.2,190.5,188.8,185.8,184.0,183.0,182.6,183.3,184.9,187.3,188.6,189.2,189.4,188.9,187.7,186.5,187.2,186.6,185.0,183.4,182.7,183.3,184.9,184.2,180.3,178.5,180.0,183.7,187.7,189.4,188.4,186.7,184.3,182.5,181.6,182.3,183.7,185.9,187.4,188.1,188.3,188.2,187.9,185.9,186.5,185.8,184.0,182.4,181.8,182.6,184.3,-36.9,-35.2,-31.1,-26.9,-25.2,-26.6,-31.1,-35.2,-41.6,-39.4,-35.8,-31.1,-26.3,-22.8,-20.4,-23.3,-27.3,-31.7,-35.7,-39.2,-32.7,-30.9,-29.2,-28.5,-29.2,-30.9,-32.7,-33.4,18.2,19.8,23.8,27.9,29.6,28.0,24.0,19.7,14.5,16.5,19.5,23.9,28.8,33.0,36.3,33.0,29.0,24.7,20.5,16.9,22.3,24.1,25.9,26.6,25.8,24.0,22.3,21.6,-71.7,-75.7,-77.2,-75.2,-71.1,-66.8,-65.6,-67.5,-71.4,-72.9,-73.5,-73.7,-73.0,-71.4,-69.0,-67.5,-66.7,-66.6,-67.4,-69.0,-70.0,-69.2,-69.8,-71.5,-73.2,-74.1,-73.4,-71.8,-71.0,-75.3,-77.2,-75.5,-71.3,-67.0,-65.2,-66.5,-68.7,-71.1,-72.8,-73.5,-72.9,-71.5,-69.4,-67.5,-66.5,-66.2,-66.5,-67.1,-69.2,-68.5,-69.3,-71.2,-73.0,-73.7,-72.9,-71.0,514.2,513.0,511.8,511.3,511.7,513.2,514.1,514.7,519.2,515.7,512.3,510.3,510.4,511.9,514.0,513.2,512.4,512.8,514.4,516.9,514.5,514.2,513.7,513.2,513.0,513.3,513.8,514.3,504.1,504.6,504.3,503.4,502.4,501.9,502.1,503.3,506.6,504.7,502.7,501.5,501.9,503.5,505.7,503.2,501.6,501.1,502.1,504.3,503.9,503.5,503.4,503.6,504.1,504.5,504.6,504.4,-0.6,-27.4,496.9,0.361,0.357,-0.101,0.0,0.0,0.32,0.0,0.0,0.19,0.8,0.1,0.0,0.21,0.15,1.13,0.08,0.74,0.65,0.26
-0.166341,0.371491,-0.913414,-0.174976,0.348177,-0.920954,-0.184,0.374,238.6,240.2,244.1,248.0,249.5,248.3,244.0,240.2,235.3,237.0,240.1,244.5,249.3,253.0,255.5,252.5,248.4,244.1,240.3,237.2,242.7,244.3,246.0,246.7,246.0,244.4,242.7,242.0,291.8,293.1,296.7,300.5,302.3,301.0,297.4,293.3,288.0,289.8,292.6,296.8,301.2,304.8,307.3,305.0,301.7,298.0,294.0,290.5,295.6,297.2,298.7,299.2,298.5,296.9,295.4,294.8,179.1,175.0,173.5,175.5,179.8,184.1,185.3,183.3,180.1,178.1,177.1,176.7,177.8,179.8,182.6,183.6,183.9,183.9,183.3,182.0,181.0,181.8,181.2,179.5,177.7,176.8,177.5,179.2,178.3,174.4,172.6,174.0,177.7,181.5,183.3,182.2,180.4,177.8,176.0,175.1,175.4,176.3,178.2,180.4,181.8,182.5,182.5,181.9,179.5,180.1,179.3,177.7,176.2,175.7,176.4,178.0,-25.8,-24.1,-20.0,-16.1,-14.5,-15.9,-20.2,-24.2,-29.4,-27.5,-24.1,-19.6,-14.7,-11.1,-8.5,-11.6,-15.7,-20.1,-24.0,-27.3,-21.6,-19.9,-18.2,-17.5,-18.2,-19.8,-21.5,-22.2,30.6,32.0,36.0,40.2,42.2,40.8,36.8,32.3,26.5,28.4,31.5,36.0,40.9,45.1,48.1,45.4,41.6,37.4,33.1,29.3,34.9,36.6,38.3,38.9,38.0,36.3,34.6,34.0,-71.9,-75.9,-77.1,-74.9,-70.6,-66.5,-65.4,-67.6,-71.7,-73.1,-73.6,-73.6,-72.5,-70.7,-68.1,-67.0,-66.6,-66.7,-67.6,-69.3,-70.0,-69.0,-69.6,-71.2,-73.0,-73.9,-73.4,-71.8,-79.0,-83.2,-85.1,-83.7,-79.7,-75.6,-73.6,-74.8,-77.1,-79.6,-81.2,-82.1,-82.0,-81.4,-79.8,-77.1,-75.2,-74.3,-74.4,-75.3,-77.8,-77.2,-78.0,-79.7,-81.4,-82.0,-81.2,-79.5,473.3,472.0,470.2,469.1,469.2,470.7,472.2,473.4,478.4,474.7,470.9,468.4,468.2,469.5,471.3,470.6,470.1,470.8,472.8,475.6,472.9,472.4,471.7,471.1,471.1,471.6,472.3,472.8,514.1,513.4,513.1,513.5,514.2,514.9,515.2,515.1,517.0,514.6,512.5,511.5,512.7,515.4,518.5,516.6,514.7,513.8,514.2,515.7,515.2,515.4,515.3,515.0,514.7,514.5,514.6,514.9,8.4,-32.3,494.7,0.318,0.264,-0.055,0.0,0.0,0.18,0.0,0.0,0.37,0.41,0.03,0.0,0.13,0.2,0.72,0.09,0.46,0.77,0.84
-0.186068,0.338744,-0.922297,-0.177315,0.303925,-0.93605,-0.193,0.333,242.3,244.0,248.0,252.0,253.6,252.2,247.9,243.9,239.0,241.1,244.5,249.0,253.8,257.4,259.9,256.8,252.7,248.4,244.4,241.1,246.5,248.2,249.9,250.6,249.9,248.2,246.6,245.8,296.0,297.6,301.3,305.1,306.7,305.2,301.4,297.4,292.3,294.1,297.0,301.3,305.9,309.6,312.1,309.5,306.0,302.2,298.2,294.7,299.9,301.5,303.0,303.6,303.0,301.4,299.9,299.2,175.1,170.8,169.2,171.0,175.4,179.9,181.2,179.4,176.4,174.2,173.0,172.4,173.4,175.4,178.2,179.4,179.8,179.9,179.4,178.3,177.0,177.7,177.0,175.3,173.4,172.7,173.4,175.1,173.5,169.6,168.0,169.6,173.5,177.3,178.9,177.5,175.7,173.2,171.4,170.7,171.3,172.4,174.5,176.8,178.1,178.6,178.3,177.4,174.9,175.6,174.9,173.4,171.8,171.1,171.8,173.4,-21.9,-20.2,-16.1,-12.1,-10.5,-11.8,-16.3,-20.3,-25.5,-23.2,-19.7,-15.0,-10.2,-6.7,-4.2,-7.2,-11.3,-15.7,-19.8,-23.2,-17.7,-16.0,-14.2,-13.5,-14.2,-15.9,-17.6,-18.4,34.4,36.0,40.0,44.1,45.9,44.3,40.3,36.0,30.6,32.4,35.4,39.9,44.8,49.0,52.0,49.1,45.2,41.0,36.8,33.1,38.6,40.3,42.0,42.6,41.9,40.2,38.6,37.9,-75.8,-79.9,-81.3,-79.2,-74.9,-70.5,-69.3,-71.3,-75.1,-76.8,-77.5,-77.7,-76.7,-74.9,-72.3,-71.0,-70.5,-70.5,-71.2,-72.8,-73.8,-72.9,-73.5,-75.2,-77.1,-78.0,-77.4,-75.6,-82.3,-86.3,-87.9,-86.2,-82.2,-78.1,-76.5,-78.0,-80.3,-82.7,-84.1,-84.7,-84.3,-83.4,-81.7,-79.0,-77.3,-76.6,-77.1,-78.3,-80.8,-80.1,-80.8,-82.4,-84.1,-84.8,-84.1,-82.5,471.7,471.0,469.6,468.4,468.0,468.9,470.1,471.3,476.0,472.6,469.4,467.3,467.3,468.6,470.2,469.2,468.3,468.8,470.5,473.2,471.3,470.7,470.2,469.8,470.0,470.5,471.1,471.4,501.5,500.7,500.2,500.3,501.0,501.8,502.3,502.5,504.7,502.1,499.8,498.5,499.5,502.0,505.1,503.3,501.7,501.1,501.7,503.4,502.4,502.4,502.2,501.9,501.7,501.6,501.8,502.2,12.7,-35.4,491.0,0.278,0.221,-0.034,0.18,0.0,0.03,0.09,0.0,0.38,0.05,0.0,0.0,0.0,0.29,0.24,0.14,0.14,1.22,1.62
-0.156849,0.325767,-0.932349,-0.191111,0.274985,-0.942263,-0.184,0.31,245.3,247.0,251.2,255.3,257.0,255.6,251.2,247.0,241.4,244.0,247.7,252.3,256.8,260.1,262.5,259.8,256.0,251.7,247.7,244.1,249.5,251.3,253.0,253.7,253.0,251.3,249.5,248.8,299.9,302.0,306.1,310.0,311.2,309.2,305.0,300.9,296.3,298.3,301.4,305.8,310.8,315.0,318.0,314.5,310.3,305.9,301.8,298.4,303.9,305.5,307.3,308.2,307.7,306.0,304.3,303.4,171.7,167.5,165.7,167.5,171.7,176.2,177.7,175.9,172.8,170.9,169.8,169.2,169.8,171.4,173.8,175.3,176.0,176.3,175.9,174.8,173.5,174.2,173.5,171.7,169.9,169.1,169.9,171.7,170.1,165.9,164.4,166.3,170.6,174.8,176.3,174.7,172.6,169.9,168.0,167.5,168.9,171.0,174.0,175.3,175.6,175.4,174.8,174.1,172.2,173.1,172.4,170.6,168.8,168.0,168.7,170.4,-19.3,-17.5,-13.3,-9.0,-7.2,-8.7,-13.3,-17.5,-23.5,-20.7,-16.8,-12.1,-7.4,-4.0,-1.6,-4.4,-8.3,-12.6,-16.9,-20.7,-15.0,-13.2,-11.4,-10.6,-11.3,-13.2,-15.0,-15.8,35.2,37.2,41.2,44.8,45.9,43.9,39.9,36.1,31.9,33.7,36.5,40.7,45.5,49.7,52.8,49.2,44.9,40.7,36.8,33.7,39.0,40.6,42.3,43.1,42.7,41.1,39.4,38.6,-81.0,-85.3,-87.0,-85.1,-80.7,-76.2,-74.7,-76.6,-80.4,-81.9,-82.7,-83.1,-82.5,-81.2,-79.1,-77.2,-76.3,-75.9,-76.5,-78.0,-79.2,-78.4,-79.1,-80.9,-82.8,-83.6,-82.9,-81.1,-78.3,-82.4,-83.8,-81.6,-77.2,-73.2,-71.8,-73.6,-76.4,-78.6,-80.0,-80.2,-78.9,-77.0,-74.3,-72.8,-72.3,-72.4,-73.3,-74.4,-76.1,-75.2,-75.8,-77.5,-79.4,-80.3,-79.7,-77.9,482.7,482.2,481.6,481.2,481.2,481.9,482.2,482.7,486.0,483.2,480.7,479.6,480.3,482.1,484.2,482.7,481.1,480.7,481.7,483.8,483.1,482.9,482.6,482.4,482.4,482.6,482.9,483.1,457.2,457.4,456.5,455.1,454.0,453.8,454.6,456.4,460.2,458.0,455.6,453.7,453.5,454.6,456.4,454.5,453.4,453.5,454.9,457.7,456.6,455.9,455.6,455.7,456.1,456.8,457.1,457.0,15.7,-37.0,482.1,0.263,0.184,-0.014,0.44,0.04,0.11,0.27,0.0,0.5,0.0,0.0,0.0,0.0,0.47,0.09,0.11,0.0,1.66,2.12
-0.15825,0.326293,-0.931928,-0.206403,0.265188,-0.941846,-0.192,0.306,245.3,247.0,251.2,255.3,257.0,255.6,251.1,247.0,241.2,243.9,247.7,252.4,256.9,260.3,262.5,259.9,256.1,251.8,247.7,243.9,249.4,251.2,253.0,253.7,253.0,251.2,249.5,248.7,299.9,302.0,306.2,310.0,311.3,309.2,305.1,301.0,296.5,298.4,301.4,306.0,311.2,315.5,318.5,315.0,310.6,306.2,302.0,298.5,304.0,305.6,307.4,308.3,307.7,306.1,304.3,303.5,171.7,167.4,165.7,167.4,171.7,176.3,177.7,176.0,173.1,171.0,169.7,169.0,169.7,171.4,173.9,175.4,176.1,176.4,176.0,174.9,173.5,174.3,173.5,171.7,169.9,169.1,169.9,171.7,170.0,165.8,164.4,166.5,171.0,175.1,176.6,174.8,172.4,169.9,168.2,167.8,169.2,171.3,174.2,176.0,176.7,176.6,175.7,174.6,172.3,173.1,172.5,170.8,168.9,168.0,168.6,170.4,-19.1,-17.4,-13.1,-8.9,-7.1,-8.6,-13.1,-17.4,-23.5,-20.6,-16.6,-11.8,-7.2,-3.8,-1.5,-4.2,-8.1,-12.4,-16.7,-20.5,-14.9,-13.1,-11.2,-10.5,-11.2,-13.1,-14.9,-15.6,34.3,36.2,40.1,43.7,44.8,42.9,39.0,35.2,31.2,32.9,35.6,39.7,44.6,48.8,52.0,48.4,44.2,40.0,36.1,33.0,38.1,39.6,41.3,42.1,41.6,40.1,38.5,37.6,-80.1,-84.4,-86.1,-84.2,-79.8,-75.3,-73.8,-75.7,-79.2,-80.9,-81.8,-82.3,-81.7,-80.3,-78.1,-76.3,-75.3,-75.0,-75.5,-76.9,-78.2,-77.4,-78.2,-80.0,-81.9,-82.7,-82.0,-80.1,-76.3,-80.2,-81.4,-79.2,-74.8,-70.9,-69.7,-71.7,-74.5,-76.6,-77.7,-77.8,-76.4,-74.7,-72.3,-70.3,-69.5,-69.6,-70.6,-72.1,-74.1,-73.2,-73.7,-75.3,-77.1,-78.1,-77.6,-75.9,477.1,476.8,476.4,476.0,475.9,476.4,476.6,477.0,480.3,477.6,475.3,474.2,475.1,477.0,479.0,477.4,475.7,475.2,476.1,478.1,477.5,477.4,477.2,477.1,477.1,477.3,477.5,477.6,445.2,444.9,443.8,442.5,441.9,442.3,443.4,444.9,448.4,446.0,443.4,441.4,441.3,442.7,444.9,443.2,442.2,442.2,443.6,446.2,444.8,444.2,443.8,443.6,443.9,444.4,444.9,445.0,15.6,-36.6,480.6,0.282,0.18,-0.009,0.87,0.31,0.09,0.56,0.0,0.31,0.0,0.0,0.0,0.0,0.5,0.0,0.13,0.0,1.97,2.35
-0.150811,0.273085,-0.950095,-0.233988,0.240687,-0.941976,-0.201,0.265,247.6,249.3,253.5,257.7,259.5,258.1,253.5,249.3,244.0,246.4,250.0,254.6,259.3,263.0,265.6,262.7,258.6,254.2,250.1,246.5,251.9,253.7,255.6,256.3,255.6,253.7,251.9,251.1,302.0,304.0,308.4,312.6,314.0,312.0,307.6,303.2,298.9,301.1,304.5,309.5,314.7,318.9,321.8,318.5,314.3,309.8,305.3,301.4,306.3,308.0,309.9,310.8,310.1,308.4,306.5,305.6,170.8,166.4,164.4,166.1,170.5,175.3,176.9,175.2,172.6,170.3,168.7,167.9,168.6,170.5,173.1,174.6,175.1,175.4,175.1,174.3,172.7,173.5,172.6,170.7,168.8,168.1,168.9,170.8,169.1,164.8,163.1,165.2,169.7,174.1,175.7,174.0,171.7,169.0,167.3,166.8,168.1,170.1,173.0,175.0,175.8,175.8,175.0,173.9,171.3,172.2,171.5,169.7,167.7,166.8,167.5,169.4,-16.3,-14.6,-10.4,-6.2,-4.5,-5.8,-10.4,-14.6,-20.0,-17.5,-13.8,-9.3,-4.6,-1.0,1.6,-1.3,-5.4,-9.7,-13.8,-17.4,-12.0,-10.2,-8.4,-7.6,-8.4,-10.2,-12.0,-12.8,35.1,37.0,41.0,44.7,46.0,44.1,40.2,36.2,32.4,34.3,37.3,41.7,46.6,50.6,53.6,50.3,46.3,42.1,38.0,34.6,39.1,40.6,42.3,43.1,42.6,41.0,39.3,38.5,-78.7,-83.1,-84.9,-83.0,-78.6,-73.9,-72.4,-74.2,-77.5,-79.4,-80.4,-81.0,-80.3,-78.7,-76.3,-74.6,-73.9,-73.6,-74.1,-75.3,-76.7,-75.9,-76.7,-78.6,-80.6,-81.4,-80.6,-78.7,-74.8,-78.8,-80.1,-78.1,-73.8,-69.8,-68.4,-70.2,-72.8,-74.9,-76.1,-76.3,-75.2,-73.7,-71.4,-69.3,-68.3,-68.2,-69.0,-70.4,-72.7,-71.8,-72.4,-74.1,-76.0,-76.8,-76.3,-74.5,463.9,464.0,463.2,462.0,461.1,461.1,461.8,463.0,467.3,464.5,461.9,460.4,460.6,461.7,463.1,461.7,460.5,460.5,462.0,464.5,463.5,463.0,462.6,462.7,463.1,463.6,464.0,463.9,431.4,431.3,430.5,429.6,429.0,429.1,429.9,431.1,433.5,431.4,429.3,428.0,428.6,430.4,432.9,430.9,429.3,428.8,429.5,431.6,431.2,430.8,430.5,430.5,430.7,431.1,431.4,431.5,18.9,-37.1,477.7,0.238,0.13,-0.017,1.18,0.61,0.08,0.83,0.0,0.29,0.0,0.0,0.0,0.0,0.47,0.0,0.09,0.0,1.96,2.41
-0.133222,0.267769,-0.954228,-0.266486,0.252272,-0.930239,-0.209,0.269,248.6,250.5,254.8,259.1,260.7,259.2,254.5,250.3,245.1,247.4,251.0,255.6,260.4,264.3,267.0,263.8,259.5,255.0,250.9,247.5,253.0,254.9,256.8,257.6,256.8,255.0,253.1,252.3,302.9,304.9,309.4,313.6,315.2,313.2,308.7,304.3,300.2,302.5,305.9,310.9,316.4,320.7,323.7,320.3,316.0,311.5,306.8,302.8,307.3,309.2,311.1,312.0,311.3,309.4,307.5,306.6,172.1,167.5,165.5,167.2,171.7,176.6,178.2,176.5,174.2,171.6,169.9,169.0,169.7,171.7,174.6,176.0,176.5,176.7,176.5,175.7,174.1,174.8,173.9,172.0,170.1,169.3,170.2,172.1,170.6,166.1,164.3,166.3,170.9,175.5,177.3,175.6,173.0,170.1,168.3,167.8,169.1,171.2,174.4,176.3,177.1,177.1,176.3,175.2,172.8,173.7,172.9,171.0,168.9,168.1,168.8,170.8,-14.8,-13.0,-8.8,-4.7,-3.1,-4.6,-9.1,-13.2,-18.4,-16.0,-12.5,-8.1,-3.4,0.2,2.8,-0.2,-4.3,-8.6,-12.6,-16.0,-10.6,-8.8,-7.0,-6.2,-6.9,-8.7,-10.5,-11.3,35.0,36.8,40.7,44.4,45.7,43.9,40.0,36.2,32.7,34.6,37.4,41.8,46.7,50.8,53.8,50.5,46.5,42.3,38.3,34.9,38.9,40.5,42.2,43.0,42.4,40.8,39.1,38.3,-75.2,-79.7,-81.4,-79.5,-75.0,-70.3,-68.8,-70.7,-73.7,-75.8,-77.0,-77.6,-76.8,-75.0,-72.4,-70.9,-70.3,-70.1,-70.6,-71.7,-73.2,-72.3,-73.1,-75.0,-77.0,-77.8,-77.0,-75.1,-71.4,-75.4,-76.9,-74.8,-70.6,-66.5,-65.1,-66.8,-69.6,-71.8,-73.1,-73.3,-72.1,-70.5,-68.1,-66.1,-65.2,-65.1,-65.9,-67.3,-69.3,-68.4,-69.1,-70.8,-72.7,-73.6,-73.0,-71.2,450.4,450.6,449.7,448.2,446.9,446.7,447.5,449.1,453.8,451.1,448.4,446.7,446.5,447.2,448.3,447.0,446.0,446.2,448.0,450.8,449.6,448.9,448.5,448.7,449.2,449.9,450.3,450.2,419.7,419.5,418.5,417.3,416.6,416.7,417.7,419.2,421.5,419.4,417.3,415.8,416.3,418.0,420.3,418.3,416.9,416.3,417.2,419.4,419.2,418.7,418.3,418.2,418.5,419.1,419.5,419.6,20.4,-36.0,477.9,0.245,0.113,-0.022,1.47,0.86,0.0,0.96,0.0,0.28,0.0,0.0,0.0,0.0,0.49,0.0,0.14,0.0,1.81,2.54
-0.134688,0.291813,-0.946945,-0.170991,0.345201,-0.922821,-0.162,0.328,249.1,251.1,255.4,259.7,261.3,259.8,255.0,250.8,245.6,248.0,251.7,256.4,261.3,265.0,267.6,264.5,260.3,255.7,251.5,248.0,253.5,255.4,257.3,258.1,257.4,255.6,253.7,252.8,304.1,305.7,309.8,314.0,315.8,314.1,310.0,305.5,300.4,303.2,306.9,311.7,315.9,318.8,320.5,318.7,315.9,312.3,308.0,303.7,307.9,309.7,311.5,312.3,311.5,309.6,307.8,307.1,174.5,170.0,168.1,169.8,174.3,179.2,180.8,179.0,176.6,174.1,172.4,171.6,172.5,174.6,177.6,178.7,179.1,179.2,178.9,178.1,176.6,177.3,176.5,174.6,172.6,171.9,172.7,174.6,173.8,169.3,167.3,169.0,173.3,177.8,179.8,178.4,175.8,173.1,171.2,170.4,170.9,172.0,174.1,176.3,177.7,178.4,178.2,177.5,175.5,176.2,175.4,173.4,171.5,170.8,171.7,173.6,-14.3,-12.5,-8.3,-4.1,-2.5,-4.0,-8.6,-12.7,-17.9,-15.5,-11.8,-7.3,-2.6,1.0,3.5,0.5,-3.6,-7.9,-12.0,-15.5,-10.1,-8.3,-6.5,-5.7,-6.4,-8.1,-10.0,-10.8,38.8,40.4,44.5,48.7,50.5,49.0,44.9,40.3,35.4,38.0,41.5,46.2,50.5,53.8,55.9,53.7,50.7,46.9,42.7,38.5,42.8,44.6,46.4,47.1,46.3,44.5,42.7,42.0,-72.8,-77.2,-78.9,-77.0,-72.5,-67.8,-66.4,-68.3,-71.3,-73.3,-74.5,-75.0,-74.1,-72.3,-69.6,-68.3,-67.8,-67.7,-68.2,-69.4,-70.7,-69.9,-70.6,-72.5,-74.5,-75.3,-74.6,-72.7,-73.9,-78.2,-80.3,-79.0,-74.9,-70.5,-68.4,-69.5,-72.1,-74.5,-76.2,-77.1,-77.1,-76.6,-75.1,-72.5,-70.6,-69.6,-69.6,-70.4,-72.5,-71.9,-72.9,-74.8,-76.6,-77.2,-76.3,-74.3,450.2,450.4,449.6,448.2,447.0,446.8,447.5,448.9,453.5,450.8,448.2,446.6,446.6,447.5,448.7,447.3,446.1,446.3,447.9,450.6,449.5,448.9,448.5,448.7,449.2,449.8,450.2,450.0,452.5,452.6,453.5,454.8,455.7,455.6,454.6,453.6,453.2,451.9,451.3,452.1,454.7,458.1,461.7,458.9,455.9,453.6,452.5,452.7,454.6,455.1,455.5,455.6,455.2,454.6,454.2,454.2,21.4,-34.8,483.8,0.262,0.097,-0.03,1.61,0.96,0.0,1.06,0.0,0.23,0.0,0.0,0.0,0.0,0.46,0.0,0.18,0.0,1.33,2.49
-0.137531,0.284968,-0.948619,-0.182066,0.352008,-0.918119,-0.17,0.329,249.4,251.3,255.8,260.1,261.8,260.2,255.3,251.0,245.8,248.3,252.0,256.8,261.8,265.7,268.4,265.2,260.9,256.2,251.9,248.2,253.9,255.7,257.6,258.4,257.7,255.9,254.0,253.2,304.0,305.5,309.7,314.0,316.0,314.5,310.4,305.7,300.6,303.3,307.0,311.8,316.2,319.3,321.2,319.3,316.4,312.7,308.3,303.9,308.0,310.0,311.8,312.5,311.6,309.7,307.8,307.1,177.5,172.9,170.9,172.7,177.2,182.2,183.8,182.0,179.7,177.0,175.2,174.4,175.4,177.7,180.8,182.0,182.2,182.4,182.1,181.3,179.5,180.3,179.4,177.5,175.6,174.8,175.6,177.6,176.6,172.0,169.8,171.3,175.7,180.3,182.5,181.2,178.6,175.6,173.6,172.5,173.0,174.2,176.4,178.6,179.9,180.7,180.6,180.1,178.3,178.9,178.0,175.9,174.0,173.3,174.2,176.3,-13.8,-11.9,-7.7,-3.6,-2.1,-3.6,-8.1,-12.2,-17.3,-14.8,-11.2,-6.7,-2.0,1.6,4.1,1.1,-2.9,-7.2,-11.3,-14.8,-9.5,-7.8,-6.0,-5.2,-5.9,-7.6,-9.4,-10.2,38.1,39.5,43.5,47.8,49.8,48.4,44.3,39.7,34.9,37.3,40.8,45.4,49.9,53.3,55.6,53.4,50.2,46.4,42.1,38.0,42.1,44.0,45.8,46.4,45.6,43.6,41.8,41.2,-68.2,-72.6,-74.4,-72.4,-68.0,-63.3,-61.9,-63.8,-66.6,-68.8,-70.0,-70.5,-69.6,-67.6,-64.9,-63.6,-63.1,-63.1,-63.6,-64.7,-66.2,-65.4,-66.1,-68.0,-69.9,-70.7,-69.9,-68.1,-69.9,-74.3,-76.5,-75.2,-71.2,-66.7,-64.5,-65.6,-68.1,-70.7,-72.5,-73.6,-73.6,-73.0,-71.4,-68.9,-67.1,-66.1,-66.0,-66.5,-68.6,-68.0,-69.0,-71.0,-72.8,-73.4,-72.4,-70.4,439.0,439.4,438.6,437.0,435.7,435.5,436.2,437.7,442.3,439.7,437.0,435.4,435.4,436.3,437.4,436.0,434.9,435.0,436.6,439.4,438.3,437.7,437.3,437.4,438.0,438.7,439.0,438.9,444.3,444.4,445.2,446.2,446.9,446.8,446.0,445.2,444.9,443.7,443.0,443.6,446.1,449.5,453.0,450.1,447.1,444.9,444.0,444.3,446.1,446.6,447.0,447.0,446.7,446.2,445.8,445.8,22.2,-33.8,488.5,0.244,0.083,-0.036,1.56,0.88,0.0,1.08,0.0,0.26,0.0,0.0,0.0,0.0,0.3,0.0,0.27,0.0,0.76,2.21
-0.133804,0.274274,-0.952297,-0.155662,0.346581,-0.925014,-0.153,0.319,249.1,251.0,255.3,259.7,261.4,260.0,255.2,250.9,245.5,247.9,251.6,256.4,261.4,265.4,268.1,265.0,260.6,256.0,251.7,248.0,253.7,255.5,257.3,258.1,257.4,255.6,253.7,253.0,303.8,305.2,309.3,313.6,315.6,314.1,310.0,305.4,300.0,302.7,306.5,311.2,315.5,318.4,320.2,318.5,315.7,312.1,307.8,303.4,307.7,309.6,311.3,312.0,311.1,309.2,307.5,306.8,177.9,173.3,171.2,172.8,177.3,182.3,184.0,182.4,180.4,177.6,175.7,174.6,175.5,177.7,180.7,182.0,182.4,182.6,182.5,181.9,179.8,180.5,179.6,177.7,175.8,175.1,176.0,177.9,176.7,172.0,169.8,171.2,175.6,180.2,182.5,181.3,178.8,175.8,173.6,172.5,172.8,173.9,176.0,178.3,179.8,180.7,180.7,180.3,178.2,178.8,177.9,175.8,173.9,173.3,174.3,176.3,-14.0,-12.3,-8.2,-4.1,-2.4,-3.8,-8.2,-12.3,-17.5,-15.2,-11.6,-7.1,-2.4,1.3,3.9,0.9,-3.2,-7.5,-11.5,-15.1,-9.7,-8.0,-6.2,-5.5,-6.2,-7.9,-9.7,-10.4,37.7,39.1,43.1,47.3,49.3,47.9,43.9,39.4,34.2,36.7,40.2,44.8,49.1,52.4,54.5,52.5,49.5,45.8,41.6,37.4,41.7,43.5,45.3,45.9,45.0,43.2,41.4,40.8,-67.8,-72.2,-74.1,-72.3,-67.9,-63.2,-61.7,-63.4,-66.0,-68.2,-69.6,-70.3,-69.5,-67.6,-65.0,-63.6,-63.0,-62.8,-63.2,-64.1,-65.9,-65.2,-66.0,-67.8,-69.6,-70.4,-69.6,-67.8,-69.6,-74.0,-76.3,-75.2,-71.2,-66.8,-64.5,-65.4,-67.7,-70.4,-72.3,-73.5,-73.7,-73.3,-71.8,-69.1,-67.2,-66.0,-65.8,-66.2,-68.5,-68.0,-69.0,-70.9,-72.7,-73.2,-72.2,-70.2,439.1,439.4,438.6,437.1,435.8,435.5,436.2,437.7,442.6,439.9,437.2,435.5,435.4,436.3,437.4,436.0,434.9,435.1,436.7,439.5,438.3,437.7,437.3,437.5,438.1,438.7,439.1,438.9,443.0,443.0,444.0,445.5,446.5,446.5,445.4,444.2,443.6,442.3,441.8,442.6,445.3,448.9,452.6,449.7,446.6,444.3,443.1,443.2,445.2,445.8,446.3,446.3,445.8,445.2,444.8,444.7,22.1,-34.4,491.5,0.238,0.085,-0.042,1.46,0.82,0.0,0.9,0.0,0.22,0.0,0.0,0.0,0.0,0.1,0.0,0.24,0.0,0.27,1.66
-0.087874,0.229308,-0.969379,-0.174344,0.318912,-0.931611,-0.137,0.281,249.0,250.9,255.2,259.5,261.2,259.7,254.9,250.6,244.9,247.0,250.7,255.7,260.9,264.9,267.7,264.5,259.8,255.1,250.8,247.2,253.5,255.3,257.1,257.9,257.2,255.4,253.6,252.8,303.0,304.5,308.6,312.8,314.7,313.2,309.2,304.6,299.5,302.2,305.9,310.6,314.8,317.7,319.4,317.7,315.0,311.4,307.1,302.8,306.9,308.8,310.5,311.1,310.3,308.5,306.8,306.1,177.3,172.8,170.7,172.2,176.5,181.4,183.1,181.5,181.0,177.6,175.2,173.9,174.9,177.2,180.4,181.9,182.3,182.7,182.8,182.4,179.1,179.7,178.9,177.0,175.2,174.6,175.5,177.3,175.9,171.4,169.3,170.8,175.1,179.6,181.8,180.5,178.2,175.4,173.4,172.4,172.7,173.8,175.8,177.9,179.2,180.0,180.0,179.6,177.5,178.2,177.3,175.3,173.5,172.8,173.7,175.7,-13.7,-12.0,-8.0,-4.1,-2.5,-3.9,-8.2,-12.1,-17.6,-15.5,-12.1,-7.5,-2.8,0.8,3.3,0.4,-3.7,-8.0,-12.0,-15.4,-9.6,-7.9,-6.3,-5.6,-6.2,-7.8,-9.5,-10.2,37.9,39.4,43.4,47.7,49.6,48.1,44.1,39.6,34.6,37.1,40.6,45.3,49.6,52.9,55.0,53.0,49.9,46.2,41.9,37.7,41.9,43.8,45.5,46.1,45.3,43.5,41.7,41.1,-66.2,-70.5,-72.3,-70.6,-66.5,-61.9,-60.5,-62.1,-63.4,-66.1,-67.9,-68.8,-67.9,-65.8,-63.1,-61.5,-61.0,-60.7,-60.9,-61.6,-64.4,-63.7,-64.5,-66.2,-68.0,-68.6,-67.9,-66.1,-72.0,-76.4,-78.6,-77.3,-73.3,-68.8,-66.6,-67.7,-69.9,-72.4,-74.2,-75.4,-75.5,-75.1,-73.6,-71.1,-69.3,-68.2,-68.0,-68.5,-70.8,-70.2,-71.2,-73.1,-74.8,-75.4,-74.4,-72.5,425.0,425.8,425.2,423.6,421.8,421.1,421.6,423.2,429.1,426.5,423.9,422.0,421.7,422.2,423.0,421.6,420.6,421.0,422.8,425.8,424.1,423.4,423.1,423.5,424.2,424.9,425.1,424.8,453.5,453.7,454.7,456.0,456.8,456.7,455.7,454.6,454.2,452.9,452.4,453.2,455.8,459.4,463.0,460.1,457.0,454.7,453.5,453.7,455.6,456.2,456.6,456.7,456.3,455.7,455.3,455.3,21.5,-35.9,496.7,0.237,0.083,-0.04,1.35,0.49,0.0,0.68,0.0,0.19,0.0,0.0,0.0,0.0,0.02,0.0,0.26,0.0,0.09,1.18
-0.138123,0.271565,-0.952457,-0.203304,0.293058,-0.934229,-0.179,0.291,248.0,249.8,254.1,258.4,260.1,258.6,253.9,249.7,244.7,246.9,250.4,255.0,260.0,264.0,267.0,263.7,259.3,254.6,250.4,247.0,252.5,254.3,256.1,256.9,256.2,254.4,252.6,251.8,301.9,303.5,307.7,312.0,313.9,312.3,308.1,303.5,298.7,301.4,305.2,310.1,314.5,317.4,319.1,317.4,314.6,311.1,306.6,302.1,305.9,307.8,309.6,310.3,309.5,307.6,305.8,305.1,177.0,172.3,170.3,172.1,176.7,181.7,183.4,181.6,178.9,176.3,174.6,173.7,174.6,176.8,179.8,181.2,181.7,181.9,181.6,180.7,179.0,179.7,178.9,176.9,175.0,174.2,175.1,177.0,175.4,170.8,168.7,170.3,174.7,179.3,181.4,180.1,177.5,174.7,172.7,171.7,172.1,173.2,175.5,178.3,180.2,181.1,180.9,179.8,177.0,177.7,176.8,174.8,172.9,172.2,173.1,175.1,-15.0,-13.3,-9.2,-5.3,-3.7,-5.0,-9.4,-13.4,-18.3,-16.1,-12.7,-8.4,-3.7,0.0,2.8,-0.3,-4.4,-8.7,-12.7,-16.0,-10.8,-9.1,-7.4,-6.7,-7.3,-9.0,-10.7,-11.5,35.2,36.7,40.6,44.8,46.6,45.1,41.1,36.7,32.2,34.7,38.1,42.7,47.1,50.2,52.3,50.3,47.4,43.8,39.6,35.3,39.1,40.9,42.6,43.2,42.4,40.7,38.9,38.3,-68.6,-73.0,-74.6,-72.7,-68.2,-63.6,-62.2,-64.1,-67.4,-69.4,-70.5,-71.0,-70.1,-68.2,-65.6,-64.1,-63.6,-63.4,-64.0,-65.3,-66.6,-65.8,-66.5,-68.3,-70.2,-71.0,-70.3,-68.5,-69.2,-73.5,-75.6,-74.3,-70.3,-66.0,-64.0,-65.0,-67.4,-69.8,-71.5,-72.6,-72.6,-72.2,-70.6,-67.5,-65.4,-64.2,-64.2,-65.2,-68.0,-67.4,-68.3,-70.2,-71.9,-72.5,-71.6,-69.7,438.5,438.4,437.1,435.4,434.3,434.6,435.8,437.5,442.5,439.4,436.3,434.2,433.9,434.6,435.8,434.7,434.0,434.4,436.4,439.4,437.6,436.9,436.4,436.3,436.8,437.5,438.0,438.1,432.9,432.9,433.7,434.9,435.7,435.8,435.0,434.0,433.6,432.3,431.7,432.5,435.1,438.6,442.2,439.6,436.7,434.4,433.2,433.3,434.9,435.4,435.7,435.7,435.3,434.8,434.5,434.5,20.8,-36.2,493.7,0.225,0.085,-0.042,1.28,0.27,0.0,0.44,0.0,0.07,0.0,0.0,0.0,0.0,0.01,0.0,0.18,0.0,0.04,1.02
-0.134186,0.303081,-0.94347,-0.178489,0.31736,-0.931356,-0.165,0.32,247.1,248.9,253.2,257.4,259.1,257.6,253.0,248.8,243.7,246.0,249.6,254.2,259.1,263.0,265.7,262.6,258.2,253.7,249.5,246.1,251.5,253.3,255.1,255.9,255.2,253.4,251.6,250.8,301.1,302.7,306.9,311.2,313.1,311.5,307.3,302.7,297.6,300.4,304.3,309.1,313.3,316.3,318.0,316.3,313.5,309.9,305.5,301.0,305.1,307.0,308.8,309.5,308.7,306.8,305.0,304.3,177.3,172.7,170.7,172.4,176.9,181.9,183.5,181.8,179.0,176.4,174.7,173.8,174.7,176.8,179.8,181.2,181.6,181.9,181.6,180.7,179.2,179.9,179.1,177.2,175.3,174.5,175.4,177.3,175.1,170.5,168.4,170.1,174.6,179.2,181.3,179.9,177.2,174.4,172.5,171.6,172.1,173.2,175.3,177.5,178.9,179.6,179.5,178.8,176.9,177.6,176.7,174.7,172.8,172.0,172.9,175.0,-16.3,-14.5,-10.4,-6.3,-4.7,-6.1,-10.5,-14.6,-19.7,-17.3,-13.8,-9.3,-4.7,-1.0,1.7,-1.4,-5.5,-9.8,-13.8,-17.3,-12.0,-10.2,-8.5,-7.8,-8.5,-10.2,-11.9,-12.7,35.1,36.6,40.6,44.9,46.8,45.2,41.1,36.6,31.8,34.4,37.9,42.6,46.9,50.0,52.2,50.1,47.1,43.5,39.2,35.0,39.0,40.8,42.6,43.3,42.5,40.6,38.9,38.2,-69.9,-74.3,-76.0,-74.1,-69.7,-65.0,-63.5,-65.4,-68.8,-70.9,-72.1,-72.6,-71.7,-69.8,-67.2,-65.7,-65.1,-64.9,-65.5,-66.7,-67.9,-67.1,-67.9,-69.7,-71.6,-72.4,-71.7,-69.8,-70.7,-75.2,-77.3,-75.9,-71.8,-67.4,-65.2,-66.4,-68.9,-71.3,-73.0,-74.1,-74.1,-73.5,-72.1,-69.5,-67.7,-66.7,-66.6,-67.2,-69.4,-68.8,-69.7,-71.6,-73.4,-74.1,-73.1,-71.2,448.6,448.6,447.5,445.9,444.8,444.9,445.9,447.5,452.2,449.3,446.4,444.6,444.4,445.2,446.4,445.2,444.2,444.5,446.3,449.2,447.8,447.2,446.7,446.7,447.1,447.8,448.3,448.3,441.0,441.2,442.3,443.5,444.2,444.0,442.9,441.9,441.4,440.3,439.9,440.8,443.4,446.9,450.4,447.4,444.3,441.9,440.8,440.9,443.0,443.5,444.0,444.1,443.8,443.3,442.8,442.7,19.9,-35.9,492.4,0.23,0.084,-0.045,1.13,0.04,0.0,0.45,0.0,0.04,0.0,0.0,0.0,0.0,0.01,0.0,0.13,0.0,0.0,1.16
-0.134416,0.286594,-0.948576,-0.179427,0.311285,-0.933224,-0.165,0.308,246.5,248.3,252.5,256.7,258.4,257.0,252.4,248.2,243.1,245.5,249.0,253.6,258.4,262.2,264.9,261.8,257.6,253.1,249.0,245.5,250.9,252.7,254.6,255.3,254.6,252.8,250.9,250.1,300.6,302.1,306.3,310.5,312.4,310.8,306.7,302.1,297.2,299.8,303.5,308.2,312.6,315.8,317.7,315.7,312.7,309.0,304.6,300.4,304.6,306.4,308.2,308.9,308.1,306.2,304.4,303.7,177.6,173.0,171.0,172.7,177.1,182.0,183.7,182.0,179.4,176.8,175.1,174.3,175.1,177.2,180.1,181.4,181.8,182.1,181.8,181.0,179.5,180.2,179.3,177.4,175.4,174.7,175.6,177.6,175.6,171.1,169.1,170.7,174.9,179.4,181.4,180.1,177.8,175.0,173.1,172.1,172.5,173.6,175.7,177.9,179.3,180.1,180.0,179.4,177.2,177.9,177.0,175.1,173.2,172.5,173.4,175.3,-17.0,-15.3,-11.1,-7.0,-5.4,-6.7,-11.2,-15.3,-20.4,-18.0,-14.5,-10.0,-5.4,-1.7,0.9,-2.1,-6.2,-10.5,-14.5,-18.0,-12.7,-10.9,-9.1,-8.4,-9.1,-10.9,-12.7,-13.5,35.5,37.1,41.1,45.3,47.3,45.7,41.6,37.1,32.3,34.7,38.2,42.9,47.4,50.8,53.1,50.8,47.6,43.8,39.5,35.4,39.6,41.4,43.2,43.9,43.0,41.2,39.4,38.7,-70.3,-74.8,-76.6,-74.7,-70.2,-65.5,-64.0,-65.9,-69.1,-71.2,-72.4,-72.9,-72.1,-70.2,-67.5,-66.1,-65.6,-65.4,-65.9,-67.1,-68.4,-67.5,-68.3,-70.3,-72.2,-73.0,-72.2,-70.3,-72.3,-76.6,-78.7,-77.3,-73.3,-69.0,-66.9,-68.0,-70.3,-72.8,-74.5,-75.5,-75.5,-75.0,-73.5,-70.9,-69.1,-68.0,-68.0,-68.7,-71.0,-70.4,-71.3,-73.2,-75.0,-75.6,-74.7,-72.8,453.2,453.3,452.2,450.6,449.5,449.6,450.5,452.0,456.7,453.9,451.0,449.2,449.1,449.9,451.1,449.9,448.9,449.1,450.9,453.7,452.4,451.8,451.3,451.3,451.8,452.5,453.0,452.9,453.4,453.2,453.8,454.8,455.6,455.8,455.2,454.5,454.4,452.8,451.9,452.3,454.7,458.0,461.6,458.9,456.1,454.1,453.3,453.8,455.2,455.6,455.9,455.8,455.4,455.0,454.7,454.8,19.3,-35.3,492.7,0.231,0.09,-0.046,0.97,0.0,0.0,0.29,0.0,0.04,0.0,0.0,0.0,0.0,0.01,0.0,0.05,0.0,0.0,1.17
-0.133138,0.262428,-0.955723,-0.237437,0.257629,-0.936617,-0.193,0.268,246.0,247.7,251.8,256.0,257.7,256.4,251.9,247.7,242.6,244.8,248.2,252.8,257.6,261.4,264.1,261.0,256.9,252.5,248.4,245.0,250.3,252.1,253.9,254.6,253.9,252.1,250.3,249.6,299.7,301.4,305.7,309.9,311.7,309.9,305.7,301.2,296.9,299.0,302.4,307.3,312.5,316.6,319.4,316.5,312.6,308.3,303.7,299.6,304.0,305.8,307.6,308.4,307.6,305.8,304.0,303.3,178.2,173.7,171.7,173.3,177.6,182.4,184.1,182.5,180.3,177.7,175.9,174.9,175.6,177.7,180.6,182.0,182.5,182.9,182.7,181.9,180.0,180.7,179.8,177.9,176.1,175.4,176.2,178.1,176.1,171.7,169.8,171.5,175.8,180.2,182.1,180.8,178.8,175.7,173.5,172.5,173.7,175.7,179.0,180.9,181.8,182.0,181.6,180.8,178.0,178.8,177.9,176.1,174.3,173.5,174.4,176.2,-17.7,-16.1,-12.0,-7.9,-6.2,-7.4,-11.9,-16.0,-21.2,-19.0,-15.5,-10.9,-6.2,-2.6,0.1,-2.9,-6.9,-11.2,-15.3,-18.7,-13.4,-11.7,-9.9,-9.2,-10.0,-11.7,-13.5,-14.2,33.3,35.0,38.9,42.8,44.3,42.6,38.7,34.7,30.8,32.7,35.7,40.2,45.1,49.1,52.0,49.0,45.2,41.1,36.9,33.2,37.3,39.0,40.7,41.4,40.7,39.1,37.4,36.7,-70.7,-75.1,-76.9,-75.1,-70.7,-66.0,-64.5,-66.3,-69.1,-71.3,-72.7,-73.3,-72.6,-70.8,-68.1,-66.5,-65.8,-65.5,-66.0,-67.1,-68.8,-68.1,-68.8,-70.7,-72.6,-73.4,-72.6,-70.7,-69.0,-73.1,-74.9,-73.1,-69.0,-64.8,-63.1,-64.5,-66.7,-69.3,-71.2,-71.9,-71.0,-69.4,-66.7,-64.5,-63.4,-63.1,-63.6,-64.6,-67.2,-66.4,-67.2,-68.9,-70.7,-71.4,-70.7,-68.9,459.4,459.5,458.5,457.0,456.0,456.1,457.0,458.4,463.1,460.2,457.4,455.6,455.5,456.5,457.7,456.5,455.4,455.7,457.4,460.2,458.8,458.2,457.7,457.7,458.2,458.8,459.2,459.2,435.8,436.2,435.8,434.9,433.9,433.5,433.9,435.1,437.3,435.6,434.0,433.1,433.9,435.7,438.0,435.6,433.7,432.8,433.3,435.3,435.6,435.2,435.0,435.2,435.6,436.0,436.2,436.0,18.6,-34.5,492.6,0.239,0.096,-0.045,0.78,0.0,0.0,0.14,0.0,0.12,0.0,0.0,0.0,0.0,0.0,0.05,0.02,0.0,0.0,0.89
-0.14607,0.303748,-0.941488,-0.175401,0.324008,-0.929652,-0.17,0.324,245.5,247.2,251.3,255.5,257.2,255.8,251.3,247.2,242.1,244.5,248.0,252.6,257.3,260.9,263.5,260.6,256.5,252.2,248.1,244.6,249.8,251.5,253.3,254.1,253.3,251.5,249.8,249.0,299.5,301.0,305.0,309.2,311.0,309.5,305.5,301.1,296.1,298.5,301.9,306.6,311.0,314.4,316.5,314.4,311.3,307.5,303.3,299.2,303.5,305.3,307.0,307.6,306.9,305.1,303.4,302.7,178.6,174.3,172.4,174.2,178.5,183.2,184.7,183.0,180.1,177.8,176.3,175.6,176.4,178.3,181.1,182.5,183.1,183.3,183.0,181.9,180.5,181.3,180.5,178.6,176.7,176.0,176.8,178.7,176.9,172.6,170.6,172.1,176.2,180.5,182.4,181.2,179.1,176.4,174.5,173.5,173.9,174.8,176.7,178.9,180.4,181.2,181.1,180.6,178.3,179.0,178.1,176.3,174.6,173.9,174.8,176.6,-18.6,-16.9,-12.7,-8.5,-6.8,-8.2,-12.7,-16.8,-22.1,-19.6,-15.9,-11.4,-6.7,-3.1,-0.5,-3.4,-7.4,-11.8,-15.9,-19.5,-14.3,-12.5,-10.7,-9.9,-10.7,-12.5,-14.3,-15.0,35.8,37.3,41.3,45.6,47.5,46.0,42.0,37.5,32.5,34.7,38.1,42.7,47.4,51.1,53.7,51.3,47.8,43.9,39.5,35.5,39.9,41.8,43.5,44.1,43.3,41.5,39.8,39.1,-71.6,-75.9,-77.6,-75.7,-71.2,-66.7,-65.3,-67.2,-70.7,-72.6,-73.6,-74.1,-73.3,-71.6,-69.0,-67.4,-66.7,-66.4,-67.0,-68.4,-69.7,-68.8,-69.6,-71.4,-73.3,-74.2,-73.5,-71.6,-73.7,-77.9,-79.9,-78.6,-74.6,-70.3,-68.3,-69.4,-71.7,-74.1,-75.8,-76.8,-76.8,-76.3,-74.9,-72.3,-70.4,-69.4,-69.4,-70.0,-72.4,-71.8,-72.7,-74.5,-76.2,-76.8,-76.0,-74.1,468.3,468.0,466.9,465.8,465.2,465.8,466.6,467.8,471.9,468.9,466.1,464.5,464.7,466.0,467.6,466.4,465.2,465.2,466.7,469.2,468.0,467.5,467.1,466.9,467.2,467.6,468.1,468.3,470.2,469.8,470.0,470.7,471.5,471.9,471.7,471.3,471.6,469.8,468.4,468.4,470.4,473.6,477.1,474.6,472.2,470.5,470.0,470.8,471.7,472.0,472.1,471.9,471.6,471.3,471.2,471.4,18.2,-34.1,494.4,0.249,0.099,-0.048,0.68,0.0,0.0,0.02,0.0,0.23,0.0,0.0,0.0,0.0,0.0,0.07,0.0,0.0,0.0,0.45
-0.141219,0.299851,-0.943476,-0.153709,0.327781,-0.932166,-0.156,0.323,245.5,247.3,251.4,255.4,256.9,255.5,251.0,247.0,242.2,244.4,247.8,252.4,257.2,260.8,263.4,260.3,256.2,251.8,247.8,244.5,249.7,251.4,253.1,253.9,253.2,251.5,249.8,249.0,299.6,301.1,305.0,309.1,311.0,309.5,305.6,301.2,296.0,298.4,301.8,306.3,310.8,314.1,316.2,314.1,311.0,307.3,303.1,299.0,303.5,305.3,307.0,307.7,306.9,305.1,303.4,302.7,179.3,175.0,173.2,175.0,179.4,184.0,185.5,183.7,181.1,178.5,176.9,176.2,177.2,179.3,182.3,183.6,184.0,184.1,183.7,182.8,181.3,182.0,181.3,179.4,177.6,176.8,177.5,179.4,177.5,173.3,171.3,172.8,176.8,181.1,183.1,181.9,179.7,176.9,174.9,173.9,174.3,175.4,177.5,179.6,180.9,181.6,181.6,181.1,179.0,179.7,178.8,177.0,175.2,174.6,175.4,177.3,-18.5,-16.7,-12.6,-8.6,-7.0,-8.4,-12.9,-16.9,-21.9,-19.6,-16.0,-11.5,-6.7,-3.1,-0.6,-3.6,-7.7,-12.1,-16.1,-19.5,-14.3,-12.5,-10.8,-10.0,-10.7,-12.4,-14.2,-14.9,36.3,37.7,41.8,46.1,48.0,46.6,42.5,37.9,32.7,35.0,38.3,43.0,47.7,51.4,54.0,51.5,48.1,44.1,39.8,35.7,40.4,42.3,44.0,44.7,43.8,42.0,40.2,39.5,-70.5,-74.8,-76.3,-74.3,-69.9,-65.3,-64.0,-66.0,-69.3,-71.4,-72.5,-72.9,-72.0,-70.0,-67.2,-65.8,-65.3,-65.2,-65.8,-67.1,-68.4,-67.6,-68.2,-70.1,-72.0,-72.9,-72.2,-70.3,-73.8,-78.1,-80.2,-78.8,-74.8,-70.4,-68.4,-69.5,-71.9,-74.4,-76.2,-77.3,-77.2,-76.6,-74.9,-72.4,-70.6,-69.7,-69.6,-70.3,-72.5,-71.9,-72.8,-74.7,-76.4,-77.0,-76.1,-74.3,465.3,465.0,463.8,462.3,461.5,461.9,463.0,464.5,469.1,466.0,463.0,461.1,461.0,462.0,463.4,462.2,461.3,461.6,463.4,466.2,464.6,464.0,463.5,463.3,463.7,464.3,464.9,465.0,475.4,475.2,475.5,476.2,476.9,477.1,476.7,476.3,476.8,475.1,473.8,473.8,475.8,478.9,482.3,479.7,477.1,475.4,475.0,475.9,476.9,477.2,477.3,477.2,477.0,476.7,476.5,476.6,18.0,-33.6,495.9,0.254,0.101,-0.051,0.53,0.0,0.0,0.01,0.0,0.47,0.0,0.0,0.0,0.0,0.0,0.1,0.0,0.0,0.0,0.25
-0.160329,0.286313,-0.944627,-0.16412,0.323392,-0.931924,-0.171,0.314,245.1,246.9,251.0,255.0,256.6,255.3,250.8,246.7,242.0,244.1,247.6,252.2,257.2,260.9,263.6,260.5,256.2,251.7,247.7,244.3,249.4,251.1,252.9,253.6,252.9,251.2,249.5,248.7,299.2,300.5,304.4,308.6,310.6,309.2,305.3,300.8,295.7,297.9,301.3,305.9,310.3,313.6,315.8,313.8,310.8,307.1,302.9,298.8,303.1,304.9,306.6,307.2,306.3,304.5,302.9,302.3,179.7,175.3,173.5,175.3,179.7,184.4,186.0,184.2,181.7,179.1,177.4,176.6,177.6,179.8,182.9,184.2,184.6,184.8,184.5,183.5,181.7,182.5,181.7,179.8,177.9,177.1,177.9,179.8,178.0,173.6,171.5,172.9,177.0,181.3,183.4,182.3,180.6,177.6,175.4,174.2,174.4,175.5,177.6,179.6,181.0,181.8,182.0,181.8,179.4,180.0,179.1,177.2,175.5,174.9,175.8,177.7,-18.4,-16.7,-12.6,-8.7,-7.1,-8.4,-12.8,-16.8,-21.5,-19.4,-15.9,-11.4,-6.6,-2.9,-0.4,-3.4,-7.5,-11.8,-15.8,-19.2,-14.2,-12.5,-10.8,-10.0,-10.7,-12.4,-14.1,-14.8,35.5,36.8,40.8,45.1,47.2,45.8,41.8,37.3,32.1,34.2,37.5,42.2,46.8,50.5,53.1,50.8,47.5,43.5,39.2,35.2,39.6,41.5,43.2,43.8,42.9,41.0,39.3,38.8,-68.3,-72.6,-74.1,-72.1,-67.7,-63.2,-61.9,-63.9,-66.9,-69.1,-70.2,-70.6,-69.7,-67.7,-64.9,-63.5,-63.0,-62.9,-63.5,-64.8,-66.3,-65.5,-66.1,-68.0,-69.8,-70.7,-70.0,-68.2,-72.7,-77.1,-79.3,-78.0,-74.0,-69.6,-67.4,-68.4,-70.2,-73.0,-75.0,-76.3,-76.4,-75.9,-74.2,-71.7,-69.9,-68.8,-68.6,-68.9,-71.5,-71.0,-71.9,-73.8,-75.5,-76.0,-75.1,-73.2,453.7,453.3,452.0,450.4,449.6,450.1,451.4,452.9,457.7,454.5,451.3,449.2,449.1,450.1,451.5,450.5,449.6,450.1,451.9,454.7,453.0,452.3,451.7,451.5,451.9,452.6,453.2,453.3,471.0,471.0,471.5,472.2,472.8,472.9,472.4,471.9,472.3,470.7,469.6,469.7,471.8,475.0,478.4,475.7,473.0,471.2,470.7,471.4,472.6,472.9,473.1,473.1,472.9,472.5,472.3,472.3,18.0,-32.9,495.0,0.263,0.101,-0.056,0.45,0.0,0.0,0.0,0.0,0.64,0.0,0.0,0.0,0.0,0.0,0.05,0.04,0.0,0.0,0.43
-0.170248,0.303445,-0.937516,-0.166553,0.331803,-0.928529,-0.179,0.328,244.9,246.7,250.8,254.7,256.3,254.8,250.4,246.5,242.0,244.1,247.5,252.0,256.9,260.6,263.2,260.1,255.9,251.5,247.5,244.2,249.1,250.8,252.5,253.3,252.7,251.0,249.3,248.5,299.1,300.5,304.3,308.5,310.4,309.1,305.2,300.8,295.8,297.9,301.1,305.6,310.1,313.5,315.9,313.8,310.6,306.9,302.7,298.8,303.1,304.9,306.5,307.1,306.3,304.5,302.9,302.3,179.7,175.4,173.6,175.4,179.7,184.4,185.9,184.1,181.7,179.1,177.4,176.6,177.6,179.7,182.7,183.9,184.3,184.4,184.1,183.3,181.7,182.5,181.7,179.8,178.0,177.2,178.0,179.8,177.9,173.7,171.6,173.0,177.0,181.3,183.3,182.2,180.4,177.4,175.3,174.1,174.4,175.5,177.7,179.7,181.0,181.8,181.9,181.6,179.4,179.9,179.1,177.3,175.6,175.0,175.8,177.6,-19.0,-17.2,-13.1,-9.1,-7.6,-9.0,-13.5,-17.4,-22.1,-19.9,-16.4,-11.8,-7.0,-3.4,-0.8,-3.9,-8.0,-12.4,-16.4,-19.8,-14.8,-13.1,-11.3,-10.6,-11.2,-12.9,-14.7,-15.4,36.2,37.6,41.6,45.8,47.9,46.5,42.5,38.0,32.8,34.9,38.1,42.7,47.5,51.3,54.1,51.6,48.1,44.1,39.8,35.8,40.4,42.2,44.0,44.5,43.7,41.8,40.1,39.5,-69.9,-74.2,-75.8,-73.7,-69.3,-64.7,-63.5,-65.5,-68.6,-70.7,-71.9,-72.3,-71.4,-69.4,-66.6,-65.3,-64.8,-64.7,-65.3,-66.5,-67.9,-67.0,-67.7,-69.5,-71.4,-72.3,-71.6,-69.8,-74.2,-78.6,-80.7,-79.4,-75.3,-70.9,-68.8,-69.9,-71.9,-74.7,-76.7,-77.9,-77.9,-77.2,-75.5,-73.0,-71.2,-70.2,-70.0,-70.5,-72.9,-72.4,-73.3,-75.1,-76.9,-77.5,-76.5,-74.7,464.5,464.3,462.9,461.3,460.3,460.7,461.9,463.5,468.3,465.2,462.1,460.1,459.9,460.8,462.1,461.0,460.1,460.5,462.3,465.2,463.7,462.9,462.4,462.3,462.7,463.4,464.0,464.1,480.5,480.4,480.7,481.2,481.6,481.7,481.4,481.2,482.0,480.2,478.9,478.8,480.6,483.6,486.8,484.2,481.7,480.2,479.9,480.9,481.8,482.0,482.1,482.1,481.9,481.7,481.6,481.6,17.7,-33.0,495.7,0.266,0.118,-0.057,0.36,0.0,0.0,0.0,0.0,0.71,0.0,0.0,0.0,0.0,0.0,0.04,0.1,0.0,0.0,0.66
-0.183073,0.299185,-0.936468,-0.167271,0.343227,-0.924238,-0.186,0.332,244.8,246.5,250.4,254.3,255.9,254.6,250.2,246.3,241.9,243.8,247.2,251.7,256.6,260.3,262.8,259.7,255.6,251.2,247.2,244.0,248.9,250.6,252.3,253.0,252.3,250.7,249.0,248.3,298.8,300.1,304.0,308.2,310.2,308.9,305.0,300.5,295.1,297.4,300.7,305.3,309.8,313.2,315.5,313.4,310.3,306.5,302.3,298.2,302.8,304.6,306.3,306.9,306.0,304.2,302.5,301.9,178.1,173.8,172.1,173.9,178.3,182.9,184.3,182.5,179.9,177.4,175.8,175.1,176.1,178.3,181.3,182.5,182.8,182.9,182.6,181.6,180.0,180.8,180.1,178.3,176.4,175.7,176.4,178.2,176.8,172.5,170.3,171.7,175.8,180.1,182.2,181.2,179.1,176.1,174.0,172.7,173.0,174.1,176.2,178.3,179.8,180.6,180.7,180.4,178.3,178.9,177.9,176.0,174.2,173.6,174.6,176.5,-19.2,-17.5,-13.5,-9.6,-8.0,-9.4,-13.7,-17.7,-22.3,-20.2,-16.7,-12.2,-7.3,-3.7,-1.2,-4.2,-8.4,-12.7,-16.7,-20.0,-15.0,-13.4,-11.7,-10.9,-11.6,-13.3,-15.0,-15.7,35.1,36.4,40.4,44.7,46.8,45.5,41.5,36.9,31.5,33.7,36.9,41.5,46.2,50.0,52.7,50.3,46.9,42.9,38.6,34.6,39.3,41.2,42.9,43.5,42.6,40.7,38.9,38.3,-71.9,-76.0,-77.5,-75.4,-71.0,-66.6,-65.4,-67.4,-70.7,-72.7,-73.8,-74.1,-73.1,-71.1,-68.3,-67.1,-66.6,-66.5,-67.2,-68.5,-69.8,-69.0,-69.6,-71.4,-73.2,-74.1,-73.5,-71.7,-73.9,-78.2,-80.4,-79.2,-75.2,-70.8,-68.6,-69.6,-71.7,-74.5,-76.5,-77.7,-77.8,-77.2,-75.6,-73.0,-71.1,-70.1,-69.8,-70.3,-72.6,-72.1,-73.1,-75.0,-76.7,-77.3,-76.3,-74.4,466.6,466.0,464.5,462.9,462.2,463.0,464.4,466.0,470.7,467.4,464.1,461.9,461.7,462.7,464.2,463.2,462.5,463.0,464.9,467.7,465.9,465.2,464.5,464.3,464.5,465.2,465.9,466.1,471.0,470.8,471.2,472.0,472.6,472.7,472.3,471.9,472.4,470.7,469.5,469.4,471.4,474.5,477.9,475.2,472.7,471.0,470.6,471.5,472.5,472.8,473.0,472.9,472.7,472.4,472.2,472.2,17.5,-34.7,496.8,0.268,0.132,-0.058,0.26,0.0,0.0,0.02,0.0,0.53,0.0,0.0,0.0,0.0,0.0,0.0,0.1,0.0,0.0,0.68
-0.183272,0.306636,-0.934016,-0.176725,0.353868,-0.918447,-0.192,0.343,244.8,246.5,250.5,254.4,256.0,254.6,250.3,246.4,241.8,243.8,247.2,251.7,256.6,260.3,262.9,259.8,255.6,251.2,247.2,244.0,249.0,250.6,252.3,253.1,252.4,250.8,249.1,248.3,298.6,300.0,303.8,308.0,310.0,308.6,304.8,300.3,295.1,297.4,300.7,305.2,309.5,312.9,315.1,313.1,310.1,306.4,302.2,298.1,302.6,304.4,306.1,306.7,305.8,304.0,302.3,301.7,177.1,172.8,171.1,173.0,177.4,182.0,183.3,181.4,178.7,176.2,174.7,174.1,175.1,177.3,180.3,181.5,181.9,182.0,181.5,180.5,179.0,179.8,179.1,177.3,175.5,174.7,175.4,177.2,175.9,171.5,169.5,170.8,174.8,179.1,181.2,180.1,177.8,174.9,172.7,171.5,171.8,172.8,174.9,177.1,178.5,179.3,179.5,179.1,177.2,177.8,176.9,175.0,173.3,172.7,173.6,175.5,-19.1,-17.4,-13.4,-9.5,-7.9,-9.3,-13.6,-17.5,-22.3,-20.1,-16.7,-12.1,-7.3,-3.6,-1.1,-4.2,-8.3,-12.7,-16.7,-20.0,-14.9,-13.3,-11.6,-10.8,-11.5,-13.1,-14.8,-15.6,35.4,36.8,40.8,45.1,47.2,45.8,41.8,37.2,31.9,34.1,37.4,42.0,46.6,50.4,53.1,50.7,47.3,43.3,39.0,34.9,39.6,41.5,43.2,43.8,42.9,41.0,39.3,38.7,-72.6,-76.7,-78.1,-76.0,-71.6,-67.2,-66.1,-68.2,-71.7,-73.6,-74.5,-74.8,-73.8,-71.8,-69.1,-67.7,-67.2,-67.2,-67.9,-69.4,-70.6,-69.7,-70.3,-72.0,-73.9,-74.8,-74.2,-72.4,-75.8,-80.2,-82.4,-81.2,-77.2,-72.8,-70.6,-71.6,-74.0,-76.8,-78.8,-80.0,-80.1,-79.6,-78.0,-75.3,-73.4,-72.3,-72.1,-72.6,-74.7,-74.1,-75.1,-77.0,-78.8,-79.3,-78.3,-76.4,464.6,463.9,462.3,460.8,460.3,461.2,462.6,464.1,468.9,465.4,462.1,459.9,459.7,460.8,462.4,461.4,460.7,461.2,463.1,465.9,463.9,463.3,462.6,462.3,462.5,463.2,463.9,464.2,477.4,477.1,477.5,478.3,479.0,479.3,478.9,478.3,478.7,477.0,475.8,475.8,477.9,481.1,484.5,481.8,479.1,477.4,477.0,477.8,479.0,479.3,479.5,479.4,479.1,478.7,478.5,478.6,17.4,-36.2,498.0,0.258,0.146,-0.059,0.14,0.0,0.0,0.02,0.0,0.49,0.0,0.0,0.03,0.0,0.0,0.0,0.07,0.0,0.02,0.68
-0.185513,0.31581,-0.93051,-0.187061,0.34204,-0.920878,-0.199,0.341,244.9,246.6,250.6,254.5,256.1,254.7,250.3,246.4,242.0,243.9,247.2,251.7,256.6,260.3,262.9,259.8,255.5,251.1,247.2,244.0,249.0,250.7,252.4,253.2,252.5,250.9,249.2,248.4,298.8,300.2,304.1,308.1,309.9,308.5,304.7,300.4,295.4,297.5,300.7,305.0,309.5,313.0,315.5,313.2,309.9,306.2,302.0,298.2,302.8,304.5,306.1,306.7,305.9,304.2,302.6,302.0,175.9,171.7,170.0,171.9,176.3,180.9,182.3,180.3,177.5,175.1,173.6,173.0,174.0,176.1,179.1,180.3,180.8,180.9,180.4,179.3,177.9,178.8,178.0,176.2,174.3,173.5,174.2,176.1,174.5,170.4,168.5,170.0,173.9,178.0,179.9,178.7,176.3,173.6,171.7,170.7,171.1,172.2,174.4,176.3,177.6,178.2,178.2,177.7,176.0,176.6,175.8,174.0,172.4,171.8,172.6,174.3,-19.1,-17.3,-13.3,-9.3,-7.8,-9.2,-13.6,-17.5,-22.2,-20.0,-16.6,-12.1,-7.3,-3.7,-1.1,-4.2,-8.4,-12.7,-16.7,-19.9,-14.9,-13.2,-11.5,-10.7,-11.4,-13.1,-14.8,-15.5,36.9,38.3,42.4,46.7,48.6,47.2,43.1,38.6,33.4,35.5,38.7,43.3,48.1,52.1,55.1,52.4,48.7,44.5,40.2,36.2,41.2,43.0,44.7,45.3,44.5,42.7,40.9,40.3,-73.8,-78.0,-79.4,-77.2,-72.8,-68.3,-67.2,-69.3,-72.9,-74.8,-75.7,-76.0,-74.9,-73.0,-70.3,-68.9,-68.4,-68.4,-69.1,-70.6,-71.7,-70.8,-71.4,-73.2,-75.1,-76.0,-75.4,-73.6,-79.9,-84.2,-86.2,-84.7,-80.6,-76.3,-74.3,-75.6,-78.3,-80.8,-82.6,-83.6,-83.4,-82.6,-80.9,-78.4,-76.7,-75.9,-75.9,-76.6,-78.5,-77.9,-78.7,-80.6,-82.3,-83.0,-82.1,-80.3,465.2,464.5,462.9,461.3,460.7,461.5,463.0,464.6,469.3,465.9,462.6,460.4,460.1,461.1,462.6,461.6,460.9,461.5,463.4,466.3,464.4,463.7,463.0,462.7,463.0,463.7,464.4,464.7,494.0,493.7,493.7,493.9,494.3,494.6,494.7,494.7,495.9,493.9,492.3,491.8,493.3,496.0,499.1,496.6,494.4,493.1,493.2,494.5,495.1,495.2,495.2,495.1,494.9,494.8,494.8,494.9,17.4,-37.3,497.2,0.258,0.16,-0.057,0.05,0.0,0.0,0.02,0.0,0.5,0.0,0.0,0.05,0.0,0.0,0.02,0.0,0.0,0.02,0.7
-0.180168,0.316451,-0.931342,-0.180222,0.345007,-0.921135,-0.192,0.343,244.9,246.6,250.5,254.4,255.9,254.6,250.3,246.4,242.0,243.9,247.1,251.6,256.4,260.0,262.6,259.5,255.3,251.0,247.2,244.0,249.0,250.7,252.3,253.0,252.4,250.8,249.1,248.4,298.9,300.3,304.1,308.1,310.0,308.6,304.8,300.5,295.5,297.6,300.7,305.1,309.5,313.0,315.4,313.1,309.9,306.2,302.1,298.3,302.9,304.5,306.2,306.7,306.0,304.3,302.7,302.1,175.9,171.6,169.9,171.8,176.2,180.8,182.1,180.2,177.5,175.0,173.6,172.9,173.9,176.0,179.0,180.3,180.8,180.9,180.4,179.3,177.8,178.6,177.9,176.1,174.3,173.5,174.2,176.0,174.5,170.4,168.5,169.9,173.9,178.0,179.8,178.7,176.4,173.6,171.7,170.7,171.1,172.3,174.4,176.4,177.6,178.2,178.2,177.7,175.9,176.5,175.7,174.0,172.4,171.8,172.5,174.3,-19.2,-17.4,-13.4,-9.5,-8.0,-9.4,-13.7,-17.7,-22.3,-20.2,-16.9,-12.4,-7.6,-3.9,-1.4,-4.4,-8.6,-12.9,-16.8,-20.1,-15.0,-13.4,-11.7,-10.9,-11.6,-13.2,-14.9,-15.6,37.2,38.7,42.7,47.0,49.0,47.5,43.5,38.9,33.6,35.7,39.0,43.6,48.4,52.4,55.3,52.6,48.9,44.8,40.5,36.5,41.5,43.3,45.0,45.6,44.8,43.0,41.3,40.6,-74.4,-78.6,-80.0,-77.8,-73.4,-69.0,-67.8,-69.9,-73.5,-75.4,-76.3,-76.5,-75.5,-73.6,-70.9,-69.4,-68.9,-68.8,-69.6,-71.1,-72.3,-71.4,-72.0,-73.8,-75.6,-76.6,-76.0,-74.2,-80.4,-84.7,-86.7,-85.3,-81.1,-76.8,-74.8,-76.0,-78.7,-81.3,-83.1,-84.1,-83.9,-83.1,-81.3,-78.8,-77.2,-76.3,-76.3,-77.0,-79.0,-78.4,-79.3,-81.1,-82.8,-83.5,-82.6,-80.8,468.5,467.7,466.1,464.5,463.9,464.7,466.2,467.8,472.6,469.2,465.8,463.6,463.3,464.2,465.6,464.8,464.1,464.8,466.7,469.6,467.6,467.0,466.3,466.0,466.2,466.9,467.6,467.9,496.9,496.6,496.7,497.0,497.3,497.6,497.5,497.5,498.6,496.7,495.2,494.7,496.2,499.0,502.1,499.6,497.3,496.0,496.0,497.3,498.0,498.1,498.1,498.0,497.9,497.7,497.7,497.8,17.4,-37.4,497.4,0.265,0.159,-0.059,0.06,0.0,0.0,0.0,0.0,0.55,0.0,0.0,0.06,0.0,0.04,0.02,0.0,0.0,0.02,0.73
-0.182983,0.302259,-0.935498,-0.173432,0.328662,-0.928387,-0.189,0.326,245.0,246.8,250.8,254.7,256.2,254.7,250.4,246.5,242.0,244.0,247.3,251.7,256.5,260.2,262.8,259.7,255.5,251.2,247.3,244.1,249.2,250.8,252.5,253.3,252.6,251.0,249.3,248.5,299.3,300.7,304.5,308.4,310.2,308.8,305.0,300.8,295.7,297.8,300.8,305.2,309.5,312.9,315.2,313.1,310.0,306.3,302.3,298.5,303.1,304.8,306.4,307.0,306.2,304.5,302.9,302.4,174.8,170.6,168.9,170.7,175.1,179.7,181.0,179.2,176.7,174.2,172.6,171.9,172.9,175.0,178.0,179.3,179.7,179.8,179.4,178.5,176.8,177.6,176.9,175.1,173.2,172.4,173.1,175.0,173.6,169.5,167.7,169.1,173.0,177.0,178.9,177.7,175.9,173.0,171.0,169.9,170.3,171.4,173.6,175.7,177.1,177.8,177.8,177.3,175.0,175.6,174.8,173.1,171.5,170.9,171.7,173.4,-19.0,-17.2,-13.2,-9.3,-7.8,-9.2,-13.6,-17.5,-22.2,-20.1,-16.7,-12.2,-7.4,-3.8,-1.2,-4.3,-8.4,-12.7,-16.7,-20.0,-14.8,-13.2,-11.4,-10.7,-11.3,-13.0,-14.7,-15.5,37.7,39.2,43.2,47.5,49.4,48.0,43.9,39.4,34.0,36.1,39.3,43.9,48.6,52.6,55.3,52.8,49.2,45.2,40.9,36.9,41.9,43.7,45.4,46.1,45.2,43.4,41.7,41.1,-75.2,-79.4,-80.8,-78.7,-74.3,-69.8,-68.7,-70.8,-74.0,-76.0,-77.1,-77.4,-76.4,-74.4,-71.6,-70.2,-69.7,-69.6,-70.3,-71.8,-73.1,-72.2,-72.8,-74.6,-76.5,-77.4,-76.8,-75.0,-81.7,-85.9,-87.9,-86.5,-82.5,-78.2,-76.2,-77.4,-79.5,-82.2,-84.1,-85.2,-85.1,-84.4,-82.6,-79.9,-78.1,-77.1,-77.1,-77.8,-80.4,-79.7,-80.6,-82.4,-84.1,-84.7,-83.9,-82.1,467.0,466.5,465.0,463.4,462.6,463.3,464.6,466.2,471.1,467.9,464.6,462.4,462.1,463.0,464.4,463.4,462.7,463.3,465.2,468.1,466.2,465.5,464.9,464.6,465.0,465.7,466.3,466.5,498.7,498.4,498.6,499.1,499.7,500.0,499.8,499.5,500.6,498.6,497.1,496.7,498.4,501.4,504.6,502.2,499.9,498.5,498.4,499.5,500.0,500.3,500.3,500.2,500.0,499.8,499.7,499.8,17.6,-38.3,498.1,0.267,0.166,-0.058,0.13,0.0,0.0,0.0,0.0,0.51,0.0,0.0,0.03,0.0,0.12,0.02,0.02,0.0,0.0,0.61
-0.195487,0.303872,-0.932441,-0.175563,0.333628,-0.926213,-0.197,0.33,245.5,247.3,251.3,255.2,256.7,255.3,250.9,247.0,242.6,244.6,247.9,252.4,257.2,260.8,263.4,260.3,256.1,251.7,247.8,244.6,249.7,251.3,253.0,253.8,253.1,251.5,249.8,249.1,299.6,301.0,304.8,308.7,310.6,309.2,305.5,301.2,295.9,297.9,301.0,305.4,309.9,313.3,315.7,313.5,310.4,306.7,302.6,298.7,303.5,305.2,306.8,307.3,306.6,304.9,303.3,302.7,174.2,169.9,168.2,170.0,174.4,179.0,180.4,178.5,176.0,173.4,171.9,171.2,172.2,174.3,177.3,178.6,179.0,179.1,178.7,177.7,176.1,176.9,176.2,174.4,172.6,171.8,172.5,174.3,173.4,169.2,167.3,168.7,172.6,176.8,178.7,177.6,175.8,172.8,170.6,169.4,169.8,171.0,173.3,175.3,176.6,177.4,177.4,177.1,174.8,175.3,174.6,172.8,171.2,170.6,171.4,173.1,-18.5,-16.7,-12.6,-8.7,-7.2,-8.6,-13.0,-16.9,-21.6,-19.5,-16.1,-11.5,-6.8,-3.1,-0.6,-3.7,-7.8,-12.2,-16.1,-19.4,-14.3,-12.6,-10.9,-10.2,-10.8,-12.5,-14.2,-14.9,37.6,39.0,43.0,47.3,49.3,47.9,43.8,39.3,33.8,35.8,38.9,43.6,48.4,52.4,55.2,52.7,49.1,45.0,40.7,36.7,41.8,43.6,45.3,45.9,45.0,43.3,41.6,41.0,-75.8,-80.0,-81.5,-79.4,-74.9,-70.4,-69.2,-71.3,-74.7,-76.7,-77.7,-78.0,-77.0,-75.0,-72.3,-70.8,-70.3,-70.3,-71.0,-72.4,-73.7,-72.8,-73.5,-75.2,-77.1,-78.0,-77.4,-75.6,-80.9,-85.2,-87.3,-85.9,-81.8,-77.5,-75.4,-76.6,-78.6,-81.5,-83.5,-84.7,-84.6,-83.8,-81.9,-79.4,-77.6,-76.6,-76.5,-77.1,-79.6,-79.0,-79.9,-81.7,-83.4,-84.0,-83.1,-81.3,466.6,466.2,464.7,463.1,462.3,462.9,464.2,465.8,470.6,467.4,464.2,462.0,461.8,462.7,464.0,463.0,462.3,462.8,464.7,467.7,465.8,465.1,464.5,464.3,464.6,465.3,466.0,466.2,492.5,492.4,492.6,493.1,493.6,493.8,493.5,493.2,494.4,492.5,491.0,490.6,492.3,495.2,498.4,496.0,493.6,492.2,492.1,493.2,493.8,494.0,494.2,494.1,493.9,493.7,493.6,493.6,17.7,-39.1,498.1,0.265,0.18,-0.053,0.21,0.0,0.0,0.0,0.0,0.39,0.0,0.0,0.0,0.0,0.12,0.0,0.02,0.0,0.01,0.57
-0.171939,0.310468,-0.934905,-0.189745,0.341236,-0.920628,-0.193,0.338,246.1,247.9,251.9,255.8,257.3,255.9,251.5,247.6,242.8,244.8,248.1,252.7,257.5,261.1,263.6,260.6,256.4,252.0,248.1,244.9,250.3,251.9,253.6,254.3,253.7,252.1,250.4,249.6,300.0,301.4,305.2,309.1,310.8,309.4,305.6,301.4,296.3,298.4,301.6,306.0,310.4,313.7,315.9,313.8,310.7,307.1,303.0,299.1,303.8,305.4,307.0,307.6,306.9,305.2,303.7,303.0,173.7,169.5,167.8,169.6,174.0,178.5,179.9,178.0,175.5,173.0,171.5,170.8,171.9,174.0,176.9,178.1,178.5,178.6,178.2,177.2,175.7,176.4,175.7,173.9,172.1,171.3,172.1,173.8,173.1,169.0,167.2,168.6,172.5,176.5,178.4,177.2,175.1,172.3,170.4,169.4,169.7,170.8,173.0,175.1,176.5,177.2,177.2,176.6,174.5,175.1,174.3,172.6,171.0,170.4,171.1,172.8,-17.9,-16.1,-12.1,-8.2,-6.7,-8.1,-12.5,-16.4,-21.5,-19.3,-15.8,-11.2,-6.5,-2.9,-0.4,-3.4,-7.6,-11.9,-15.9,-19.2,-13.8,-12.1,-10.4,-9.7,-10.3,-11.9,-13.6,-14.4,38.2,39.7,43.7,47.9,49.9,48.4,44.3,39.8,34.5,36.5,39.8,44.4,49.2,53.1,55.8,53.3,49.8,45.7,41.4,37.4,42.4,44.1,45.8,46.5,45.7,43.9,42.2,41.6,-76.5,-80.6,-82.1,-80.0,-75.6,-71.1,-70.0,-72.0,-75.4,-77.4,-78.3,-78.6,-77.6,-75.6,-73.0,-71.6,-71.1,-71.0,-71.7,-73.2,-74.4,-73.5,-74.2,-75.9,-77.8,-78.7,-78.0,-76.3,-81.7,-85.9,-87.9,-86.5,-82.5,-78.3,-76.3,-77.5,-79.8,-82.5,-84.3,-85.3,-85.2,-84.6,-82.9,-80.1,-78.3,-77.3,-77.3,-78.1,-80.5,-79.9,-80.7,-82.5,-84.2,-84.8,-83.9,-82.2,467.8,467.3,465.9,464.5,463.9,464.5,465.7,467.1,472.1,468.9,465.6,463.5,463.3,464.3,465.7,464.7,463.9,464.5,466.3,469.2,467.2,466.6,466.0,465.8,466.1,466.7,467.2,467.4,495.7,495.3,495.5,496.1,496.9,497.3,497.1,496.8,497.5,495.5,494.0,493.7,495.5,498.5,501.9,499.6,497.2,495.8,495.5,496.6,497.2,497.5,497.5,497.3,497.0,496.8,496.7,496.9,17.9,-39.3,497.8,0.269,0.186,-0.052,0.14,0.0,0.0,0.0,0.0,0.36,0.0,0.0,0.0,0.0,0.11,0.0,0.02,0.0,0.11,0.55
-0.187807,0.330457,-0.924947,-0.201098,0.333705,-0.920978,-0.208,0.345,246.6,248.4,252.4,256.2,257.6,256.1,251.8,248.0,243.5,245.4,248.6,253.0,257.8,261.4,263.9,260.8,256.6,252.3,248.5,245.4,250.7,252.3,253.9,254.7,254.1,252.5,250.9,250.1,300.6,302.1,306.0,309.8,311.5,310.0,306.2,302.0,296.8,298.9,302.1,306.7,311.1,314.4,316.5,314.4,311.2,307.5,303.5,299.6,304.4,306.0,307.6,308.2,307.5,305.9,304.3,303.7,173.2,169.0,167.4,169.3,173.6,178.1,179.4,177.5,174.9,172.5,171.0,170.4,171.5,173.7,176.7,177.8,178.1,178.1,177.7,176.7,175.2,176.0,175.3,173.5,171.7,170.9,171.6,173.4,172.9,168.9,167.1,168.6,172.5,176.5,178.2,177.0,175.1,172.2,170.2,169.2,169.6,170.8,173.0,175.2,176.6,177.3,177.2,176.6,174.2,174.9,174.1,172.5,170.9,170.3,171.0,172.6,-17.6,-15.7,-11.7,-7.9,-6.5,-7.9,-12.3,-16.2,-21.0,-18.9,-15.5,-11.0,-6.2,-2.6,-0.1,-3.2,-7.4,-11.7,-15.6,-18.9,-13.5,-11.8,-10.2,-9.4,-10.0,-11.6,-13.3,-14.0,38.5,40.1,44.1,48.3,50.1,48.6,44.5,40.1,34.6,36.8,40.0,44.7,49.5,53.4,56.0,53.5,49.9,45.9,41.5,37.6,42.7,44.4,46.0,46.7,45.9,44.2,42.5,41.9,-77.7,-81.9,-83.2,-81.0,-76.6,-72.2,-71.1,-73.2,-76.7,-78.6,-79.5,-79.8,-78.6,-76.5,-73.7,-72.4,-72.1,-72.1,-72.9,-74.4,-75.6,-74.7,-75.2,-77.0,-78.8,-79.7,-79.2,-77.4,-81.2,-85.3,-87.2,-85.8,-81.8,-77.7,-75.8,-77.0,-79.2,-81.9,-83.7,-84.7,-84.6,-83.9,-82.1,-79.4,-77.6,-76.6,-76.6,-77.4,-80.0,-79.4,-80.2,-81.9,-83.5,-84.1,-83.3,-81.6,472.1,471.6,470.1,468.5,467.7,468.4,469.8,471.3,476.4,473.2,469.8,467.5,467.2,468.0,469.4,468.5,467.8,468.5,470.5,473.4,471.3,470.6,470.0,469.8,470.1,470.7,471.4,471.6,491.1,490.6,490.8,491.6,492.5,493.0,492.8,492.3,493.1,491.0,489.4,489.0,491.0,494.2,497.8,495.4,493.0,491.6,491.3,492.2,492.7,493.0,493.1,492.9,492.5,492.2,492.1,492.3,17.4,-39.6,498.7,0.288,0.215,-0.034,0.12,0.0,0.0,0.0,0.0,0.22,0.0,0.0,0.0,0.0,0.08,0.0,0.0,0.0,0.24,0.6
-0.20751,0.335491,-0.918904,-0.208418,0.333632,-0.919376,-0.223,0.349,246.6,248.4,252.3,256.1,257.5,256.0,251.7,247.9,243.6,245.4,248.6,253.1,257.9,261.5,264.0,260.9,256.7,252.3,248.5,245.5,250.6,252.2,253.9,254.6,254.1,252.5,250.8,250.0,300.5,302.1,305.9,309.8,311.4,309.9,306.0,301.9,296.7,298.9,302.1,306.6,311.0,314.3,316.5,314.3,311.1,307.4,303.3,299.5,304.3,305.9,307.5,308.2,307.5,305.9,304.3,303.6,172.4,168.2,166.6,168.6,172.9,177.5,178.7,176.7,174.0,171.6,170.2,169.7,170.8,173.0,176.0,177.2,177.5,177.6,177.0,175.9,174.4,175.2,174.6,172.8,171.0,170.1,170.8,172.6,172.1,168.1,166.4,167.9,171.8,175.8,177.6,176.2,174.3,171.4,169.5,168.5,169.0,170.2,172.5,174.6,175.9,176.5,176.4,175.8,173.5,174.2,173.5,171.8,170.2,169.6,170.3,171.9,-17.5,-15.7,-11.7,-7.9,-6.5,-7.9,-12.3,-16.1,-20.7,-18.7,-15.4,-10.9,-6.1,-2.5,-0.0,-3.1,-7.3,-11.6,-15.5,-18.6,-13.4,-11.8,-10.1,-9.3,-9.9,-11.5,-13.2,-14.0,38.5,40.2,44.2,48.4,50.2,48.6,44.5,40.0,34.6,36.8,40.0,44.7,49.5,53.4,56.1,53.5,49.9,45.8,41.5,37.5,42.7,44.4,46.1,46.8,46.0,44.3,42.6,41.9,-77.9,-82.0,-83.3,-81.0,-76.6,-72.2,-71.2,-73.5,-77.0,-78.9,-79.7,-79.8,-78.6,-76.6,-73.8,-72.5,-72.1,-72.2,-73.0,-74.6,-75.8,-74.8,-75.4,-77.1,-79.0,-79.9,-79.4,-77.7,-82.2,-86.4,-88.2,-86.7,-82.7,-78.5,-76.7,-78.0,-80.3,-82.9,-84.7,-85.6,-85.4,-84.7,-82.8,-80.2,-78.4,-77.5,-77.7,-78.5,-80.9,-80.3,-81.0,-82.8,-84.4,-85.1,-84.3,-82.6,468.5,467.7,466.1,464.5,463.9,464.8,466.3,467.9,472.9,469.4,466.0,463.6,463.2,464.1,465.6,464.8,464.2,464.9,467.0,469.9,467.7,467.0,466.3,466.0,466.2,466.9,467.6,467.9,492.5,492.0,492.2,492.9,493.6,494.1,493.9,493.5,494.5,492.4,490.8,490.4,492.2,495.3,498.7,496.4,494.0,492.6,492.4,493.5,493.9,494.2,494.3,494.1,493.8,493.5,493.4,493.6,17.5,-40.0,498.2,0.296,0.217,-0.028,0.12,0.0,0.0,0.0,0.0,0.25,0.0,0.0,0.0,0.0,0.18,0.03,0.07,0.0,0.3,0.55
-0.211396,0.337276,-0.917364,-0.194283,0.342888,-0.919066,-0.217,0.355,246.9,248.7,252.6,256.4,257.8,256.3,252.0,248.3,243.9,245.9,249.2,253.6,258.2,261.7,264.1,261.1,257.0,252.8,249.0,245.9,250.9,252.5,254.1,254.9,254.3,252.7,251.1,250.3,300.8,302.3,306.1,310.0,311.6,310.1,306.3,302.1,296.8,299.0,302.3,306.7,311.1,314.3,316.4,314.3,311.2,307.5,303.5,299.6,304.5,306.1,307.7,308.3,307.6,306.1,304.5,303.9,172.3,168.2,166.7,168.6,172.8,177.2,178.5,176.6,174.0,171.7,170.3,169.7,170.7,172.9,175.8,177.0,177.4,177.4,176.9,175.9,174.3,175.1,174.5,172.7,170.9,170.1,170.8,172.5,172.2,168.2,166.4,168.0,171.9,175.9,177.6,176.3,174.2,171.4,169.4,168.5,169.0,170.2,172.4,174.5,175.9,176.5,176.4,175.7,173.6,174.2,173.5,171.9,170.3,169.6,170.4,172.0,-17.6,-15.8,-11.7,-7.8,-6.4,-7.9,-12.3,-16.2,-20.9,-18.7,-15.2,-10.7,-5.9,-2.3,0.1,-3.0,-7.1,-11.5,-15.4,-18.7,-13.5,-11.8,-10.1,-9.3,-9.9,-11.6,-13.3,-14.1,39.1,40.7,44.8,48.9,50.7,49.1,45.1,40.6,35.0,37.2,40.5,45.2,50.0,53.8,56.4,53.9,50.3,46.3,41.9,37.9,43.2,44.9,46.6,47.3,46.5,44.8,43.1,42.5,-80.1,-84.2,-85.6,-83.3,-78.9,-74.5,-73.4,-75.6,-79.0,-80.9,-81.8,-82.0,-80.9,-78.9,-76.1,-74.7,-74.3,-74.3,-75.1,-76.6,-77.9,-77.0,-77.6,-79.3,-81.2,-82.1,-81.6,-79.8,-82.7,-86.9,-88.8,-87.3,-83.3,-79.1,-77.2,-78.5,-80.8,-83.5,-85.3,-86.3,-86.1,-85.4,-83.5,-80.9,-79.1,-78.2,-78.2,-79.1,-81.4,-80.8,-81.6,-83.3,-85.0,-85.6,-84.8,-83.1,481.2,480.6,479.2,477.6,477.0,477.7,479.0,480.5,485.2,482.0,478.7,476.6,476.4,477.4,478.9,477.9,477.1,477.6,479.5,482.3,480.5,479.8,479.2,479.0,479.2,479.9,480.5,480.8,495.8,495.4,495.7,496.5,497.4,497.8,497.5,496.9,497.6,495.6,494.2,493.9,495.9,499.1,502.6,500.1,497.7,496.1,495.8,496.7,497.4,497.8,497.9,497.7,497.4,497.0,496.9,497.0,17.5,-40.1,499.5,0.296,0.216,-0.023,0.18,0.0,0.0,0.0,0.0,0.16,0.0,0.0,0.0,0.0,0.15,0.05,0.07,0.0,0.32,0.63
-0.20632,0.341586,-0.916925,-0.209023,0.358928,-0.909659,-0.224,0.366,247.0,248.8,252.7,256.4,257.8,256.3,252.1,248.3,243.8,245.9,249.2,253.5,258.1,261.5,263.8,260.9,256.9,252.7,249.0,245.9,250.9,252.5,254.1,254.9,254.3,252.8,251.1,250.3,300.7,302.2,306.1,309.9,311.5,310.0,306.1,302.0,296.9,299.0,302.2,306.5,310.9,314.3,316.7,314.3,311.0,307.2,303.2,299.5,304.5,306.1,307.7,308.3,307.7,306.1,304.5,303.8,171.5,167.5,165.9,167.8,171.9,176.3,177.5,175.7,173.2,170.8,169.3,168.7,169.7,171.8,174.6,175.9,176.3,176.4,175.9,174.9,173.4,174.2,173.6,171.9,170.1,169.3,170.0,171.7,171.8,167.9,166.2,167.8,171.8,175.7,177.3,176.0,173.5,170.8,169.1,168.3,168.9,170.1,172.3,174.4,175.7,176.3,176.0,175.2,173.4,174.0,173.3,171.7,170.1,169.4,170.1,171.7,-17.9,-16.0,-11.9,-7.9,-6.5,-8.0,-12.5,-16.5,-21.4,-19.1,-15.5,-10.9,-6.2,-2.6,-0.2,-3.3,-7.4,-11.8,-15.7,-19.1,-13.8,-12.1,-10.3,-9.5,-10.2,-11.8,-13.6,-14.4,39.4,41.1,45.2,49.4,51.2,49.5,45.4,41.0,35.6,37.7,40.9,45.5,50.3,54.3,57.2,54.4,50.6,46.4,42.1,38.3,43.6,45.4,47.1,47.8,47.1,45.3,43.6,42.9,-82.7,-86.9,-88.3,-86.1,-81.6,-77.1,-76.0,-78.2,-81.6,-83.6,-84.6,-84.9,-83.9,-81.9,-79.1,-77.6,-77.0,-77.0,-77.7,-79.2,-80.5,-79.6,-80.2,-82.0,-83.9,-84.8,-84.2,-82.4,-84.1,-88.2,-90.0,-88.3,-84.2,-80.1,-78.3,-79.8,-82.7,-85.2,-86.7,-87.4,-87.0,-86.2,-84.3,-81.7,-80.0,-79.2,-79.6,-80.7,-82.6,-82.0,-82.7,-84.4,-86.1,-86.8,-86.1,-84.4,491.5,491.1,489.9,488.5,487.8,488.4,489.4,490.8,495.3,492.2,489.2,487.3,487.3,488.3,489.8,488.7,487.7,488.1,489.8,492.5,490.9,490.3,489.8,489.7,489.9,490.5,491.1,491.2,502.1,501.5,501.4,501.7,502.4,502.9,503.1,503.0,504.3,502.1,500.3,499.5,500.9,503.6,506.8,504.6,502.6,501.5,501.7,503.0,503.2,503.4,503.3,503.1,502.8,502.7,502.7,503.0,17.3,-40.7,499.5,0.3,0.223,-0.018,0.21,0.0,0.0,0.0,0.0,0.25,0.0,0.0,0.0,0.0,0.1,0.07,0.11,0.0,0.19,0.48
-0.207226,0.348406,-0.91415,-0.233521,0.334451,-0.913023,-0.237,0.358,246.9,248.7,252.6,256.3,257.7,256.2,252.0,248.2,243.9,245.7,248.8,253.1,257.8,261.5,264.0,260.9,256.7,252.4,248.7,245.7,250.9,252.5,254.1,254.9,254.3,252.7,251.1,250.3,300.4,302.1,305.9,309.7,311.2,309.6,305.8,301.7,296.9,299.1,302.3,306.6,310.9,314.3,316.6,314.2,310.9,307.2,303.2,299.5,304.2,305.8,307.3,308.0,307.4,305.8,304.2,303.6,170.4,166.2,164.7,166.6,170.9,175.4,176.7,174.7,171.9,169.5,168.2,167.6,168.7,170.8,173.7,175.0,175.4,175.4,174.9,173.8,172.4,173.2,172.6,170.8,169.0,168.2,168.8,170.6,170.5,166.6,165.0,166.6,170.6,174.5,176.1,174.6,172.2,169.6,167.9,167.2,167.9,169.3,171.5,173.5,174.6,175.0,174.6,173.9,172.1,172.8,172.1,170.5,168.9,168.2,168.8,170.5,-17.3,-15.5,-11.5,-7.7,-6.3,-7.8,-12.1,-15.9,-20.6,-18.6,-15.3,-10.9,-6.2,-2.5,0.0,-3.1,-7.3,-11.6,-15.4,-18.6,-13.2,-11.6,-10.0,-9.2,-9.8,-11.4,-13.1,-13.8,39.4,41.1,45.2,49.3,51.0,49.3,45.2,40.8,35.7,37.9,41.2,45.8,50.7,54.6,57.4,54.6,50.8,46.6,42.3,38.5,43.6,45.3,47.0,47.7,47.0,45.3,43.6,42.9,-80.6,-84.7,-86.0,-83.7,-79.2,-74.9,-73.9,-76.1,-79.8,-81.7,-82.4,-82.6,-81.4,-79.4,-76.7,-75.3,-74.8,-74.9,-75.8,-77.4,-78.4,-77.5,-78.0,-79.7,-81.6,-82.6,-82.0,-80.3,-86.0,-90.1,-91.8,-90.1,-85.9,-81.8,-80.1,-81.6,-84.4,-86.9,-88.4,-89.1,-88.6,-87.6,-85.7,-83.2,-81.7,-81.0,-81.4,-82.4,-84.4,-83.7,-84.4,-86.1,-87.9,-88.6,-87.9,-86.2,472.5,471.8,470.1,468.5,467.8,468.7,470.2,471.9,477.0,473.6,470.1,467.7,467.2,468.0,469.3,468.5,468.0,468.9,471.0,474.0,471.7,471.0,470.2,469.9,470.2,470.9,471.6,471.9,504.6,504.2,504.1,504.4,504.8,505.2,505.3,505.3,506.5,504.4,502.8,502.2,503.7,506.4,509.6,507.2,505.0,503.8,503.9,505.2,505.6,505.7,505.7,505.6,505.4,505.3,505.3,505.5,16.7,-42.1,499.1,0.28,0.235,-0.01,0.17,0.0,0.0,0.0,0.0,0.27,0.0,0.0,0.0,0.0,0.02,0.09,0.07,0.0,0.12,0.4
-0.207365,0.346884,-0.914697,-0.218827,0.329847,-0.918322,-0.228,0.354,246.7,248.5,252.5,256.3,257.7,256.2,251.9,248.1,243.6,245.6,248.8,253.2,257.8,261.3,263.8,260.8,256.7,252.5,248.7,245.6,250.7,252.4,254.1,254.8,254.2,252.6,250.9,250.1,300.5,302.1,305.9,309.8,311.3,309.7,305.9,301.8,296.7,298.9,302.1,306.5,310.8,314.3,316.5,314.2,310.8,307.1,303.1,299.4,304.3,305.9,307.4,308.1,307.5,305.9,304.3,303.6,170.5,166.4,164.7,166.6,170.9,175.3,176.6,174.8,172.2,169.8,168.4,167.7,168.7,170.7,173.6,174.9,175.3,175.4,174.9,174.0,172.5,173.3,172.6,170.8,169.0,168.2,168.9,170.7,170.4,166.5,164.9,166.5,170.5,174.4,176.0,174.7,172.5,169.8,168.0,167.2,167.9,169.2,171.5,173.4,174.5,175.0,174.7,174.0,172.0,172.7,172.0,170.4,168.8,168.1,168.8,170.4,-17.8,-15.9,-11.8,-7.9,-6.4,-7.9,-12.4,-16.3,-21.2,-19.0,-15.5,-11.0,-6.3,-2.7,-0.2,-3.3,-7.4,-11.8,-15.7,-18.9,-13.6,-11.9,-10.2,-9.4,-10.0,-11.7,-13.5,-14.3,39.1,40.7,44.9,49.0,50.7,49.1,44.9,40.5,35.2,37.4,40.6,45.3,50.1,54.1,56.8,54.0,50.2,46.1,41.8,37.9,43.2,44.9,46.6,47.4,46.6,44.9,43.2,42.5,-81.8,-86.0,-87.4,-85.2,-80.7,-76.2,-75.1,-77.3,-80.7,-82.6,-83.6,-83.9,-82.9,-80.9,-78.2,-76.7,-76.2,-76.2,-76.9,-78.4,-79.6,-78.6,-79.3,-81.1,-83.0,-83.9,-83.3,-81.5,-85.2,-89.4,-91.1,-89.4,-85.3,-81.1,-79.3,-80.8,-83.3,-85.9,-87.5,-88.3,-87.8,-86.9,-84.9,-82.5,-80.9,-80.3,-80.6,-81.5,-83.7,-83.0,-83.7,-85.4,-87.2,-87.9,-87.1,-85.4,480.0,479.6,478.2,476.7,475.9,476.4,477.7,479.2,484.1,480.9,477.8,475.7,475.4,476.3,477.6,476.6,475.8,476.3,478.3,481.1,479.3,478.6,478.0,477.8,478.2,478.8,479.4,479.6,499.8,499.5,499.5,499.9,500.3,500.6,500.6,500.5,501.9,499.8,498.2,497.6,499.1,501.9,505.0,502.6,500.4,499.2,499.3,500.6,501.0,501.1,501.1,501.0,500.8,500.6,500.6,500.8,16.7,-42.1,499.4,0.282,0.233,-0.009,0.17,0.0,0.0,0.02,0.0,0.53,0.0,0.0,0.0,0.0,0.1,0.1,0.07,0.0,0.0,0.25
-0.197175,0.331653,-0.922566,-0.210691,0.33892,-0.91692,-0.218,0.35,246.7,248.5,252.5,256.3,257.6,256.1,251.8,248.0,243.7,245.5,248.6,252.9,257.5,261.2,263.7,260.5,256.4,252.1,248.4,245.5,250.7,252.3,254.0,254.8,254.2,252.6,250.9,250.1,299.9,301.6,305.5,309.3,310.9,309.2,305.4,301.2,296.1,298.3,301.5,305.8,310.2,313.6,315.9,313.5,310.2,306.4,302.4,298.7,303.7,305.4,307.0,307.7,307.0,305.4,303.8,303.1,169.6,165.3,163.7,165.6,170.0,174.5,175.8,173.9,171.3,168.9,167.5,167.0,168.0,170.2,173.1,174.3,174.6,174.6,174.1,173.0,171.6,172.4,171.7,169.9,168.1,167.3,168.0,169.8,169.8,165.9,164.3,165.9,169.9,173.9,175.5,174.1,171.8,169.2,167.4,166.6,167.3,168.6,170.8,172.7,173.8,174.3,174.0,173.3,171.5,172.2,171.5,169.8,168.2,167.5,168.1,169.8,-17.5,-15.6,-11.6,-7.8,-6.4,-7.9,-12.3,-16.2,-20.8,-18.8,-15.5,-11.1,-6.5,-2.9,-0.3,-3.5,-7.7,-11.9,-15.7,-18.8,-13.4,-11.8,-10.1,-9.3,-9.8,-11.5,-13.2,-14.0,38.6,40.3,44.5,48.6,50.4,48.6,44.5,40.0,34.6,36.8,40.1,44.7,49.5,53.5,56.3,53.5,49.6,45.4,41.2,37.3,42.8,44.5,46.2,47.0,46.3,44.5,42.8,42.0,-81.4,-85.6,-87.0,-84.7,-80.2,-75.7,-74.7,-76.9,-80.4,-82.2,-83.1,-83.2,-82.0,-80.0,-77.2,-75.9,-75.6,-75.7,-76.6,-78.1,-79.2,-78.2,-78.8,-80.6,-82.5,-83.5,-82.9,-81.1,-86.1,-90.2,-92.0,-90.2,-86.0,-81.9,-80.1,-81.6,-84.3,-86.8,-88.4,-89.1,-88.7,-87.7,-85.8,-83.4,-81.8,-81.1,-81.5,-82.4,-84.5,-83.8,-84.5,-86.2,-88.0,-88.7,-88.0,-86.2,472.4,471.9,470.4,468.6,467.7,468.2,469.7,471.4,476.7,473.4,470.1,467.7,467.2,467.8,468.9,468.1,467.6,468.4,470.6,473.6,471.4,470.6,470.0,469.8,470.2,470.9,471.6,471.8,500.9,500.5,500.5,500.9,501.4,501.7,501.7,501.6,503.0,501.0,499.3,498.6,500.0,502.8,505.8,503.5,501.4,500.2,500.4,501.8,502.0,502.2,502.2,502.0,501.8,501.7,501.7,501.8,16.4,-42.6,498.4,0.286,0.234,-0.01,0.3,0.0,0.0,0.02,0.0,0.57,0.0,0.0,0.0,0.0,0.14,0.17,0.03,0.02,0.0,0.18
-0.186625,0.341387,-0.921209,-0.215681,0.32012,-0.922499,-0.215,0.344,246.0,247.7,251.7,255.5,256.9,255.5,251.3,247.4,242.7,244.6,247.8,252.1,256.7,260.2,262.7,259.7,255.7,251.5,247.7,244.6,250.0,251.6,253.3,254.0,253.4,251.8,250.2,249.4,299.1,300.7,304.6,308.5,310.1,308.4,304.5,300.4,295.3,297.5,300.6,305.0,309.4,312.9,315.3,312.8,309.4,305.6,301.6,297.9,302.9,304.5,306.2,306.9,306.2,304.6,302.9,302.2,168.9,164.7,163.0,164.8,169.0,173.5,174.8,173.1,170.7,168.3,166.8,166.1,167.0,169.0,171.8,173.0,173.4,173.5,173.2,172.3,170.7,171.5,170.8,169.0,167.3,166.6,167.3,169.0,168.4,164.4,162.8,164.5,168.5,172.4,174.0,172.6,170.5,167.9,166.2,165.5,166.1,167.3,169.4,171.4,172.6,173.1,172.8,172.0,170.0,170.7,170.0,168.4,166.7,166.0,166.7,168.3,-18.7,-16.8,-12.7,-8.8,-7.3,-8.7,-13.1,-17.1,-22.3,-20.1,-16.7,-12.2,-7.5,-3.9,-1.3,-4.4,-8.5,-12.9,-16.8,-20.1,-14.4,-12.8,-11.1,-10.3,-10.9,-12.6,-14.3,-15.1,37.4,39.1,43.2,47.4,49.1,47.4,43.3,38.8,33.5,35.7,38.9,43.5,48.3,52.3,55.2,52.3,48.5,44.3,40.0,36.2,41.6,43.3,45.1,45.8,45.1,43.3,41.6,40.8,-84.1,-88.3,-89.9,-87.8,-83.3,-78.8,-77.5,-79.6,-82.9,-84.9,-85.8,-86.2,-85.2,-83.3,-80.6,-79.2,-78.7,-78.7,-79.3,-80.7,-82.0,-81.1,-81.8,-83.6,-85.4,-86.3,-85.7,-83.9,-87.0,-91.1,-92.8,-91.1,-86.9,-82.8,-81.1,-82.6,-85.2,-87.5,-89.0,-89.6,-89.2,-88.4,-86.7,-84.2,-82.6,-81.9,-82.2,-83.3,-85.4,-84.7,-85.4,-87.2,-88.9,-89.6,-88.9,-87.2,483.6,483.3,482.1,480.6,479.7,480.1,481.2,482.7,487.8,484.7,481.6,479.5,479.2,480.0,481.2,480.2,479.4,480.0,481.9,484.8,482.9,482.2,481.7,481.6,482.0,482.6,483.1,483.2,497.3,496.8,496.6,496.9,497.5,498.0,498.2,498.2,499.7,497.5,495.7,494.9,496.2,498.8,501.9,499.8,497.8,496.8,497.0,498.5,498.4,498.5,498.5,498.3,498.0,497.9,498.0,498.2,15.3,-43.9,497.4,0.264,0.243,-0.007,0.46,0.0,0.0,0.02,0.0,0.53,0.0,0.0,0.0,0.0,0.16,0.18,0.0,0.05,0.0,0.09
-0.17752,0.34484,-0.921722,-0.208392,0.319551,-0.92437,-0.206,0.345,246.0,247.8,251.7,255.5,257.0,255.5,251.2,247.4,242.6,244.6,247.7,252.0,256.6,260.1,262.6,259.6,255.5,251.3,247.6,244.6,250.1,251.6,253.3,254.0,253.4,251.8,250.2,249.5,299.1,300.7,304.6,308.4,310.0,308.4,304.6,300.4,295.4,297.4,300.5,304.8,309.2,312.8,315.2,312.7,309.3,305.5,301.5,297.9,303.0,304.6,306.2,306.9,306.2,304.6,303.0,302.3,168.9,164.7,163.0,164.8,169.0,173.4,174.8,173.1,170.7,168.3,166.8,166.1,167.0,169.0,171.8,173.0,173.4,173.5,173.1,172.3,170.8,171.5,170.8,169.0,167.3,166.6,167.3,169.0,168.4,164.4,162.8,164.4,168.4,172.4,174.0,172.6,170.6,168.0,166.2,165.5,166.1,167.4,169.5,171.4,172.5,172.9,172.7,172.1,170.0,170.7,170.0,168.4,166.7,166.0,166.7,168.4,-18.7,-16.8,-12.7,-8.7,-7.3,-8.7,-13.2,-17.1,-22.4,-20.2,-16.8,-12.3,-7.6,-4.0,-1.5,-4.5,-8.7,-13.1,-17.0,-20.2,-14.4,-12.8,-11.1,-10.3,-10.9,-12.6,-14.3,-15.1,37.9,39.6,43.7,47.9,49.6,47.9,43.8,39.3,34.0,36.1,39.2,43.8,48.6,52.7,55.7,52.7,48.8,44.6,40.4,36.6,42.1,43.8,45.6,46.3,45.6,43.8,42.1,41.3,-84.1,-88.4,-89.9,-87.9,-83.4,-78.8,-77.6,-79.6,-83.0,-85.0,-86.0,-86.3,-85.3,-83.4,-80.7,-79.3,-78.8,-78.8,-79.4,-80.8,-82.1,-81.2,-81.8,-83.6,-85.5,-86.4,-85.7,-83.9,-88.0,-92.3,-94.0,-92.2,-88.0,-83.7,-82.0,-83.5,-86.0,-88.5,-90.1,-90.7,-90.3,-89.3,-87.4,-85.1,-83.6,-82.9,-83.3,-84.2,-86.4,-85.6,-86.4,-88.1,-89.9,-90.7,-89.9,-88.2,484.0,483.8,482.6,481.1,480.1,480.4,481.5,483.0,488.3,485.2,482.1,480.0,479.7,480.4,481.5,480.5,479.7,480.3,482.3,485.3,483.2,482.6,482.1,482.0,482.4,483.1,483.6,483.6,503.2,503.0,502.8,502.9,503.1,503.4,503.5,503.8,505.7,503.6,501.8,500.9,501.9,504.4,507.2,505.0,503.1,502.1,502.6,504.2,504.1,504.1,504.1,504.0,503.9,503.9,503.9,504.0,15.2,-44.0,497.5,0.268,0.242,-0.007,0.54,0.0,0.0,0.09,0.0,0.41,0.0,0.0,0.0,0.0,0.07,0.27,0.0,0.09,0.0,0.2
-0.190033,0.356305,-0.914841,-0.204337,0.32281,-0.924143,-0.211,0.354,245.5,247.4,251.4,255.2,256.6,255.1,250.7,246.9,242.4,244.2,247.2,251.5,256.3,260.1,262.8,259.6,255.2,250.9,247.1,244.1,249.7,251.3,252.9,253.7,253.1,251.5,249.9,249.1,298.8,300.4,304.3,308.2,309.8,308.2,304.4,300.2,295.1,297.1,300.2,304.5,309.0,312.6,315.1,312.6,309.1,305.2,301.2,297.6,302.7,304.4,306.0,306.7,306.0,304.3,302.7,302.0,169.0,164.6,162.9,164.9,169.3,174.0,175.3,173.4,170.5,168.1,166.7,166.1,167.1,169.3,172.2,173.4,173.7,173.7,173.3,172.3,171.0,171.8,171.1,169.3,167.4,166.6,167.3,169.1,168.4,164.4,162.7,164.4,168.4,172.3,174.0,172.6,170.6,168.0,166.2,165.4,166.0,167.2,169.4,171.3,172.5,173.0,172.8,172.1,170.0,170.7,170.0,168.3,166.6,166.0,166.7,168.3,-18.2,-16.4,-12.4,-8.6,-7.2,-8.7,-13.0,-16.8,-21.6,-19.6,-16.5,-12.2,-7.5,-3.8,-1.2,-4.3,-8.6,-12.9,-16.6,-19.7,-14.1,-12.5,-10.9,-10.1,-10.7,-12.3,-13.9,-14.7,37.2,38.9,43.0,47.2,48.9,47.3,43.2,38.8,33.4,35.4,38.6,43.1,47.9,52.1,55.1,52.1,48.2,44.0,39.7,36.0,41.4,43.2,45.0,45.7,44.9,43.1,41.4,40.7,-80.0,-84.2,-85.6,-83.4,-78.9,-74.4,-73.3,-75.5,-79.4,-81.2,-81.9,-82.1,-80.9,-78.9,-76.2,-74.9,-74.6,-74.7,-75.5,-77.0,-77.9,-77.0,-77.5,-79.3,-81.1,-82.1,-81.5,-79.8,-87.2,-91.4,-93.2,-91.4,-87.2,-83.0,-81.3,-82.8,-85.3,-87.7,-89.3,-90.0,-89.6,-88.6,-86.8,-84.4,-82.8,-82.1,-82.4,-83.4,-85.6,-84.9,-85.6,-87.4,-89.2,-89.9,-89.2,-87.4,461.0,460.4,458.8,457.0,456.1,456.8,458.3,460.1,465.8,462.4,458.8,456.3,455.6,456.1,457.2,456.4,456.1,457.0,459.3,462.5,460.0,459.2,458.5,458.3,458.6,459.4,460.1,460.3,498.8,498.5,498.2,498.3,498.5,498.9,499.1,499.3,501.3,499.2,497.3,496.3,497.4,499.8,502.6,500.5,498.6,497.7,498.2,499.8,499.6,499.7,499.6,499.4,499.3,499.3,499.4,499.5,14.8,-43.2,493.8,0.276,0.243,-0.01,0.47,0.0,0.0,0.11,0.0,0.35,0.0,0.0,0.0,0.0,0.03,0.31,0.0,0.07,0.25,0.57
-0.203214,0.352364,-0.913533,-0.208074,0.333367,-0.91955,-0.221,0.358,245.2,247.0,251.1,254.9,256.4,254.9,250.4,246.6,242.1,243.9,247.1,251.4,256.2,260.0,262.7,259.5,255.1,250.7,246.9,243.9,249.3,251.0,252.7,253.5,252.9,251.2,249.5,248.7,298.2,299.8,303.7,307.7,309.3,307.7,303.8,299.6,294.4,296.6,299.8,304.2,308.6,312.1,314.4,312.0,308.7,304.9,300.8,297.1,302.1,303.7,305.4,306.0,305.3,303.7,302.1,301.4,169.4,165.0,163.3,165.2,169.7,174.4,175.8,173.8,170.9,168.6,167.2,166.7,167.9,170.1,173.0,174.1,174.3,174.2,173.7,172.7,171.4,172.3,171.5,169.7,167.8,167.0,167.7,169.5,169.1,165.1,163.4,165.0,168.9,173.0,174.7,173.3,171.3,168.6,166.8,166.0,166.5,167.7,169.8,171.9,173.2,173.8,173.6,172.9,170.6,171.3,170.6,168.9,167.3,166.6,167.3,169.0,-18.4,-16.6,-12.6,-8.8,-7.4,-8.9,-13.2,-17.0,-21.7,-19.7,-16.5,-12.2,-7.5,-3.8,-1.2,-4.4,-8.6,-12.9,-16.7,-19.7,-14.3,-12.7,-11.0,-10.2,-10.8,-12.4,-14.1,-14.9,36.1,37.7,41.9,46.0,47.9,46.2,42.1,37.6,32.2,34.3,37.6,42.2,47.0,50.9,53.7,51.0,47.2,43.1,38.8,35.0,40.3,42.0,43.7,44.4,43.7,41.9,40.2,39.6,-78.9,-83.1,-84.5,-82.2,-77.7,-73.3,-72.2,-74.4,-78.2,-79.9,-80.6,-80.6,-79.4,-77.4,-74.7,-73.6,-73.3,-73.5,-74.4,-75.9,-76.7,-75.8,-76.4,-78.1,-80.0,-81.0,-80.4,-78.6,-85.3,-89.5,-91.3,-89.7,-85.6,-81.4,-79.6,-81.0,-83.3,-85.8,-87.5,-88.2,-87.9,-87.2,-85.5,-82.9,-81.1,-80.3,-80.5,-81.5,-83.9,-83.2,-84.0,-85.7,-87.4,-88.1,-87.3,-85.6,456.7,456.2,454.5,452.7,451.8,452.5,454.1,455.9,461.4,458.0,454.4,451.9,451.3,451.8,453.0,452.3,451.9,452.8,455.0,458.2,455.7,454.9,454.2,454.0,454.3,455.1,455.8,456.1,492.0,491.6,491.7,492.2,492.9,493.3,493.2,493.0,494.2,492.1,490.5,489.9,491.4,494.3,497.5,495.3,493.1,491.9,491.9,493.1,493.4,493.6,493.6,493.4,493.1,492.9,492.9,493.1,14.6,-42.2,492.1,0.289,0.242,-0.012,0.38,0.0,0.0,0.11,0.0,0.36,0.0,0.0,0.0,0.0,0.0,0.34,0.0,0.04,0.57,1.01
-0.193323,0.35448,-0.914861,-0.20604,0.338322,-0.918197,-0.215,0.361,245.3,247.0,251.0,254.9,256.3,255.0,250.6,246.7,242.1,244.0,247.1,251.5,256.2,259.8,262.4,259.4,255.2,250.9,247.1,244.0,249.4,251.0,252.7,253.5,252.8,251.2,249.5,248.7,298.3,299.8,303.6,307.5,309.1,307.6,303.8,299.7,294.7,296.6,299.6,303.9,308.3,312.0,314.5,312.0,308.5,304.6,300.6,297.1,302.2,303.8,305.3,305.9,305.3,303.7,302.2,301.5,170.7,166.4,164.7,166.5,170.8,175.4,176.8,175.0,172.4,170.1,168.7,168.1,169.1,171.1,173.8,175.0,175.3,175.4,174.9,174.0,172.6,173.4,172.7,170.9,169.0,168.2,169.0,170.8,170.4,166.4,164.8,166.4,170.3,174.2,175.9,174.5,172.4,169.9,168.1,167.4,168.0,169.2,171.3,173.3,174.5,174.9,174.7,174.0,171.9,172.5,171.9,170.3,168.7,168.0,168.7,170.3,-19.0,-17.2,-13.1,-9.2,-7.7,-9.1,-13.5,-17.4,-22.4,-20.3,-17.0,-12.6,-7.8,-4.2,-1.6,-4.7,-8.8,-13.2,-17.1,-20.3,-14.8,-13.1,-11.4,-10.6,-11.2,-12.9,-14.7,-15.4,37.1,38.8,42.8,47.0,48.8,47.1,43.1,38.7,33.4,35.3,38.4,42.9,47.8,52.0,55.0,52.1,48.1,43.9,39.6,35.9,41.4,43.1,44.8,45.4,44.7,43.0,41.3,40.7,-80.2,-84.5,-86.0,-83.8,-79.4,-74.8,-73.6,-75.7,-79.3,-81.0,-81.8,-82.1,-81.0,-79.1,-76.6,-75.3,-74.9,-74.9,-75.7,-77.1,-78.1,-77.2,-77.9,-79.7,-81.6,-82.5,-81.8,-80.0,-86.2,-90.4,-92.1,-90.3,-86.2,-82.0,-80.3,-81.8,-84.4,-86.8,-88.3,-88.9,-88.5,-87.6,-85.8,-83.3,-81.7,-81.1,-81.4,-82.5,-84.7,-84.0,-84.7,-86.4,-88.1,-88.8,-88.1,-86.4,472.1,471.7,470.2,468.6,467.7,468.3,469.6,471.2,476.5,473.2,469.9,467.7,467.2,467.9,469.2,468.3,467.7,468.3,470.4,473.4,471.2,470.5,469.9,469.7,470.1,470.8,471.4,471.6,505.2,504.7,504.3,504.3,504.6,505.1,505.5,505.9,507.9,505.6,503.5,502.4,503.4,505.8,508.6,506.6,504.9,504.1,504.6,506.4,506.0,506.0,505.8,505.6,505.4,505.4,505.6,505.8,14.6,-41.0,493.5,0.296,0.244,-0.015,0.32,0.0,0.0,0.02,0.0,0.42,0.0,0.0,0.0,0.0,0.0,0.41,0.07,0.04,0.65,1.08
-0.201531,0.365882,-0.908579,-0.206795,0.357459,-0.910746,-0.221,0.378,245.3,247.1,251.1,255.0,256.4,254.9,250.5,246.7,242.2,244.1,247.2,251.6,256.4,260.2,262.9,259.7,255.3,250.9,247.1,244.0,249.4,251.1,252.8,253.5,252.9,251.3,249.6,248.8,298.2,299.8,303.7,307.6,309.2,307.7,303.8,299.6,294.5,296.6,299.7,304.0,308.5,312.1,314.7,312.1,308.6,304.7,300.7,297.1,302.1,303.8,305.4,306.0,305.3,303.7,302.1,301.5,172.1,167.7,166.0,167.9,172.4,177.0,178.4,176.5,173.7,171.3,169.9,169.4,170.5,172.6,175.5,176.5,176.7,176.7,176.2,175.3,174.1,174.9,174.2,172.3,170.5,169.7,170.4,172.2,172.1,168.1,166.4,168.1,172.1,176.0,177.7,176.3,173.9,171.3,169.6,168.8,169.4,170.6,172.8,174.8,176.0,176.4,176.2,175.5,173.7,174.3,173.7,172.0,170.3,169.7,170.4,172.0,-18.5,-16.6,-12.6,-8.8,-7.4,-8.9,-13.2,-17.0,-21.7,-19.7,-16.5,-12.1,-7.4,-3.7,-1.1,-4.2,-8.5,-12.8,-16.7,-19.8,-14.3,-12.7,-11.0,-10.3,-10.9,-12.5,-14.2,-14.9,36.5,38.1,42.2,46.4,48.2,46.6,42.5,38.1,32.8,34.8,37.9,42.4,47.3,51.5,54.5,51.5,47.6,43.4,39.1,35.4,40.8,42.5,44.2,44.9,44.2,42.4,40.7,40.0,-76.9,-81.1,-82.5,-80.3,-75.8,-71.3,-70.2,-72.4,-76.1,-77.8,-78.6,-78.7,-77.6,-75.6,-72.9,-71.8,-71.6,-71.7,-72.5,-73.9,-74.7,-73.8,-74.4,-76.2,-78.1,-79.0,-78.4,-76.6,-83.2,-87.3,-89.0,-87.3,-83.1,-79.0,-77.3,-78.8,-81.7,-84.0,-85.5,-86.2,-85.7,-84.8,-83.0,-80.6,-79.0,-78.3,-78.7,-79.7,-81.6,-80.9,-81.6,-83.3,-85.1,-85.8,-85.1,-83.4,460.5,459.9,458.3,456.5,455.6,456.2,457.7,459.5,465.0,461.7,458.2,455.7,455.1,455.7,456.8,456.0,455.5,456.4,458.6,461.8,459.4,458.7,458.0,457.7,458.1,458.9,459.6,459.8,498.1,497.5,497.1,497.2,497.7,498.3,498.7,498.9,500.7,498.3,496.4,495.3,496.4,498.9,501.8,499.7,497.9,497.0,497.5,499.2,499.0,499.0,498.9,498.6,498.4,498.4,498.5,498.8,14.7,-40.1,495.3,0.305,0.238,-0.013,0.21,0.0,0.0,0.0,0.0,0.51,0.0,0.0,0.0,0.0,0.0,0.42,0.14,0.08,0.48,0.95
-0.199364,0.352035,-0.914508,-0.215049,0.345897,-0.913296,-0.223,0.365,245.3,247.2,251.3,255.1,256.5,254.9,250.5,246.7,242.3,244.1,247.2,251.6,256.5,260.3,263.0,259.7,255.3,250.8,247.0,244.0,249.5,251.1,252.8,253.6,253.0,251.4,249.7,248.9,298.2,299.8,303.7,307.6,309.2,307.6,303.7,299.6,294.6,296.6,299.7,304.1,308.6,312.2,314.6,312.2,308.7,304.9,300.8,297.1,302.1,303.7,305.3,306.0,305.3,303.7,302.1,301.4,172.0,167.6,165.9,167.8,172.3,177.0,178.4,176.4,173.7,171.3,169.8,169.3,170.4,172.7,175.6,176.7,176.9,176.8,176.4,175.4,174.0,174.9,174.1,172.3,170.4,169.6,170.3,172.2,172.1,168.1,166.4,168.1,172.0,176.0,177.7,176.3,174.0,171.4,169.7,168.9,169.5,170.6,172.7,174.9,176.2,176.7,176.5,175.7,173.6,174.3,173.6,171.9,170.3,169.6,170.3,172.0,-18.2,-16.3,-12.3,-8.6,-7.3,-8.7,-13.0,-16.8,-21.4,-19.4,-16.3,-11.9,-7.2,-3.6,-1.0,-4.2,-8.4,-12.7,-16.5,-19.5,-14.1,-12.5,-10.8,-10.1,-10.6,-12.2,-13.9,-14.6,36.3,37.9,42.0,46.1,47.9,46.3,42.2,37.8,32.6,34.6,37.8,42.3,47.2,51.2,54.2,51.3,47.5,43.3,39.0,35.3,40.5,42.2,44.0,44.6,43.9,42.1,40.4,39.7,-75.8,-80.0,-81.4,-79.1,-74.7,-70.2,-69.1,-71.3,-74.9,-76.7,-77.5,-77.6,-76.4,-74.3,-71.6,-70.5,-70.3,-70.5,-71.3,-72.7,-73.6,-72.7,-73.3,-75.0,-76.9,-77.9,-77.3,-75.5,-82.7,-86.8,-88.5,-86.8,-82.7,-78.6,-76.9,-78.4,-81.0,-83.4,-84.9,-85.6,-85.2,-84.4,-82.7,-80.1,-78.4,-77.7,-78.0,-79.0,-81.2,-80.5,-81.2,-82.9,-84.6,-85.4,-84.6,-82.9,453.5,453.0,451.3,449.4,448.5,449.1,450.7,452.6,458.2,454.8,451.3,448.7,448.0,448.5,449.5,448.8,448.4,449.4,451.7,455.0,452.4,451.6,450.9,450.7,451.1,451.9,452.6,452.8,495.1,494.4,494.1,494.3,495.0,495.6,495.9,496.0,497.5,495.2,493.3,492.4,493.6,496.3,499.4,497.4,495.5,494.5,494.8,496.3,496.1,496.2,496.1,495.8,495.5,495.4,495.6,495.9,14.7,-40.1,495.7,0.304,0.238,-0.012,0.11,0.0,0.0,0.0,0.0,0.42,0.0,0.0,0.0,0.0,0.0,0.55,0.14,0.14,0.16,0.51
-0.202119,0.371018,-0.906363,-0.205082,0.361934,-0.909365,-0.221,0.384,245.7,247.4,251.3,255.1,256.6,255.3,251.1,247.2,242.5,244.5,247.7,252.0,256.7,260.2,262.7,259.8,255.7,251.5,247.7,244.6,249.8,251.4,253.0,253.7,253.1,251.5,249.8,249.1,299.4,301.0,304.8,308.6,310.2,308.6,304.8,300.7,295.8,297.8,300.9,305.2,309.6,313.1,315.5,313.1,309.7,305.9,301.9,298.3,303.2,304.8,306.4,307.1,306.4,304.8,303.2,302.5,173.1,169.0,167.5,169.4,173.7,178.0,179.3,177.4,174.3,172.3,171.3,170.8,171.7,173.6,176.2,177.6,178.1,178.2,177.6,176.3,175.0,175.8,175.2,173.5,171.7,170.8,171.5,173.2,173.9,170.0,168.4,170.1,173.9,177.8,179.4,178.0,175.7,173.2,171.5,170.8,171.3,172.5,174.5,176.7,178.0,178.6,178.3,177.4,175.4,176.1,175.4,173.8,172.2,171.5,172.2,173.8,-18.9,-17.1,-13.1,-9.1,-7.5,-8.9,-13.3,-17.3,-22.3,-20.2,-16.8,-12.2,-7.5,-3.8,-1.3,-4.3,-8.5,-12.8,-16.8,-20.1,-14.7,-13.0,-11.3,-10.5,-11.2,-12.9,-14.6,-15.3,38.1,39.8,43.9,48.0,49.8,48.1,44.0,39.6,34.4,36.4,39.6,44.1,48.9,53.0,55.9,53.1,49.2,45.1,40.8,37.0,42.3,44.0,45.8,46.5,45.7,44.0,42.3,41.6,-79.3,-83.4,-84.7,-82.5,-78.1,-73.8,-72.7,-74.9,-78.8,-80.3,-80.8,-80.9,-79.9,-78.2,-75.8,-74.3,-73.6,-73.6,-74.5,-76.2,-77.3,-76.3,-76.9,-78.6,-80.5,-81.4,-80.8,-79.1,-82.0,-86.0,-87.7,-86.0,-81.9,-77.9,-76.2,-77.7,-80.4,-82.8,-84.2,-84.8,-84.5,-83.7,-82.0,-79.3,-77.6,-76.8,-77.2,-78.4,-80.5,-79.8,-80.5,-82.2,-83.9,-84.6,-83.9,-82.2,481.2,480.2,478.7,477.4,477.3,478.5,479.8,481.1,485.6,482.1,478.8,476.6,476.5,477.6,479.4,478.6,477.8,478.4,480.2,482.9,480.8,480.3,479.6,479.2,479.3,479.8,480.5,480.9,502.6,501.8,501.5,501.8,502.6,503.4,503.8,503.7,505.2,502.7,500.8,499.8,501.1,503.8,507.0,505.1,503.2,502.3,502.6,504.0,503.8,503.9,503.8,503.4,503.1,502.9,503.1,503.4,15.0,-39.2,497.9,0.319,0.228,-0.002,0.03,0.0,0.0,0.0,0.0,0.33,0.0,0.0,0.0,0.0,0.0,0.55,0.07,0.13,0.07,0.35
-0.195992,0.35465,-0.914227,-0.250282,0.285407,-0.925149,-0.238,0.335,246.3,248.1,252.0,255.9,257.4,256.0,251.6,247.8,243.2,245.1,248.3,252.7,257.4,260.9,263.4,260.4,256.3,252.0,248.2,245.2,250.4,252.0,253.7,254.5,253.8,252.2,250.5,249.8,300.1,302.2,306.3,310.2,311.5,309.4,305.3,301.2,296.9,298.6,301.6,306.2,311.6,316.1,319.3,315.7,311.2,306.7,302.4,298.9,304.2,305.9,307.6,308.5,307.9,306.3,304.5,303.7,172.6,168.5,167.0,169.1,173.4,177.8,179.0,176.9,173.7,171.7,170.7,170.3,171.4,173.4,176.2,177.5,177.9,177.9,177.2,175.8,174.6,175.5,174.9,173.1,171.3,170.4,171.0,172.8,173.1,168.9,167.4,169.5,174.0,178.2,179.7,177.9,175.7,172.9,171.0,170.4,171.8,174.0,177.1,179.1,179.9,179.9,179.1,177.9,175.4,176.3,175.6,173.8,171.9,171.0,171.7,173.5,-18.0,-16.2,-12.1,-8.2,-6.7,-8.1,-12.6,-16.5,-21.4,-19.3,-15.9,-11.4,-6.7,-3.1,-0.6,-3.7,-7.8,-12.1,-16.0,-19.3,-13.8,-12.2,-10.4,-9.7,-10.3,-12.0,-13.7,-14.5,33.6,35.5,39.3,42.7,43.8,42.0,38.2,34.6,30.8,32.3,34.8,38.9,43.8,48.1,51.4,47.8,43.6,39.4,35.6,32.6,37.4,38.9,40.4,41.2,40.7,39.3,37.7,36.9,-78.9,-82.8,-84.0,-81.7,-77.4,-73.1,-72.2,-74.4,-78.5,-79.9,-80.4,-80.4,-79.3,-77.4,-74.9,-73.5,-72.9,-73.0,-74.0,-75.9,-76.7,-75.8,-76.3,-78.0,-79.9,-80.8,-80.3,-78.6,-71.5,-75.4,-76.6,-74.4,-70.2,-66.3,-65.1,-67.0,-69.7,-71.9,-73.2,-73.4,-72.1,-70.3,-67.7,-65.6,-64.7,-64.8,-65.8,-67.2,-69.4,-68.5,-69.0,-70.6,-72.4,-73.3,-72.8,-71.2,475.4,474.3,472.6,471.4,471.3,472.6,474.1,475.3,479.8,476.3,472.8,470.6,470.5,471.6,473.4,472.7,472.0,472.6,474.5,477.2,475.0,474.4,473.7,473.3,473.3,473.8,474.5,475.0,434.4,434.1,432.8,431.4,430.6,431.0,432.3,434.0,437.7,435.2,432.6,430.4,430.2,431.4,433.5,431.9,431.0,431.2,432.7,435.4,433.8,433.2,432.6,432.5,432.8,433.4,433.9,434.1,15.7,-38.8,495.2,0.325,0.216,0.006,0.04,0.0,0.0,0.0,0.0,0.27,0.0,0.0,0.0,0.0,0.02,0.59,0.0,0.13,0.0,0.22
-0.19357,0.351374,-0.916006,-0.242177,0.28186,-0.928388,-0.232,0.331,246.4,248.2,252.3,256.1,257.6,256.1,251.7,247.8,243.2,245.2,248.4,252.9,257.6,261.2,263.7,260.6,256.5,252.2,248.3,245.2,250.5,252.1,253.9,254.7,254.0,252.4,250.7,249.9,300.1,302.2,306.4,310.3,311.6,309.4,305.2,301.1,296.7,298.6,301.6,306.2,311.6,316.1,319.3,315.6,311.1,306.6,302.3,298.8,304.2,305.8,307.6,308.5,308.0,306.3,304.6,303.7,172.6,168.4,166.9,168.9,173.3,177.8,179.0,177.0,174.0,171.9,170.8,170.3,171.4,173.6,176.4,177.5,177.8,177.7,177.1,175.9,174.7,175.6,174.9,173.1,171.2,170.4,171.0,172.8,173.1,168.9,167.3,169.4,173.8,178.1,179.6,177.9,175.8,173.0,171.1,170.4,171.8,174.1,177.3,179.0,179.6,179.5,178.8,177.9,175.4,176.2,175.6,173.8,171.9,171.0,171.7,173.5,-17.8,-15.9,-11.8,-7.9,-6.4,-8.0,-12.4,-16.3,-21.2,-19.0,-15.6,-11.1,-6.4,-2.8,-0.3,-3.4,-7.5,-11.9,-15.8,-19.0,-13.6,-11.9,-10.2,-9.4,-10.0,-11.7,-13.4,-14.2,33.6,35.6,39.4,42.8,43.9,42.0,38.2,34.5,30.7,32.2,34.8,39.0,43.9,48.2,51.4,47.8,43.5,39.3,35.4,32.4,37.4,38.8,40.4,41.3,40.8,39.3,37.7,36.9,-78.1,-82.2,-83.5,-81.2,-76.8,-72.4,-71.4,-73.6,-77.4,-79.0,-79.6,-79.6,-78.5,-76.5,-73.9,-72.7,-72.3,-72.5,-73.4,-75.0,-75.9,-75.0,-75.5,-77.3,-79.2,-80.2,-79.6,-77.9,-71.6,-75.5,-76.8,-74.6,-70.3,-66.4,-65.1,-67.0,-69.5,-71.8,-73.2,-73.4,-72.1,-70.2,-67.6,-65.7,-65.0,-65.1,-66.0,-67.3,-69.4,-68.5,-69.0,-70.7,-72.5,-73.4,-72.9,-71.2,471.1,470.3,468.8,467.4,467.0,467.9,469.3,470.7,475.4,472.1,468.7,466.5,466.3,467.3,468.9,468.0,467.3,467.9,469.8,472.6,470.5,469.9,469.3,468.9,469.1,469.7,470.4,470.7,434.5,434.4,433.3,431.8,430.8,430.9,432.0,433.8,437.7,435.3,432.8,430.7,430.5,431.6,433.6,431.8,430.8,431.0,432.5,435.2,433.8,433.1,432.7,432.6,433.0,433.7,434.1,434.2,15.6,-38.8,494.5,0.326,0.214,0.007,0.12,0.0,0.0,0.0,0.0,0.4,0.0,0.0,0.0,0.0,0.02,0.47,0.01,0.07,0.16,0.53
-0.192305,0.357874,-0.913753,-0.205766,0.342566,-0.916684,-0.214,0.365,247.9,250.0,254.2,258.0,259.3,257.6,253.1,249.2,244.5,246.7,250.2,254.7,259.4,263.0,265.4,262.3,258.1,253.8,249.8,246.6,252.0,253.6,255.4,256.3,255.7,254.1,252.4,251.5,301.9,303.7,307.6,311.5,313.0,311.2,307.2,303.1,298.0,300.2,303.5,308.0,312.5,316.0,318.2,315.8,312.4,308.5,304.4,300.7,305.7,307.3,309.0,309.8,309.1,307.5,305.8,305.1,171.0,166.8,165.3,167.4,171.8,176.3,177.4,175.4,172.7,170.4,169.1,168.6,169.8,172.1,175.0,176.0,176.1,176.0,175.5,174.4,173.1,174.0,173.4,171.6,169.8,168.9,169.5,171.3,172.7,168.8,167.2,169.0,173.1,177.0,178.6,177.0,174.9,172.3,170.6,169.9,170.6,171.8,173.9,176.1,177.3,177.8,177.5,176.6,174.4,175.2,174.5,172.9,171.2,170.4,171.0,172.7,-16.1,-14.1,-9.8,-6.0,-4.7,-6.4,-10.9,-14.8,-19.8,-17.4,-13.8,-9.2,-4.6,-1.0,1.4,-1.7,-5.9,-10.2,-14.2,-17.6,-12.0,-10.4,-8.6,-7.8,-8.3,-9.9,-11.7,-12.6,39.6,41.4,45.5,49.6,51.3,49.5,45.3,40.9,35.7,37.9,41.1,45.8,50.6,54.5,57.3,54.5,50.6,46.5,42.2,38.4,43.7,45.4,47.2,47.9,47.3,45.5,43.8,43.0,-79.5,-83.6,-84.9,-82.6,-78.0,-73.6,-72.6,-74.9,-78.4,-80.2,-81.0,-81.1,-79.9,-77.8,-75.1,-73.9,-73.7,-73.8,-74.7,-76.2,-77.2,-76.2,-76.7,-78.5,-80.4,-81.4,-80.8,-79.1,-80.8,-84.8,-86.4,-84.6,-80.5,-76.5,-74.9,-76.5,-78.9,-81.2,-82.7,-83.3,-82.8,-82.0,-80.3,-77.8,-76.1,-75.4,-75.8,-76.9,-79.2,-78.4,-79.1,-80.8,-82.5,-83.3,-82.6,-80.9,469.2,468.9,467.7,466.3,465.5,465.9,467.0,468.4,473.2,470.1,467.1,465.1,465.0,466.0,467.4,466.2,465.3,465.7,467.5,470.3,468.6,468.0,467.5,467.3,467.7,468.3,468.8,468.9,487.7,487.1,487.0,487.5,488.2,488.9,489.0,488.8,490.0,487.8,486.0,485.3,486.8,489.6,492.9,490.8,488.8,487.6,487.7,489.0,489.0,489.2,489.1,488.9,488.6,488.4,488.4,488.7,16.6,-39.7,494.0,0.322,0.217,0.02,0.17,0.0,0.0,0.0,0.0,0.45,0.0,0.0,0.0,0.0,0.04,0.33,0.01,0.04,0.32,0.6
-0.201382,0.351169,-0.914399,-0.230856,0.334131,-0.913817,-0.232,0.359,248.5,250.6,254.7,258.4,259.6,257.9,253.5,249.7,245.1,247.3,250.8,255.3,259.9,263.3,265.5,262.5,258.4,254.2,250.3,247.1,252.5,254.1,255.8,256.7,256.2,254.6,252.8,252.0,302.2,303.9,307.9,311.7,313.2,311.5,307.5,303.4,298.5,300.7,304.0,308.4,312.9,316.5,318.9,316.3,312.8,308.9,304.8,301.1,306.0,307.6,309.3,310.0,309.4,307.8,306.1,305.4,170.1,166.0,164.6,166.7,171.0,175.4,176.5,174.4,171.7,169.5,168.3,167.9,169.2,171.5,174.6,175.4,175.4,175.2,174.6,173.4,172.3,173.2,172.6,170.8,169.0,168.1,168.7,170.4,172.2,168.2,166.7,168.5,172.6,176.5,178.1,176.5,174.2,171.7,170.1,169.5,170.2,171.5,173.7,175.6,176.6,176.9,176.6,175.8,173.9,174.7,174.0,172.4,170.7,170.0,170.6,172.2,-15.8,-13.7,-9.5,-5.7,-4.4,-6.2,-10.7,-14.6,-19.5,-17.1,-13.5,-8.9,-4.2,-0.7,1.6,-1.5,-5.7,-10.0,-14.0,-17.3,-11.8,-10.1,-8.4,-7.5,-8.0,-9.6,-11.4,-12.3,40.2,42.0,46.1,50.2,51.8,50.0,45.9,41.5,36.5,38.7,41.9,46.5,51.4,55.4,58.3,55.3,51.4,47.2,42.9,39.1,44.3,46.0,47.7,48.5,47.8,46.1,44.4,43.7,-81.8,-85.9,-87.1,-84.7,-80.2,-75.8,-74.9,-77.2,-80.8,-82.6,-83.3,-83.3,-81.9,-79.8,-76.9,-75.9,-75.7,-76.0,-76.9,-78.5,-79.4,-78.4,-79.0,-80.7,-82.6,-83.6,-83.1,-81.4,-81.9,-86.0,-87.5,-85.7,-81.5,-77.4,-75.8,-77.5,-80.2,-82.4,-83.8,-84.3,-83.8,-82.8,-81.1,-78.7,-77.3,-76.8,-77.2,-78.3,-80.2,-79.5,-80.1,-81.8,-83.5,-84.3,-83.7,-82.0,477.6,477.2,476.0,474.6,473.9,474.4,475.4,476.8,481.6,478.5,475.4,473.4,473.3,474.4,475.8,474.7,473.8,474.2,475.9,478.7,477.0,476.4,475.9,475.7,476.0,476.6,477.1,477.3,491.3,490.8,490.5,490.7,491.1,491.6,491.9,492.0,493.5,491.3,489.5,488.7,490.0,492.7,495.8,493.5,491.5,490.4,490.7,492.2,492.2,492.3,492.2,492.0,491.8,491.7,491.8,492.0,16.8,-40.7,495.0,0.307,0.225,0.029,0.16,0.0,0.0,0.0,0.0,0.41,0.0,0.0,0.0,0.0,0.02,0.28,0.01,0.0,0.39,0.59
-0.200023,0.337355,-0.919882,-0.230694,0.332837,-0.91433,-0.231,0.35,248.6,250.8,255.1,259.0,260.3,258.5,253.9,249.9,245.1,247.5,251.0,255.6,260.3,263.9,266.2,263.1,258.9,254.5,250.5,247.2,252.7,254.4,256.3,257.2,256.7,255.0,253.1,252.2,302.3,304.1,308.0,311.8,313.3,311.5,307.5,303.4,298.5,300.9,304.2,308.6,313.0,316.3,318.4,316.1,312.8,309.0,304.9,301.2,306.0,307.6,309.3,310.0,309.4,307.8,306.2,305.4,169.7,165.4,163.9,166.0,170.5,175.1,176.3,174.2,171.2,169.0,167.8,167.5,168.8,171.1,174.1,175.1,175.1,174.9,174.2,173.0,172.0,172.9,172.2,170.4,168.4,167.5,168.2,170.0,172.1,168.1,166.6,168.4,172.5,176.4,177.9,176.4,174.2,171.6,169.9,169.2,169.9,171.3,173.5,175.4,176.5,176.9,176.6,175.8,173.8,174.6,173.9,172.3,170.6,169.9,170.5,172.1,-15.2,-13.1,-8.8,-4.9,-3.7,-5.4,-10.0,-13.9,-18.9,-16.4,-12.8,-8.2,-3.6,-0.1,2.2,-0.9,-5.0,-9.4,-13.3,-16.7,-11.1,-9.4,-7.6,-6.7,-7.2,-8.9,-10.8,-11.7,40.6,42.4,46.6,50.7,52.3,50.4,46.2,41.9,36.7,39.1,42.4,47.1,51.8,55.7,58.3,55.6,51.8,47.6,43.4,39.5,44.7,46.4,48.1,48.9,48.2,46.5,44.8,44.0,-79.5,-83.7,-84.9,-82.6,-78.0,-73.6,-72.6,-74.9,-78.7,-80.3,-80.9,-80.9,-79.7,-77.6,-74.8,-73.7,-73.5,-73.8,-74.8,-76.4,-77.1,-76.1,-76.7,-78.5,-80.5,-81.5,-80.9,-79.1,-82.6,-86.7,-88.3,-86.5,-82.3,-78.2,-76.6,-78.2,-80.7,-83.1,-84.6,-85.3,-84.8,-83.9,-82.0,-79.6,-78.1,-77.4,-77.8,-78.8,-80.9,-80.2,-80.9,-82.6,-84.3,-85.1,-84.4,-82.7,461.9,461.6,460.4,459.0,458.2,458.7,459.7,461.1,465.9,462.8,459.8,457.9,457.8,458.7,460.1,459.0,458.1,458.4,460.2,463.0,461.3,460.7,460.2,460.1,460.4,461.0,461.5,461.6,494.5,494.2,494.3,494.8,495.4,495.7,495.6,495.4,496.5,494.5,492.9,492.5,494.1,497.1,500.3,497.9,495.6,494.3,494.2,495.4,495.8,496.0,496.1,495.9,495.7,495.5,495.4,495.6,16.9,-41.4,496.4,0.297,0.23,0.034,0.17,0.0,0.0,0.0,0.0,0.39,0.0,0.0,0.0,0.0,0.06,0.29,0.0,0.0,0.31,0.34
-0.208075,0.342203,-0.916298,-0.233086,0.334417,-0.913146,-0.237,0.354,248.6,250.7,254.9,258.8,260.0,258.2,253.7,249.8,245.1,247.5,250.9,255.5,260.1,263.6,265.9,262.8,258.7,254.3,250.4,247.2,252.6,254.3,256.1,257.0,256.5,254.8,253.0,252.1,302.1,303.8,307.8,311.6,313.0,311.3,307.4,303.3,298.4,300.6,303.8,308.2,312.6,316.0,318.2,315.8,312.5,308.7,304.7,301.0,305.9,307.5,309.1,309.8,309.2,307.6,306.0,305.3,169.6,165.5,164.0,166.1,170.5,175.1,176.2,174.1,171.2,169.0,167.8,167.5,168.8,171.0,173.9,174.9,174.9,174.7,174.1,173.0,171.9,172.8,172.2,170.4,168.5,167.6,168.2,170.0,172.1,168.2,166.7,168.5,172.5,176.4,177.9,176.4,174.3,171.6,169.9,169.2,169.9,171.3,173.5,175.4,176.5,176.9,176.5,175.8,173.9,174.6,174.0,172.4,170.7,169.9,170.6,172.2,-15.5,-13.4,-9.1,-5.2,-4.0,-5.8,-10.3,-14.2,-19.1,-16.7,-13.1,-8.5,-3.8,-0.4,1.9,-1.2,-5.3,-9.7,-13.6,-16.9,-11.4,-9.8,-7.9,-7.0,-7.5,-9.2,-11.1,-12.0,40.8,42.6,46.8,50.9,52.5,50.7,46.5,42.1,37.0,39.2,42.5,47.1,51.9,55.9,58.6,55.8,52.0,47.8,43.5,39.7,44.9,46.6,48.4,49.1,48.5,46.7,45.0,44.2,-80.9,-85.0,-86.3,-83.9,-79.3,-74.9,-73.9,-76.3,-80.0,-81.6,-82.3,-82.3,-81.0,-78.9,-76.2,-75.1,-74.9,-75.1,-76.1,-77.7,-78.5,-77.5,-78.0,-79.8,-81.8,-82.8,-82.2,-80.4,-83.3,-87.4,-89.0,-87.2,-83.0,-78.9,-77.2,-78.9,-81.4,-83.9,-85.4,-86.0,-85.5,-84.6,-82.7,-80.3,-78.8,-78.2,-78.5,-79.6,-81.7,-80.9,-81.5,-83.3,-85.0,-85.8,-85.1,-83.4,469.6,469.4,468.2,466.7,465.9,466.2,467.3,468.7,473.5,470.4,467.5,465.5,465.4,466.4,467.7,466.5,465.6,466.0,467.8,470.6,468.9,468.3,467.8,467.7,468.1,468.7,469.2,469.3,499.4,499.0,499.0,499.3,499.8,500.2,500.2,500.2,501.5,499.4,497.7,497.1,498.5,501.3,504.5,502.2,500.0,498.8,498.9,500.3,500.5,500.7,500.6,500.5,500.3,500.1,500.2,500.3,16.6,-41.4,496.8,0.296,0.241,0.035,0.32,0.0,0.0,0.0,0.0,0.5,0.0,0.0,0.0,0.0,0.08,0.42,0.0,0.0,0.16,0.16
-0.208478,0.359634,-0.909506,-0.214764,0.340402,-0.915425,-0.228,0.366,248.6,250.5,254.6,258.3,259.6,257.9,253.6,249.8,245.1,247.3,250.6,255.0,259.6,263.0,265.4,262.4,258.3,254.0,250.2,247.1,252.5,254.1,255.8,256.6,256.1,254.5,252.8,252.0,302.1,303.9,307.8,311.6,313.0,311.2,307.3,303.3,298.1,300.4,303.6,308.0,312.3,315.8,317.9,315.5,312.1,308.3,304.3,300.7,305.8,307.4,309.1,309.8,309.2,307.6,306.0,305.2,170.4,166.3,164.8,166.7,171.0,175.4,176.6,174.7,172.2,169.9,168.5,168.0,169.1,171.2,174.1,175.0,175.2,175.1,174.6,173.8,172.5,173.3,172.7,170.9,169.1,168.3,169.0,170.7,172.8,169.0,167.5,169.3,173.3,177.2,178.6,177.1,174.8,172.3,170.7,170.1,170.9,172.2,174.4,176.3,177.4,177.7,177.3,176.4,174.6,175.3,174.7,173.1,171.4,170.7,171.3,172.9,-15.9,-13.9,-9.7,-5.8,-4.5,-6.2,-10.7,-14.6,-19.6,-17.3,-13.8,-9.2,-4.5,-1.0,1.4,-1.7,-5.9,-10.2,-14.2,-17.5,-11.8,-10.2,-8.4,-7.6,-8.1,-9.8,-11.5,-12.4,41.0,42.8,47.0,51.1,52.7,50.8,46.6,42.2,36.8,39.1,42.4,47.0,51.8,55.8,58.5,55.6,51.7,47.5,43.2,39.5,45.0,46.8,48.5,49.3,48.7,46.9,45.2,44.4,-82.2,-86.4,-87.7,-85.5,-80.9,-76.4,-75.4,-77.6,-81.0,-82.9,-83.8,-84.0,-82.8,-80.8,-78.0,-76.8,-76.6,-76.7,-77.5,-78.9,-79.9,-79.0,-79.5,-81.3,-83.2,-84.2,-83.6,-81.8,-82.9,-86.9,-88.5,-86.6,-82.5,-78.4,-76.8,-78.5,-81.2,-83.5,-84.9,-85.4,-84.8,-83.9,-82.0,-79.6,-78.2,-77.6,-78.1,-79.3,-81.2,-80.4,-81.1,-82.8,-84.6,-85.3,-84.7,-83.0,481.8,481.6,480.4,478.9,477.9,478.2,479.3,480.8,485.9,482.8,479.8,477.7,477.5,478.3,479.5,478.4,477.5,478.0,479.9,482.8,481.0,480.4,479.9,479.8,480.2,480.9,481.4,481.4,501.3,500.8,500.7,501.2,501.8,502.3,502.4,502.2,503.7,501.5,499.7,499.0,500.4,503.2,506.4,504.2,502.1,501.0,501.2,502.5,502.5,502.7,502.7,502.5,502.2,502.0,502.0,502.2,16.4,-41.0,497.6,0.308,0.25,0.035,0.49,0.0,0.0,0.0,0.0,0.64,0.0,0.0,0.0,0.0,0.09,0.47,0.0,0.0,0.08,0.06
-0.205362,0.367751,-0.906965,-0.219828,0.342167,-0.913563,-0.229,0.372,248.7,250.6,254.6,258.3,259.6,258.0,253.6,249.9,245.3,247.4,250.6,254.9,259.5,263.0,265.3,262.3,258.2,254.0,250.2,247.2,252.6,254.2,255.9,256.7,256.2,254.6,252.9,252.1,302.1,303.9,307.8,311.5,312.9,311.1,307.2,303.2,298.1,300.4,303.6,308.0,312.3,315.7,317.9,315.4,312.0,308.2,304.2,300.6,305.8,307.3,309.0,309.7,309.2,307.6,306.0,305.2,171.1,167.0,165.6,167.6,171.9,176.3,177.4,175.4,172.6,170.4,169.1,168.7,169.8,172.0,174.9,176.0,176.2,176.1,175.5,174.4,173.2,174.0,173.4,171.7,169.9,169.1,169.7,171.4,173.7,169.9,168.5,170.3,174.3,178.1,179.5,177.9,175.6,173.1,171.5,170.9,171.8,173.2,175.4,177.4,178.5,178.8,178.3,177.3,175.5,176.2,175.7,174.1,172.4,171.6,172.2,173.8,-15.8,-13.8,-9.6,-5.8,-4.5,-6.2,-10.7,-14.5,-19.5,-17.2,-13.8,-9.3,-4.6,-1.0,1.4,-1.8,-5.9,-10.3,-14.2,-17.4,-11.7,-10.1,-8.4,-7.5,-8.1,-9.7,-11.4,-12.3,41.0,42.9,47.1,51.1,52.6,50.7,46.5,42.2,36.9,39.1,42.4,47.1,51.9,55.8,58.6,55.6,51.7,47.5,43.2,39.5,45.0,46.7,48.5,49.3,48.7,47.0,45.2,44.4,-81.5,-85.6,-86.9,-84.6,-80.0,-75.6,-74.7,-77.0,-80.7,-82.4,-83.2,-83.3,-82.0,-80.0,-77.2,-75.9,-75.6,-75.8,-76.7,-78.3,-79.2,-78.3,-78.8,-80.5,-82.4,-83.4,-82.9,-81.1,-82.0,-86.0,-87.5,-85.6,-81.5,-77.4,-75.9,-77.7,-80.4,-82.8,-84.2,-84.6,-84.0,-82.9,-81.0,-78.5,-77.0,-76.6,-77.1,-78.4,-80.3,-79.5,-80.1,-81.8,-83.6,-84.4,-83.8,-82.1,482.1,481.6,480.3,478.8,478.1,478.7,479.9,481.4,486.4,483.2,480.0,477.8,477.5,478.4,479.7,478.7,478.0,478.6,480.6,483.5,481.4,480.8,480.2,480.0,480.3,480.9,481.5,481.7,501.8,501.3,501.2,501.5,502.2,502.7,502.8,502.7,504.3,502.1,500.2,499.4,500.8,503.6,506.7,504.6,502.5,501.5,501.7,503.1,503.0,503.1,503.1,502.9,502.6,502.5,502.5,502.7,16.2,-40.1,496.9,0.315,0.261,0.033,0.6,0.0,0.0,0.0,0.0,0.65,0.0,0.0,0.0,0.0,0.06,0.5,0.0,0.0,0.02,0.0
-0.200688,0.360599,-0.910875,-0.215442,0.34145,-0.914875,-0.224,0.367,248.8,250.7,254.7,258.4,259.7,258.1,253.7,250.0,245.4,247.4,250.6,255.0,259.6,263.0,265.4,262.3,258.3,254.0,250.3,247.3,252.7,254.3,256.0,256.8,256.2,254.7,253.0,252.2,302.1,303.9,307.8,311.5,312.9,311.1,307.2,303.2,298.0,300.3,303.5,307.9,312.3,315.7,317.9,315.4,312.0,308.1,304.1,300.5,305.8,307.3,309.0,309.8,309.2,307.6,305.9,305.2,171.0,166.9,165.5,167.5,171.8,176.2,177.3,175.3,172.5,170.3,169.1,168.7,169.8,172.0,174.9,176.0,176.3,176.2,175.5,174.4,173.1,173.9,173.3,171.6,169.8,169.0,169.6,171.3,173.7,169.8,168.4,170.2,174.2,178.1,179.5,177.9,175.5,173.0,171.4,170.9,171.7,173.2,175.5,177.3,178.3,178.6,178.1,177.2,175.5,176.2,175.6,174.0,172.3,171.6,172.2,173.8,-15.7,-13.7,-9.5,-5.7,-4.4,-6.0,-10.5,-14.4,-19.4,-17.2,-13.7,-9.2,-4.5,-1.0,1.4,-1.7,-5.9,-10.2,-14.1,-17.3,-11.6,-10.0,-8.2,-7.4,-8.0,-9.6,-11.3,-12.1,40.9,42.8,47.0,51.1,52.6,50.7,46.5,42.1,36.8,39.0,42.4,47.0,51.8,55.7,58.5,55.5,51.6,47.3,43.1,39.3,45.0,46.7,48.5,49.3,48.6,46.9,45.1,44.3,-81.4,-85.5,-86.7,-84.4,-79.9,-75.5,-74.5,-76.8,-80.5,-82.2,-82.9,-83.0,-81.7,-79.7,-76.9,-75.6,-75.3,-75.5,-76.4,-78.1,-79.1,-78.1,-78.7,-80.4,-82.3,-83.2,-82.7,-81.0,-82.0,-86.1,-87.6,-85.7,-81.5,-77.4,-75.9,-77.6,-80.4,-82.8,-84.2,-84.7,-84.0,-82.9,-80.9,-78.5,-77.1,-76.6,-77.2,-78.4,-80.3,-79.5,-80.1,-81.8,-83.6,-84.4,-83.8,-82.0,480.4,479.9,478.6,477.2,476.5,477.2,478.4,479.8,484.8,481.6,478.3,476.1,475.9,476.8,478.2,477.3,476.6,477.1,479.1,481.9,479.8,479.2,478.7,478.4,478.7,479.3,479.9,480.1,501.4,501.0,501.0,501.4,501.8,502.2,502.2,502.2,503.8,501.7,500.0,499.2,500.6,503.3,506.3,504.1,502.0,500.9,501.1,502.5,502.5,502.7,502.7,502.5,502.3,502.2,502.2,502.3,16.2,-40.1,496.8,0.315,0.26,0.034,0.6,0.0,0.0,0.0,0.0,0.64,0.0,0.0,0.0,0.0,0.04,0.41,0.0,0.0,0.04,0.0
-0.206623,0.358582,-0.910344,-0.221563,0.357533,-0.907237,-0.231,0.375,248.7,250.7,254.8,258.6,259.8,258.1,253.7,249.9,245.2,247.3,250.7,255.2,259.8,263.3,265.5,262.5,258.4,254.0,250.2,247.1,252.7,254.3,256.0,256.8,256.3,254.7,253.0,252.2,302.1,303.8,307.7,311.4,312.9,311.2,307.3,303.3,298.1,300.3,303.6,307.9,312.3,315.7,317.9,315.5,312.1,308.2,304.3,300.6,305.8,307.4,309.0,309.7,309.1,307.5,305.9,305.2,171.6,167.6,166.2,168.3,172.6,177.1,178.1,176.0,173.1,170.9,169.8,169.4,170.7,172.9,175.8,176.9,177.1,176.9,176.2,175.0,173.8,174.7,174.1,172.4,170.6,169.7,170.3,172.0,174.9,171.1,169.6,171.3,175.3,179.1,180.6,179.1,176.8,174.1,172.4,171.7,172.5,173.9,176.3,178.2,179.3,179.6,179.2,178.4,176.6,177.3,176.7,175.1,173.5,172.8,173.4,175.0,-15.6,-13.5,-9.3,-5.5,-4.2,-5.9,-10.5,-14.3,-19.3,-17.0,-13.5,-8.9,-4.2,-0.8,1.6,-1.5,-5.7,-10.1,-14.0,-17.2,-11.5,-9.9,-8.1,-7.3,-7.8,-9.4,-11.2,-12.0,41.0,42.9,47.0,51.1,52.7,50.9,46.7,42.3,36.9,39.2,42.5,47.1,51.9,55.9,58.6,55.7,51.8,47.6,43.3,39.5,45.1,46.8,48.6,49.3,48.7,47.0,45.2,44.5,-79.8,-83.8,-85.0,-82.6,-78.1,-73.8,-72.9,-75.2,-79.0,-80.7,-81.3,-81.3,-80.0,-77.9,-75.2,-74.0,-73.7,-73.9,-74.9,-76.6,-77.5,-76.5,-77.0,-78.7,-80.6,-81.6,-81.1,-79.4,-80.8,-84.9,-86.5,-84.7,-80.6,-76.5,-74.8,-76.4,-79.2,-81.7,-83.3,-84.0,-83.4,-82.3,-80.2,-77.8,-76.3,-75.8,-76.2,-77.3,-79.2,-78.5,-79.1,-80.8,-82.6,-83.3,-82.6,-81.0,475.0,474.5,473.2,471.9,471.3,472.0,473.1,474.4,479.3,476.2,473.0,470.9,470.8,471.8,473.2,472.2,471.4,471.9,473.7,476.5,474.5,473.9,473.4,473.2,473.4,474.0,474.5,474.7,502.6,502.2,502.2,502.6,503.2,503.5,503.5,503.4,504.9,502.8,501.1,500.4,501.9,504.7,507.8,505.5,503.3,502.2,502.3,503.7,503.8,503.9,503.9,503.8,503.6,503.4,503.4,503.5,16.4,-39.2,497.6,0.322,0.263,0.032,0.53,0.0,0.0,0.0,0.0,0.55,0.0,0.0,0.0,0.0,0.05,0.37,0.0,0.01,0.15,0.0
-0.195067,0.355478,-0.914103,-0.26632,0.252305,-0.930277,-0.245,0.318,249.9,251.8,256.0,259.8,261.2,259.5,255.1,251.2,246.3,248.4,251.8,256.2,260.8,264.4,266.9,263.8,259.6,255.2,251.4,248.3,254.0,255.6,257.3,258.1,257.6,256.0,254.2,253.4,303.1,305.3,309.6,313.5,314.6,312.4,308.1,304.0,299.5,301.4,304.5,309.2,314.7,319.2,322.3,318.5,313.9,309.3,305.0,301.5,307.2,308.8,310.6,311.5,311.0,309.4,307.7,306.8,172.0,167.8,166.3,168.4,172.8,177.3,178.5,176.4,173.1,171.0,169.8,169.5,170.6,172.8,175.7,176.8,177.0,176.9,176.2,175.0,174.1,175.0,174.3,172.6,170.7,169.9,170.5,172.2,174.1,169.9,168.6,170.8,175.4,179.6,181.0,179.0,177.1,174.2,172.3,171.8,173.4,175.8,179.2,181.1,181.7,181.5,180.6,179.3,176.5,177.4,176.9,175.1,173.2,172.3,172.9,174.6,-14.2,-12.2,-8.0,-4.2,-2.8,-4.5,-9.0,-12.9,-18.0,-15.7,-12.3,-7.8,-3.1,0.4,2.9,-0.2,-4.4,-8.8,-12.7,-15.9,-10.1,-8.4,-6.7,-5.9,-6.4,-8.1,-9.8,-10.6,35.8,37.8,41.6,45.0,45.9,44.0,40.2,36.6,32.7,34.3,36.9,41.0,45.9,50.2,53.3,49.6,45.4,41.2,37.4,34.4,39.5,40.9,42.5,43.3,42.9,41.5,39.9,39.1,-78.5,-82.6,-83.9,-81.5,-77.0,-72.6,-71.7,-74.0,-78.1,-79.7,-80.3,-80.3,-79.1,-77.0,-74.4,-73.1,-72.8,-73.0,-74.0,-75.7,-76.3,-75.3,-75.8,-77.5,-79.4,-80.4,-79.9,-78.2,-69.4,-73.2,-74.2,-71.9,-67.7,-63.9,-62.8,-64.9,-67.3,-69.5,-70.8,-70.9,-69.4,-67.4,-64.7,-62.7,-62.0,-62.2,-63.3,-64.9,-67.2,-66.2,-66.7,-68.2,-70.0,-70.9,-70.5,-68.9,469.4,468.8,467.4,466.1,465.5,466.3,467.5,468.8,473.9,470.6,467.3,465.1,464.9,465.8,467.2,466.2,465.5,466.1,468.0,471.0,468.8,468.2,467.7,467.4,467.6,468.2,468.8,469.0,427.0,426.6,425.4,424.1,423.5,423.8,425.0,426.6,430.4,427.9,425.2,423.1,423.0,424.3,426.5,424.8,423.9,424.1,425.5,428.2,426.4,425.9,425.4,425.2,425.5,426.0,426.5,426.7,17.4,-38.9,495.8,0.316,0.258,0.037,0.51,0.0,0.0,0.02,0.0,0.52,0.0,0.0,0.0,0.0,0.05,0.41,0.0,0.02,0.22,0.0
-0.214211,0.347658,-0.912824,-0.251652,0.259085,-0.932495,-0.247,0.318,250.1,252.1,256.2,260.0,261.3,259.7,255.2,251.4,246.8,248.9,252.2,256.6,261.3,264.9,267.4,264.2,260.0,255.6,251.8,248.7,254.2,255.8,257.5,258.3,257.8,256.2,254.5,253.7,303.9,306.1,310.4,314.3,315.4,313.2,308.9,304.8,300.0,302.0,305.2,310.0,315.4,319.9,322.9,319.1,314.6,310.0,305.6,302.1,308.0,309.6,311.4,312.3,311.8,310.2,308.4,307.5,171.8,167.6,166.2,168.3,172.7,177.2,178.4,176.3,173.1,171.0,169.9,169.5,170.7,172.9,175.8,176.9,177.0,176.8,176.2,175.0,174.0,174.9,174.3,172.5,170.7,169.8,170.4,172.1,174.3,170.1,168.7,170.9,175.5,179.7,181.1,179.1,177.2,174.2,172.2,171.7,173.4,175.9,179.4,181.1,181.6,181.3,180.4,179.3,176.6,177.5,177.0,175.2,173.3,172.4,173.0,174.7,-13.9,-11.9,-7.8,-4.0,-2.7,-4.3,-8.8,-12.6,-17.4,-15.3,-11.8,-7.4,-2.7,0.9,3.4,0.2,-4.0,-8.3,-12.2,-15.4,-9.8,-8.2,-6.5,-5.7,-6.2,-7.8,-9.5,-10.4,36.6,38.7,42.5,45.9,46.9,44.9,41.0,37.4,33.3,35.0,37.7,41.9,46.8,51.0,54.0,50.4,46.1,41.9,38.1,35.1,40.3,41.7,43.3,44.2,43.8,42.4,40.8,39.9,-78.6,-82.6,-83.8,-81.5,-76.9,-72.6,-71.7,-74.0,-78.0,-79.6,-80.1,-80.1,-78.8,-76.8,-74.1,-72.9,-72.7,-73.0,-73.9,-75.6,-76.3,-75.3,-75.8,-77.5,-79.4,-80.4,-79.9,-78.2,-69.5,-73.4,-74.5,-72.2,-67.9,-64.1,-63.0,-65.0,-67.4,-69.7,-71.1,-71.3,-69.7,-67.6,-64.8,-62.9,-62.4,-62.6,-63.6,-65.1,-67.3,-66.4,-66.8,-68.4,-70.2,-71.1,-70.7,-69.1,468.8,468.2,466.7,465.2,464.7,465.5,466.8,468.3,473.3,470.0,466.7,464.4,464.1,465.0,466.4,465.5,464.8,465.4,467.4,470.4,468.2,467.6,466.9,466.6,466.9,467.5,468.1,468.4,428.5,428.3,427.3,426.0,425.2,425.4,426.5,428.1,431.9,429.5,426.9,424.9,424.8,426.1,428.3,426.5,425.5,425.6,427.0,429.6,428.0,427.5,427.0,426.9,427.2,427.8,428.2,428.3,18.0,-38.9,495.3,0.316,0.254,0.037,0.47,0.0,0.0,0.02,0.0,0.55,0.0,0.0,0.0,0.0,0.02,0.46,0.0,0.03,0.25,0.0
-0.190809,0.383917,-0.903437,-0.184639,0.341826,-0.921446,-0.203,0.379,250.8,252.8,256.9,260.7,262.0,260.3,255.9,252.1,247.2,249.4,252.7,257.1,261.7,265.2,267.6,264.5,260.4,256.1,252.3,249.2,254.9,256.4,258.2,259.0,258.5,256.9,255.2,254.3,304.5,306.3,310.2,314.1,315.6,313.8,309.8,305.7,300.0,302.3,305.6,310.1,314.5,317.9,320.1,317.7,314.3,310.5,306.4,302.6,308.3,309.8,311.5,312.2,311.6,310.0,308.4,307.7,171.9,167.8,166.4,168.5,172.8,177.3,178.4,176.3,173.1,171.0,169.8,169.5,170.7,172.9,175.8,176.8,177.0,176.8,176.2,175.0,174.1,174.9,174.3,172.6,170.8,169.9,170.5,172.2,174.7,170.7,169.2,171.0,175.0,179.0,180.6,179.1,177.0,174.2,172.4,171.7,172.5,173.9,176.3,178.2,179.2,179.6,179.3,178.5,176.4,177.2,176.5,174.9,173.2,172.5,173.1,174.8,-13.5,-11.4,-7.2,-3.3,-2.0,-3.7,-8.3,-12.2,-17.3,-15.0,-11.5,-7.0,-2.3,1.2,3.6,0.5,-3.7,-8.0,-12.0,-15.2,-9.4,-7.7,-6.0,-5.1,-5.6,-7.3,-9.0,-9.9,42.7,44.5,48.7,52.8,54.5,52.6,48.4,44.0,38.1,40.4,43.7,48.4,53.2,57.1,59.8,57.0,53.1,48.9,44.7,40.8,46.8,48.5,50.2,51.0,50.3,48.6,46.9,46.1,-79.9,-84.0,-85.3,-82.9,-78.4,-74.0,-73.1,-75.4,-79.4,-81.1,-81.7,-81.7,-80.5,-78.4,-75.7,-74.5,-74.2,-74.4,-75.4,-77.1,-77.6,-76.7,-77.2,-78.9,-80.8,-81.8,-81.3,-79.6,-79.3,-83.5,-85.2,-83.4,-79.2,-75.0,-73.3,-74.9,-77.3,-79.9,-81.5,-82.2,-81.6,-80.6,-78.6,-76.2,-74.7,-74.2,-74.5,-75.5,-77.7,-77.0,-77.7,-79.4,-81.1,-81.9,-81.2,-79.4,477.7,477.2,476.0,474.7,474.1,474.8,475.9,477.2,482.2,479.0,475.8,473.7,473.5,474.5,475.9,474.9,474.1,474.6,476.4,479.3,477.2,476.7,476.2,476.0,476.2,476.7,477.3,477.5,491.6,491.4,491.7,492.4,493.0,493.2,492.8,492.4,493.9,491.9,490.3,489.8,491.4,494.3,497.4,495.1,492.8,491.5,491.5,492.8,493.0,493.3,493.5,493.4,493.1,492.9,492.7,492.8,18.5,-39.2,497.6,0.326,0.255,0.033,0.54,0.0,0.0,0.06,0.0,0.56,0.0,0.0,0.0,0.0,0.0,0.48,0.0,0.02,0.2,0.0
-0.199289,0.38078,-0.902934,-0.191078,0.344414,-0.919167,-0.211,0.379,251.0,253.0,257.1,260.8,262.0,260.3,255.9,252.1,247.5,249.5,252.8,257.2,261.9,265.4,267.9,264.7,260.5,256.1,252.3,249.3,255.0,256.5,258.2,259.0,258.5,257.0,255.3,254.5,304.5,306.3,310.2,314.0,315.5,313.7,309.8,305.7,300.1,302.4,305.7,310.2,314.6,318.0,320.1,317.7,314.3,310.5,306.4,302.7,308.2,309.8,311.5,312.2,311.6,310.0,308.4,307.6,172.0,167.9,166.6,168.8,173.2,177.7,178.7,176.5,173.2,171.0,169.9,169.6,171.0,173.3,176.4,177.4,177.4,177.2,176.4,175.1,174.2,175.1,174.6,172.9,171.1,170.2,170.7,172.4,174.9,171.0,169.4,171.2,175.2,179.1,180.7,179.2,177.0,174.3,172.6,171.9,172.6,173.9,176.1,178.2,179.5,179.9,179.6,178.7,176.5,177.3,176.6,175.0,173.3,172.6,173.3,174.9,-13.1,-11.0,-6.9,-3.2,-2.0,-3.7,-8.1,-11.9,-16.7,-14.6,-11.2,-6.8,-2.1,1.4,3.9,0.7,-3.5,-7.8,-11.7,-14.8,-9.0,-7.5,-5.8,-5.0,-5.5,-7.0,-8.7,-9.5,42.7,44.5,48.7,52.8,54.4,52.6,48.4,44.0,38.2,40.5,43.8,48.5,53.3,57.2,59.8,57.0,53.2,49.0,44.8,40.9,46.8,48.5,50.2,51.0,50.3,48.6,46.9,46.1,-78.2,-82.2,-83.3,-80.8,-76.3,-72.1,-71.3,-73.7,-77.9,-79.5,-80.0,-79.9,-78.5,-76.3,-73.4,-72.3,-72.2,-72.6,-73.6,-75.4,-75.9,-74.9,-75.3,-77.0,-78.8,-79.8,-79.4,-77.8,-79.1,-83.2,-84.9,-83.2,-79.1,-75.0,-73.3,-74.9,-77.3,-79.8,-81.4,-82.0,-81.5,-80.7,-78.8,-76.2,-74.6,-73.9,-74.3,-75.4,-77.7,-77.0,-77.6,-79.3,-81.0,-81.7,-81.0,-79.4,468.2,467.5,465.9,464.5,464.0,464.9,466.3,467.7,473.1,469.6,466.1,463.7,463.3,464.2,465.6,464.8,464.2,465.0,467.0,470.0,467.6,467.0,466.3,466.0,466.2,466.8,467.4,467.8,491.9,491.4,491.6,492.3,493.2,493.7,493.5,493.1,494.4,492.1,490.4,489.8,491.5,494.5,497.8,495.7,493.5,492.3,492.2,493.4,493.4,493.8,493.8,493.6,493.3,492.9,492.9,493.1,18.7,-38.9,497.0,0.326,0.256,0.029,0.57,0.02,0.0,0.1,0.0,0.54,0.0,0.0,0.0,0.0,0.0,0.44,0.0,0.04,0.15,0.02
-0.198555,0.373517,-0.906124,-0.196654,0.344127,-0.918098,-0.213,0.375,250.8,252.8,256.9,260.6,261.9,260.2,255.8,252.1,247.3,249.4,252.7,257.1,261.7,265.2,267.5,264.5,260.4,256.1,252.3,249.2,254.8,256.4,258.1,258.9,258.4,256.8,255.2,254.3,304.4,306.2,310.2,314.0,315.4,313.7,309.7,305.6,300.1,302.3,305.7,310.2,314.6,318.0,320.1,317.7,314.3,310.4,306.4,302.7,308.2,309.8,311.4,312.1,311.5,310.0,308.3,307.6,172.0,167.9,166.6,168.7,173.1,177.4,178.5,176.3,173.1,171.1,170.0,169.7,170.9,173.1,176.1,177.1,177.2,177.1,176.3,175.1,174.1,175.0,174.4,172.8,171.0,170.1,170.6,172.3,174.9,171.0,169.5,171.2,175.2,179.1,180.7,179.1,177.1,174.4,172.6,171.9,172.6,173.9,176.2,178.4,179.6,180.1,179.7,178.8,176.6,177.3,176.6,175.0,173.4,172.6,173.3,174.9,-13.5,-11.4,-7.2,-3.4,-2.2,-3.9,-8.4,-12.2,-17.2,-15.0,-11.5,-7.0,-2.3,1.2,3.6,0.5,-3.7,-8.0,-12.0,-15.2,-9.4,-7.8,-6.1,-5.2,-5.7,-7.3,-9.0,-9.9,42.5,44.3,48.4,52.5,54.1,52.3,48.1,43.8,38.1,40.3,43.6,48.2,53.0,57.0,59.6,56.8,53.0,48.8,44.5,40.7,46.5,48.2,49.9,50.7,50.0,48.3,46.6,45.9,-79.9,-84.0,-85.1,-82.7,-78.2,-73.9,-73.0,-75.4,-79.5,-81.1,-81.6,-81.5,-80.2,-78.2,-75.4,-74.2,-74.0,-74.2,-75.3,-77.0,-77.7,-76.7,-77.1,-78.8,-80.7,-81.7,-81.2,-79.5,-78.8,-82.8,-84.5,-82.7,-78.7,-74.7,-73.0,-74.6,-77.0,-79.5,-81.0,-81.6,-81.1,-80.3,-78.4,-75.8,-74.1,-73.5,-73.9,-75.0,-77.3,-76.6,-77.3,-79.0,-80.7,-81.4,-80.7,-79.0,478.0,477.3,475.9,474.7,474.3,475.2,476.4,477.6,482.5,479.2,475.9,473.8,473.6,474.6,476.2,475.2,474.5,475.0,476.9,479.7,477.6,477.0,476.5,476.2,476.3,476.9,477.4,477.7,489.9,489.3,489.4,490.1,491.0,491.6,491.5,491.1,492.5,490.2,488.4,487.7,489.4,492.4,495.7,493.6,491.5,490.3,490.3,491.5,491.4,491.7,491.7,491.5,491.1,490.8,490.8,491.0,18.7,-38.9,497.1,0.326,0.258,0.028,0.6,0.04,0.0,0.1,0.0,0.36,0.0,0.0,0.0,0.0,0.03,0.41,0.02,0.03,0.15,0.03
-0.20303,0.375949,-0.904125,-0.190606,0.333932,-0.923124,-0.212,0.371,250.9,252.9,256.9,260.6,261.9,260.2,255.9,252.1,247.5,249.5,252.7,257.1,261.7,265.2,267.6,264.5,260.4,256.1,252.3,249.4,254.9,256.4,258.1,258.9,258.4,256.9,255.2,254.4,304.5,306.3,310.3,314.1,315.6,313.7,309.7,305.6,300.0,302.3,305.7,310.2,314.7,318.1,320.1,317.7,314.3,310.4,306.3,302.6,308.2,309.8,311.5,312.2,311.7,310.1,308.4,307.7,171.9,167.9,166.6,168.8,173.2,177.5,178.5,176.3,172.9,170.9,169.9,169.7,171.0,173.2,176.1,177.2,177.4,177.1,176.3,174.9,174.1,175.0,174.5,172.8,171.0,170.1,170.6,172.3,174.9,171.0,169.5,171.2,175.2,179.1,180.6,179.1,177.2,174.4,172.6,171.9,172.6,173.9,176.2,178.6,180.1,180.6,180.1,179.0,176.5,177.2,176.6,175.0,173.3,172.6,173.2,174.8,-13.4,-11.3,-7.2,-3.4,-2.2,-3.8,-8.3,-12.1,-17.0,-14.8,-11.4,-7.0,-2.3,1.3,3.7,0.5,-3.7,-8.0,-11.9,-15.0,-9.3,-7.7,-6.0,-5.2,-5.7,-7.2,-9.0,-9.8,41.9,43.7,47.8,51.8,53.4,51.6,47.5,43.1,37.4,39.6,42.9,47.6,52.3,56.2,58.7,56.0,52.2,48.0,43.8,40.0,45.9,47.5,49.3,50.0,49.4,47.7,46.0,45.2,-79.7,-83.6,-84.7,-82.2,-77.8,-73.5,-72.7,-75.2,-79.5,-81.0,-81.4,-81.2,-79.9,-77.8,-75.0,-73.9,-73.6,-73.9,-75.0,-76.9,-77.4,-76.4,-76.8,-78.5,-80.3,-81.3,-80.9,-79.3,-77.6,-81.5,-83.1,-81.5,-77.5,-73.6,-72.0,-73.5,-75.7,-78.2,-79.8,-80.3,-79.9,-79.0,-77.2,-74.4,-72.6,-71.9,-72.4,-73.6,-76.2,-75.5,-76.2,-77.8,-79.5,-80.2,-79.5,-77.9,476.3,475.4,473.8,472.5,472.3,473.4,474.8,476.1,480.9,477.5,474.1,471.8,471.5,472.6,474.1,473.4,472.7,473.4,475.3,478.2,475.8,475.3,474.6,474.2,474.3,474.9,475.5,475.9,482.2,481.6,481.7,482.5,483.6,484.2,484.1,483.6,485.0,482.6,480.7,480.0,481.8,484.9,488.4,486.4,484.4,483.2,483.1,484.2,483.8,484.2,484.2,484.0,483.5,483.2,483.1,483.4,18.7,-38.8,496.4,0.328,0.263,0.027,0.62,0.04,0.0,0.09,0.0,0.26,0.0,0.0,0.0,0.0,0.04,0.37,0.02,0.01,0.16,0.15
-0.195755,0.355638,-0.913894,-0.241395,0.265583,-0.933378,-0.232,0.324,250.7,252.7,256.8,260.6,261.9,260.2,255.7,251.9,247.0,249.2,252.6,257.0,261.6,265.1,267.4,264.3,260.2,256.0,252.1,249.0,254.7,256.3,258.0,258.9,258.3,256.7,255.0,254.2,303.9,306.1,310.4,314.4,315.7,313.5,309.1,304.9,299.9,301.9,305.1,309.9,315.2,319.6,322.7,319.1,314.5,310.0,305.6,302.0,308.1,309.7,311.5,312.4,311.9,310.3,308.5,307.5,171.1,167.1,165.7,167.9,172.2,176.6,177.7,175.5,172.2,170.1,169.1,168.8,170.1,172.3,175.2,176.2,176.3,176.1,175.4,174.1,173.3,174.2,173.7,171.9,170.1,169.2,169.8,171.5,173.8,169.5,168.0,170.1,174.5,178.7,180.3,178.5,177.0,173.8,171.6,170.9,172.4,174.8,178.3,180.0,180.5,180.4,179.7,178.9,176.0,176.9,176.2,174.5,172.6,171.8,172.4,174.2,-13.6,-11.5,-7.3,-3.4,-2.2,-3.9,-8.4,-12.3,-17.6,-15.2,-11.6,-7.1,-2.4,1.1,3.5,0.3,-3.8,-8.2,-12.1,-15.4,-9.5,-7.9,-6.1,-5.2,-5.8,-7.4,-9.2,-10.1,37.0,39.0,43.0,46.5,47.6,45.5,41.6,37.8,33.5,35.2,38.0,42.2,47.1,51.3,54.4,50.8,46.5,42.3,38.4,35.3,40.8,42.3,43.9,44.7,44.3,42.8,41.2,40.3,-80.6,-84.6,-85.8,-83.4,-78.9,-74.6,-73.7,-76.0,-80.3,-81.8,-82.3,-82.2,-80.9,-78.9,-76.1,-75.0,-74.7,-75.0,-76.1,-77.8,-78.3,-77.3,-77.8,-79.5,-81.4,-82.4,-81.9,-80.2,-70.6,-74.6,-75.9,-73.8,-69.5,-65.6,-64.3,-66.1,-68.2,-70.7,-72.4,-72.8,-71.4,-69.3,-66.4,-64.6,-63.9,-64.0,-64.8,-66.0,-68.5,-67.6,-68.1,-69.8,-71.6,-72.5,-71.9,-70.3,476.8,476.2,474.9,473.7,473.4,474.2,475.3,476.4,481.3,478.0,474.8,472.7,472.7,473.8,475.3,474.3,473.5,473.9,475.7,478.4,476.4,475.9,475.4,475.1,475.3,475.8,476.3,476.6,432.4,432.6,431.9,430.6,429.6,429.3,430.0,431.6,435.6,433.4,431.1,429.3,429.2,430.5,432.4,430.4,429.2,429.2,430.6,433.2,431.9,431.3,431.0,431.1,431.6,432.1,432.4,432.3,18.3,-39.4,494.2,0.314,0.264,0.032,0.61,0.05,0.0,0.06,0.0,0.15,0.0,0.0,0.0,0.0,0.04,0.39,0.02,0.0,0.11,0.13
-0.191399,0.353306,-0.915719,-0.259087,0.253547,-0.931981,-0.239,0.317,250.7,252.9,257.0,260.8,261.9,260.1,255.6,251.8,247.2,249.2,252.5,256.9,261.6,265.2,267.6,264.3,260.1,255.7,251.9,248.9,254.7,256.3,258.1,259.0,258.5,256.9,255.1,254.2,303.8,306.1,310.4,314.2,315.3,313.0,308.7,304.6,300.0,302.1,305.3,310.0,315.2,319.6,322.7,318.9,314.3,309.8,305.5,302.1,307.9,309.5,311.2,312.2,311.7,310.2,308.4,307.5,170.6,166.5,165.1,167.3,171.8,176.3,177.3,175.1,172.0,169.7,168.5,168.2,169.7,172.1,175.3,176.1,176.1,175.8,175.0,173.8,173.0,173.9,173.3,171.5,169.6,168.7,169.3,171.0,173.1,168.9,167.4,169.6,174.0,178.2,179.7,177.9,176.0,173.1,171.0,170.5,172.1,174.7,178.1,179.5,179.7,179.4,178.6,177.7,175.4,176.3,175.7,173.9,172.1,171.2,171.8,173.5,-13.2,-11.0,-6.9,-3.2,-2.1,-3.8,-8.3,-12.0,-16.8,-14.7,-11.3,-6.9,-2.3,1.2,3.5,0.3,-3.9,-8.1,-12.0,-15.0,-9.2,-7.6,-5.9,-5.0,-5.4,-7.0,-8.8,-9.7,37.1,39.3,43.2,46.6,47.5,45.3,41.4,37.8,33.9,35.6,38.4,42.5,47.4,51.5,54.6,50.9,46.5,42.3,38.5,35.5,40.9,42.2,43.8,44.7,44.4,43.0,41.4,40.5,-78.6,-82.6,-83.7,-81.3,-76.7,-72.4,-71.6,-74.0,-78.0,-79.7,-80.3,-80.2,-78.7,-76.4,-73.5,-72.5,-72.5,-72.9,-74.0,-75.7,-76.1,-75.1,-75.6,-77.3,-79.2,-80.2,-79.8,-78.1,-71.7,-75.7,-76.8,-74.6,-70.2,-66.4,-65.2,-67.1,-69.5,-71.9,-73.4,-73.5,-72.0,-69.8,-66.9,-65.3,-65.0,-65.3,-66.3,-67.5,-69.5,-68.5,-69.0,-70.6,-72.4,-73.3,-72.8,-71.2,461.9,461.4,459.9,458.3,457.6,458.2,459.5,461.1,466.7,463.4,459.9,457.6,457.0,457.7,458.9,458.0,457.5,458.3,460.4,463.5,461.1,460.4,459.8,459.6,459.9,460.6,461.2,461.4,435.1,435.3,434.3,432.8,431.6,431.4,432.4,434.2,438.3,436.0,433.6,431.6,431.3,432.3,434.1,432.2,431.2,431.4,433.0,435.7,434.3,433.7,433.3,433.4,433.8,434.5,434.9,434.8,18.1,-40.2,494.9,0.302,0.268,0.036,0.62,0.17,0.0,0.06,0.0,0.05,0.0,0.0,0.0,0.0,0.06,0.37,0.0,0.0,0.1,0.12
-0.208642,0.362398,-0.90837,-0.293786,0.246708,-0.923485,-0.268,0.321,250.6,252.6,256.7,260.3,261.5,259.8,255.4,251.8,247.2,249.2,252.4,256.7,261.3,264.9,267.4,264.3,260.1,255.7,252.0,249.0,254.6,256.1,257.7,258.6,258.1,256.6,254.9,254.1,304.0,306.1,310.2,313.9,315.0,312.9,308.8,304.9,300.8,302.5,305.4,310.0,315.4,319.9,323.0,319.2,314.6,310.1,306.0,302.7,308.0,309.5,311.2,312.1,311.6,310.1,308.4,307.5,170.8,166.7,165.3,167.4,171.8,176.2,177.3,175.2,172.0,169.9,168.7,168.4,169.6,171.8,174.6,175.6,175.7,175.5,174.9,173.8,172.9,173.8,173.2,171.6,169.8,168.9,169.5,171.1,173.0,168.8,167.6,169.9,174.5,178.6,179.9,177.8,175.6,172.7,171.0,170.7,172.4,174.8,178.1,180.2,181.0,180.8,179.7,178.1,175.3,176.3,175.7,174.1,172.2,171.2,171.7,173.4,-13.7,-11.6,-7.5,-3.7,-2.5,-4.2,-8.7,-12.4,-17.3,-15.1,-11.8,-7.4,-2.7,0.9,3.5,0.3,-4.0,-8.3,-12.2,-15.3,-9.6,-8.0,-6.3,-5.5,-6.0,-7.5,-9.2,-10.1,36.8,38.7,42.3,45.5,46.5,44.7,41.1,37.6,34.1,35.5,37.9,41.9,46.8,51.0,54.2,50.6,46.3,42.2,38.5,35.7,40.5,41.8,43.3,44.0,43.6,42.3,40.8,40.0,-80.7,-84.8,-85.9,-83.5,-78.9,-74.6,-73.7,-76.1,-80.2,-81.8,-82.4,-82.4,-81.1,-79.0,-76.3,-75.1,-75.0,-75.3,-76.2,-77.9,-78.4,-77.4,-77.9,-79.5,-81.4,-82.4,-81.9,-80.2,-70.9,-74.6,-75.5,-73.1,-68.9,-65.2,-64.3,-66.5,-69.1,-71.2,-72.4,-72.2,-70.6,-68.7,-66.0,-63.8,-63.0,-63.3,-64.5,-66.4,-68.7,-67.7,-68.1,-69.6,-71.3,-72.3,-71.9,-70.4,475.4,474.8,473.3,471.7,471.0,471.7,473.1,474.7,480.1,476.7,473.3,470.9,470.4,471.2,472.4,471.5,470.9,471.7,473.8,476.9,474.6,473.9,473.3,473.1,473.4,474.0,474.6,474.9,429.6,428.8,427.2,425.9,425.5,426.4,427.9,429.7,433.1,430.3,427.4,425.0,424.8,426.1,428.4,427.1,426.5,426.9,428.4,431.1,429.0,428.4,427.8,427.4,427.6,428.2,428.8,429.2,18.1,-40.3,495.8,0.303,0.274,0.036,0.63,0.34,0.0,0.04,0.0,0.07,0.0,0.0,0.0,0.0,0.09,0.43,0.02,0.0,0.03,0.0
-0.180918,0.36266,-0.914192,-0.260984,0.24858,-0.932789,-0.235,0.32,250.7,252.8,256.9,260.7,261.9,260.2,255.8,252.0,247.2,249.2,252.4,256.7,261.3,265.0,267.5,264.3,260.1,255.7,252.0,249.0,254.8,256.4,258.1,259.0,258.4,256.9,255.1,254.3,304.0,306.2,310.4,314.1,315.2,313.1,308.9,304.9,300.5,302.4,305.4,310.0,315.2,319.5,322.5,318.9,314.4,310.0,305.8,302.5,308.0,309.6,311.3,312.2,311.7,310.2,308.5,307.6,170.2,166.0,164.6,166.7,171.2,175.7,176.8,174.7,171.3,169.3,168.1,167.8,169.0,171.2,174.1,175.2,175.3,175.1,174.4,173.2,172.4,173.3,172.7,171.0,169.1,168.2,168.8,170.6,172.2,168.1,166.8,169.1,173.6,177.7,179.0,177.0,174.9,172.1,170.4,170.0,171.6,174.0,177.2,179.1,179.8,179.6,178.6,177.2,174.5,175.5,174.9,173.2,171.4,170.4,171.0,172.7,-13.3,-11.2,-7.1,-3.3,-2.1,-3.8,-8.2,-12.0,-17.0,-14.9,-11.6,-7.3,-2.7,1.0,3.5,0.3,-3.9,-8.2,-12.0,-15.1,-9.2,-7.6,-5.9,-5.0,-5.5,-7.1,-8.9,-9.7,37.7,39.7,43.5,46.9,47.9,45.9,42.1,38.5,34.7,36.3,38.8,42.9,47.8,52.0,55.1,51.4,47.2,43.0,39.3,36.4,41.4,42.8,44.4,45.2,44.8,43.4,41.8,41.0,-79.9,-84.0,-85.1,-82.7,-78.2,-73.8,-72.9,-75.3,-79.6,-81.1,-81.6,-81.5,-80.2,-78.1,-75.5,-74.3,-74.1,-74.4,-75.4,-77.2,-77.5,-76.5,-77.0,-78.7,-80.7,-81.7,-81.2,-79.5,-73.3,-77.1,-78.1,-75.7,-71.4,-67.7,-66.6,-68.8,-71.3,-73.5,-74.7,-74.7,-73.1,-71.2,-68.5,-66.5,-65.7,-65.9,-67.1,-68.8,-71.0,-70.1,-70.5,-72.0,-73.8,-74.8,-74.4,-72.8,467.2,466.6,465.1,463.6,463.0,463.7,465.1,466.6,472.1,468.7,465.3,462.9,462.4,463.0,464.3,463.5,463.0,463.7,465.9,469.0,466.5,465.9,465.2,465.0,465.3,465.9,466.5,466.8,439.7,439.2,437.9,436.7,436.1,436.6,437.9,439.5,443.1,440.5,437.8,435.6,435.5,436.8,439.0,437.5,436.7,436.9,438.3,440.9,439.2,438.6,438.1,437.9,438.1,438.7,439.2,439.4,18.3,-41.3,497.0,0.298,0.264,0.033,0.56,0.37,0.0,0.0,0.0,0.09,0.0,0.0,0.0,0.0,0.12,0.34,0.07,0.02,0.03,0.0
-0.193779,0.354834,-0.914627,-0.263192,0.245449,-0.932998,-0.242,0.314,250.6,252.5,256.5,260.3,261.6,260.0,255.6,251.9,247.2,249.1,252.3,256.5,261.1,264.7,267.3,264.1,260.0,255.7,252.0,249.0,254.6,256.2,257.9,258.7,258.1,256.6,254.9,254.1,303.7,305.9,310.1,314.0,315.2,313.0,308.7,304.6,300.0,302.0,305.1,309.8,315.1,319.5,322.6,318.9,314.4,309.8,305.5,302.1,307.8,309.4,311.1,312.0,311.5,310.0,308.2,307.3,170.2,166.1,164.6,166.7,171.0,175.5,176.6,174.6,171.4,169.3,168.1,167.7,168.9,171.0,173.9,175.0,175.2,175.1,174.5,173.3,172.3,173.2,172.6,170.8,169.0,168.1,168.8,170.5,172.0,167.8,166.4,168.6,173.1,177.3,178.7,176.8,174.8,172.0,170.2,169.7,171.3,173.6,176.8,178.7,179.4,179.2,178.3,177.0,174.3,175.2,174.6,172.9,171.0,170.1,170.7,172.4,-13.7,-11.7,-7.6,-3.7,-2.4,-4.0,-8.5,-12.3,-17.3,-15.2,-11.9,-7.5,-2.9,0.7,3.3,0.1,-4.1,-8.4,-12.2,-15.3,-9.5,-7.9,-6.2,-5.4,-5.9,-7.5,-9.3,-10.1,36.7,38.7,42.6,46.0,47.0,45.0,41.2,37.6,33.6,35.2,37.9,42.0,46.9,51.1,54.2,50.6,46.3,42.1,38.3,35.3,40.5,41.9,43.5,44.3,43.9,42.5,40.9,40.1,-81.2,-85.3,-86.6,-84.2,-79.7,-75.3,-74.4,-76.7,-80.9,-82.4,-83.0,-83.0,-81.8,-79.7,-77.1,-75.8,-75.5,-75.7,-76.7,-78.4,-79.0,-78.0,-78.5,-80.2,-82.1,-83.1,-82.6,-80.9,-72.2,-76.1,-77.2,-74.9,-70.6,-66.8,-65.7,-67.7,-70.2,-72.4,-73.6,-73.7,-72.3,-70.3,-67.7,-65.7,-64.9,-65.1,-66.2,-67.7,-70.0,-69.1,-69.6,-71.1,-72.9,-73.8,-73.4,-71.8,475.1,474.5,473.0,471.5,470.9,471.7,473.1,474.5,479.8,476.5,473.1,470.7,470.3,471.0,472.4,471.5,471.0,471.7,473.8,476.8,474.4,473.8,473.2,472.9,473.2,473.8,474.4,474.7,432.0,431.8,430.7,429.4,428.7,429.0,430.1,431.7,435.4,432.9,430.3,428.3,428.2,429.5,431.7,430.0,429.0,429.1,430.5,433.1,431.5,431.0,430.5,430.4,430.7,431.2,431.7,431.8,18.3,-41.6,497.3,0.294,0.263,0.032,0.55,0.32,0.0,0.0,0.0,0.14,0.0,0.0,0.0,0.0,0.11,0.36,0.07,0.03,0.0,0.0
-0.168758,0.345993,-0.922935,-0.25236,0.250745,-0.934581,-0.223,0.311,250.5,252.5,256.5,260.3,261.7,260.1,255.7,251.9,246.8,248.8,252.0,256.3,260.9,264.4,266.9,263.8,259.7,255.5,251.7,248.7,254.6,256.2,257.9,258.7,258.2,256.5,254.8,254.0,303.6,305.8,310.1,314.0,315.2,313.1,308.8,304.6,299.9,301.8,304.9,309.6,314.9,319.3,322.2,318.7,314.3,309.8,305.5,302.0,307.7,309.4,311.2,312.1,311.6,309.9,308.1,307.2,170.3,166.1,164.6,166.6,171.0,175.5,176.6,174.6,171.5,169.4,168.3,167.9,169.0,171.1,174.0,175.1,175.3,175.2,174.6,173.4,172.4,173.2,172.6,170.8,169.0,168.1,168.8,170.5,172.0,167.8,166.4,168.6,173.1,177.3,178.7,176.8,174.9,172.0,170.1,169.7,171.1,173.4,176.6,178.6,179.4,179.3,178.5,177.2,174.3,175.2,174.6,172.8,170.9,170.0,170.6,172.4,-13.7,-11.7,-7.6,-3.7,-2.3,-3.9,-8.4,-12.3,-17.6,-15.5,-12.2,-7.8,-3.1,0.4,3.0,-0.2,-4.3,-8.6,-12.5,-15.6,-9.6,-7.9,-6.2,-5.3,-5.9,-7.6,-9.3,-10.2,37.0,38.9,42.8,46.4,47.4,45.5,41.6,37.9,33.8,35.4,38.0,42.2,47.1,51.3,54.3,50.8,46.6,42.5,38.6,35.6,40.8,42.2,43.9,44.7,44.2,42.8,41.1,40.3,-81.1,-85.2,-86.5,-84.2,-79.7,-75.3,-74.3,-76.6,-80.7,-82.2,-82.8,-82.8,-81.6,-79.6,-77.0,-75.7,-75.4,-75.6,-76.6,-78.2,-78.9,-77.9,-78.5,-80.2,-82.1,-83.1,-82.5,-80.8,-72.8,-76.6,-77.8,-75.5,-71.3,-67.4,-66.2,-68.2,-70.6,-72.9,-74.2,-74.3,-72.9,-71.1,-68.5,-66.3,-65.5,-65.5,-66.5,-68.1,-70.6,-69.6,-70.1,-71.7,-73.6,-74.5,-74.0,-72.4,474.7,474.1,472.8,471.4,470.9,471.6,472.8,474.1,479.5,476.2,472.9,470.6,470.2,471.0,472.3,471.5,470.9,471.6,473.6,476.6,474.1,473.6,473.0,472.7,473.0,473.6,474.1,474.4,435.3,434.9,433.9,432.8,432.3,432.6,433.6,435.0,438.6,436.2,433.6,431.6,431.7,433.1,435.3,433.7,432.7,432.8,434.1,436.6,434.9,434.4,434.0,433.9,434.1,434.6,435.0,435.2,18.3,-41.1,496.8,0.301,0.263,0.027,0.53,0.3,0.0,0.0,0.0,0.13,0.0,0.0,0.0,0.0,0.07,0.33,0.05,0.09,0.0,0.0
-0.150161,0.378567,-0.913312,-0.194993,0.332937,-0.922568,-0.186,0.37,250.7,252.6,256.7,260.5,261.8,260.2,255.8,252.0,246.8,248.9,252.1,256.3,260.8,264.3,266.8,263.7,259.7,255.5,251.7,248.8,254.7,256.3,258.1,258.9,258.3,256.7,254.9,254.1,303.9,305.7,309.6,313.4,314.8,313.0,309.1,305.0,299.6,301.9,305.1,309.6,313.9,317.2,319.3,316.9,313.6,309.8,305.8,302.2,307.6,309.2,310.8,311.6,311.0,309.4,307.7,307.0,171.0,166.9,165.4,167.5,171.8,176.2,177.4,175.3,172.1,170.1,169.0,168.7,169.8,171.8,174.7,175.8,176.1,176.1,175.4,174.1,173.1,174.0,173.4,171.6,169.7,168.9,169.5,171.3,173.0,169.2,167.7,169.5,173.4,177.3,178.8,177.2,175.3,172.8,171.2,170.6,171.3,172.5,174.5,176.6,177.8,178.3,177.9,176.9,174.7,175.4,174.8,173.2,171.5,170.8,171.4,173.0,-13.7,-11.7,-7.5,-3.6,-2.2,-3.8,-8.3,-12.3,-17.8,-15.6,-12.2,-7.9,-3.2,0.3,2.8,-0.3,-4.4,-8.7,-12.6,-15.7,-9.6,-7.9,-6.1,-5.2,-5.8,-7.5,-9.3,-10.2,42.6,44.5,48.7,52.8,54.4,52.5,48.3,43.9,38.2,40.5,43.8,48.4,53.2,57.1,59.8,56.9,53.1,48.9,44.7,40.9,46.7,48.4,50.2,51.0,50.3,48.6,46.8,46.0,-81.1,-85.2,-86.5,-84.2,-79.7,-75.4,-74.3,-76.6,-80.7,-82.3,-82.9,-82.8,-81.7,-79.7,-77.1,-75.7,-75.3,-75.5,-76.5,-78.2,-78.9,-77.9,-78.5,-80.2,-82.2,-83.2,-82.6,-80.8,-82.2,-86.2,-87.8,-86.0,-81.9,-77.9,-76.3,-77.9,-80.2,-82.5,-83.9,-84.4,-83.9,-83.2,-81.5,-79.0,-77.3,-76.7,-77.1,-78.3,-80.6,-79.9,-80.6,-82.3,-84.0,-84.7,-84.1,-82.4,479.2,478.7,477.4,476.2,475.8,476.5,477.5,478.7,484.0,480.8,477.5,475.3,475.0,475.9,477.3,476.4,475.8,476.3,478.3,481.2,478.8,478.3,477.8,477.5,477.7,478.3,478.8,479.0,498.3,497.7,497.8,498.5,499.4,500.0,499.9,499.5,500.9,498.6,496.8,496.1,497.7,500.6,503.9,501.9,499.9,498.7,498.8,500.0,499.8,500.1,500.1,499.9,499.5,499.2,499.2,499.4,18.4,-40.3,497.4,0.32,0.265,0.018,0.62,0.45,0.0,0.0,0.0,0.21,0.0,0.0,0.0,0.0,0.03,0.38,0.0,0.14,0.0,0.0
-0.182992,0.388996,-0.902882,-0.205071,0.35109,-0.913609,-0.21,0.387,250.2,252.1,256.0,259.7,261.0,259.5,255.3,251.6,246.8,248.8,251.9,256.1,260.6,264.0,266.3,263.3,259.4,255.3,251.6,248.7,254.1,255.7,257.4,258.2,257.6,256.0,254.4,253.6,303.5,305.3,309.2,313.0,314.5,312.7,308.7,304.6,299.4,301.7,305.0,309.4,313.6,317.0,319.2,316.7,313.3,309.5,305.6,302.0,307.2,308.8,310.5,311.3,310.7,309.0,307.4,306.6,171.8,167.8,166.5,168.5,172.7,176.9,178.0,176.0,172.8,170.8,169.8,169.5,170.6,172.7,175.4,176.6,177.0,176.9,176.2,174.8,173.8,174.7,174.1,172.4,170.6,169.8,170.4,172.0,173.8,170.0,168.5,170.2,174.2,178.1,179.6,178.0,175.7,173.2,171.7,171.2,171.9,173.1,175.1,177.2,178.4,178.9,178.4,177.4,175.5,176.3,175.6,174.0,172.3,171.5,172.2,173.8,-14.5,-12.5,-8.4,-4.5,-3.1,-4.7,-9.2,-13.1,-18.4,-16.1,-12.7,-8.2,-3.6,-0.0,2.4,-0.7,-4.8,-9.2,-13.0,-16.2,-10.4,-8.7,-7.0,-6.1,-6.7,-8.4,-10.1,-11.0,42.3,44.1,48.4,52.5,54.1,52.3,48.0,43.6,38.1,40.4,43.7,48.3,53.0,57.0,59.7,56.8,53.0,48.8,44.5,40.8,46.4,48.1,49.9,50.7,50.1,48.3,46.5,45.7,-82.5,-86.5,-87.7,-85.4,-81.0,-76.7,-75.7,-78.0,-82.2,-83.7,-84.2,-84.2,-83.0,-81.0,-78.4,-77.0,-76.5,-76.7,-77.8,-79.6,-80.3,-79.3,-79.8,-81.5,-83.4,-84.4,-83.9,-82.2,-81.5,-85.6,-87.2,-85.4,-81.3,-77.2,-75.6,-77.2,-80.0,-82.2,-83.5,-84.0,-83.5,-82.7,-81.1,-78.5,-76.8,-76.2,-76.7,-77.9,-80.0,-79.2,-79.9,-81.6,-83.4,-84.1,-83.4,-81.7,492.3,491.5,490.1,489.0,488.7,489.7,490.9,492.1,496.9,493.5,490.2,488.1,488.0,489.0,490.6,489.7,489.0,489.6,491.4,494.2,492.0,491.5,490.9,490.6,490.7,491.2,491.7,492.1,499.6,498.9,498.9,499.5,500.4,501.1,501.1,500.8,502.0,499.7,497.9,497.2,498.7,501.6,504.8,502.9,500.8,499.7,499.8,501.0,501.0,501.3,501.3,501.0,500.6,500.3,500.3,500.6,18.4,-39.4,497.6,0.328,0.265,0.013,0.66,0.51,0.0,0.0,0.0,0.3,0.0,0.0,0.0,0.0,0.0,0.42,0.0,0.21,0.0,0.0
-0.19271,0.359401,-0.913068,-0.28017,0.264391,-0.922823,-0.252,0.328,249.6,251.4,255.4,259.2,260.5,259.0,254.7,250.9,246.0,248.1,251.3,255.7,260.2,263.6,265.9,263.0,259.0,254.9,251.1,248.0,253.5,255.1,256.8,257.6,257.0,255.4,253.7,252.9,302.6,304.6,308.8,312.6,313.9,311.9,307.7,303.7,299.3,301.1,304.1,308.8,314.0,318.3,321.3,317.9,313.5,309.1,304.9,301.4,306.7,308.3,310.0,310.8,310.3,308.7,307.0,306.2,172.8,168.7,167.3,169.3,173.5,177.9,179.0,177.0,174.1,172.1,170.9,170.5,171.6,173.7,176.5,177.6,178.0,177.9,177.3,176.0,174.8,175.6,175.0,173.3,171.5,170.7,171.3,173.0,174.0,169.8,168.4,170.5,175.0,179.1,180.5,178.7,176.6,173.9,172.0,171.5,173.0,175.1,178.2,180.5,181.4,181.4,180.5,179.1,176.1,177.0,176.4,174.7,172.9,172.0,172.6,174.3,-15.0,-13.1,-8.9,-5.0,-3.6,-5.2,-9.7,-13.6,-18.9,-16.7,-13.2,-8.6,-3.9,-0.4,2.0,-1.0,-5.2,-9.5,-13.4,-16.7,-10.9,-9.2,-7.5,-6.7,-7.3,-8.9,-10.7,-11.5,36.4,38.3,42.1,45.5,46.7,44.9,41.1,37.4,33.5,35.0,37.7,41.8,46.8,51.0,54.1,50.7,46.5,42.3,38.4,35.3,40.2,41.7,43.2,44.0,43.5,42.1,40.5,39.7,-80.5,-84.5,-85.8,-83.6,-79.1,-74.8,-73.8,-76.0,-79.8,-81.4,-82.0,-82.1,-81.0,-79.0,-76.4,-75.0,-74.6,-74.7,-75.6,-77.3,-78.3,-77.4,-77.9,-79.6,-81.5,-82.5,-81.9,-80.2,-71.7,-75.5,-76.7,-74.5,-70.2,-66.4,-65.3,-67.2,-69.7,-71.9,-73.2,-73.3,-72.0,-70.3,-67.7,-65.3,-64.3,-64.3,-65.4,-67.1,-69.6,-68.7,-69.2,-70.7,-72.5,-73.4,-72.9,-71.3,486.2,485.6,484.3,483.2,482.9,483.7,484.8,485.9,490.7,487.4,484.2,482.2,482.1,483.2,484.8,483.9,483.1,483.5,485.3,488.0,485.9,485.4,484.9,484.6,484.8,485.2,485.8,486.1,440.1,439.6,438.5,437.3,436.9,437.3,438.5,440.0,443.3,440.8,438.2,436.2,436.3,437.8,440.2,438.6,437.6,437.6,438.9,441.3,439.7,439.2,438.7,438.5,438.7,439.2,439.7,439.9,18.0,-38.3,496.5,0.334,0.267,0.009,0.64,0.51,0.0,0.0,0.0,0.6,0.0,0.0,0.0,0.0,0.0,0.38,0.0,0.24,0.0,0.06
-0.169038,0.383679,-0.907863,-0.209952,0.350521,-0.912719,-0.205,0.383,248.8,250.7,254.8,258.7,260.1,258.5,254.1,250.2,244.8,247.1,250.5,255.0,259.5,262.8,265.0,262.2,258.3,254.1,250.2,247.0,252.8,254.4,256.2,257.0,256.4,254.8,253.0,252.2,302.4,304.1,308.1,311.8,313.3,311.5,307.6,303.5,298.4,300.6,303.8,308.2,312.5,315.8,318.0,315.6,312.3,308.5,304.6,300.9,306.1,307.7,309.3,310.1,309.5,307.9,306.2,305.5,172.8,168.7,167.2,169.2,173.5,177.9,179.0,177.0,174.1,172.0,170.9,170.5,171.6,173.6,176.4,177.6,177.9,177.9,177.2,176.0,174.8,175.7,175.0,173.3,171.5,170.6,171.2,173.0,174.5,170.7,169.2,170.9,174.8,178.7,180.1,178.6,176.5,173.9,172.3,171.7,172.4,173.6,175.7,177.9,179.2,179.7,179.3,178.3,176.1,176.8,176.2,174.6,172.9,172.2,172.8,174.5,-15.8,-13.8,-9.5,-5.5,-4.0,-5.7,-10.3,-14.3,-20.1,-17.6,-13.9,-9.3,-4.7,-1.2,1.1,-1.9,-5.9,-10.3,-14.3,-17.7,-11.7,-9.9,-8.1,-7.2,-7.9,-9.6,-11.4,-12.3,41.2,43.0,47.2,51.3,52.9,51.1,46.9,42.5,37.0,39.2,42.5,47.1,51.9,55.8,58.5,55.7,51.9,47.7,43.5,39.7,45.2,47.0,48.7,49.5,48.8,47.1,45.3,44.6,-80.3,-84.4,-85.8,-83.6,-79.1,-74.7,-73.6,-75.8,-79.6,-81.2,-81.9,-82.0,-81.0,-79.1,-76.5,-75.1,-74.5,-74.6,-75.5,-77.2,-78.1,-77.2,-77.8,-79.6,-81.5,-82.4,-81.8,-80.0,-80.9,-84.9,-86.5,-84.8,-80.7,-76.7,-75.1,-76.7,-79.2,-81.6,-83.0,-83.5,-83.0,-82.3,-80.5,-77.8,-76.1,-75.4,-75.9,-77.1,-79.4,-78.7,-79.4,-81.1,-82.8,-83.5,-82.8,-81.1,485.0,484.5,483.6,482.8,482.5,483.2,483.9,484.7,489.1,486.1,483.2,481.5,481.7,483.0,484.7,483.6,482.5,482.6,484.1,486.6,485.0,484.6,484.2,484.0,484.2,484.5,484.9,485.1,500.3,499.6,499.5,500.2,501.1,501.8,501.8,501.5,502.7,500.4,498.6,497.8,499.4,502.3,505.6,503.6,501.7,500.5,500.6,501.8,501.7,502.0,501.9,501.7,501.3,501.0,501.0,501.3,17.4,-38.1,495.2,0.34,0.271,0.001,0.64,0.44,0.0,0.0,0.0,0.75,0.0,0.0,0.0,0.0,0.0,0.46,0.03,0.17,0.07,0.18
-0.164745,0.377969,-0.911043,-0.209307,0.354152,-0.911464,-0.202,0.382,248.1,250.1,254.2,258.2,259.5,257.9,253.4,249.5,243.9,246.3,249.9,254.5,259.0,262.4,264.6,261.6,257.7,253.5,249.5,246.2,252.1,253.8,255.6,256.4,255.8,254.1,252.4,251.5,301.4,303.1,307.0,310.8,312.3,310.6,306.7,302.6,297.5,299.6,302.8,307.1,311.4,314.9,317.1,314.7,311.3,307.6,303.6,300.0,305.1,306.8,308.4,309.1,308.5,306.9,305.2,304.5,172.4,168.3,166.7,168.7,173.0,177.4,178.6,176.7,174.0,171.7,170.4,170.0,171.1,173.3,176.2,177.3,177.5,177.5,176.9,175.8,174.5,175.3,174.7,172.9,171.1,170.2,170.9,172.6,173.9,170.0,168.5,170.2,174.2,178.1,179.6,178.1,175.9,173.4,171.7,171.1,171.7,173.0,175.1,177.1,178.2,178.7,178.3,177.5,175.6,176.3,175.7,174.1,172.4,171.6,172.3,173.9,-16.3,-14.2,-10.0,-6.0,-4.6,-6.2,-10.8,-14.8,-20.7,-18.1,-14.4,-9.7,-5.1,-1.7,0.6,-2.4,-6.4,-10.7,-14.8,-18.3,-12.2,-10.4,-8.6,-7.7,-8.3,-10.1,-11.9,-12.8,40.4,42.2,46.4,50.6,52.3,50.5,46.3,41.8,36.4,38.6,41.8,46.4,51.2,55.2,58.0,55.1,51.3,47.0,42.8,39.0,44.6,46.3,48.1,48.9,48.2,46.4,44.6,43.9,-79.4,-83.6,-85.1,-82.9,-78.4,-73.9,-72.8,-75.0,-78.5,-80.3,-81.2,-81.4,-80.3,-78.2,-75.5,-74.2,-73.8,-73.8,-74.6,-76.2,-77.3,-76.3,-77.0,-78.8,-80.7,-81.6,-81.0,-79.2,-82.2,-86.4,-88.0,-86.2,-82.0,-77.9,-76.2,-77.8,-80.5,-82.9,-84.4,-84.9,-84.5,-83.6,-81.8,-79.3,-77.7,-77.0,-77.4,-78.6,-80.6,-79.8,-80.5,-82.3,-84.1,-84.8,-84.1,-82.4,477.5,477.4,476.8,475.9,475.3,475.5,476.0,476.9,481.6,478.7,475.9,474.4,474.6,475.8,477.4,476.1,474.9,474.9,476.4,478.9,477.4,477.0,476.8,476.7,477.0,477.4,477.7,477.7,504.5,504.0,503.9,504.4,505.0,505.5,505.5,505.4,506.9,504.7,502.9,502.2,503.5,506.2,509.3,507.2,505.1,504.1,504.3,505.7,505.7,505.9,505.9,505.7,505.4,505.2,505.2,505.4,16.5,-38.7,494.9,0.333,0.269,0.002,0.55,0.31,0.0,0.0,0.0,0.87,0.0,0.0,0.0,0.0,0.0,0.41,0.15,0.08,0.22,0.3
-0.154831,0.388332,-0.908419,-0.212847,0.353899,-0.910742,-0.199,0.387,248.2,250.1,254.1,258.0,259.4,257.8,253.5,249.6,243.9,246.3,249.9,254.4,258.8,261.9,264.0,261.3,257.5,253.4,249.5,246.2,252.1,253.8,255.5,256.2,255.7,254.0,252.3,251.5,301.3,303.0,306.9,310.7,312.2,310.5,306.6,302.5,297.3,299.5,302.7,307.1,311.4,314.8,317.0,314.7,311.4,307.6,303.6,300.0,305.0,306.6,308.3,309.0,308.3,306.7,305.1,304.4,172.5,168.5,167.0,168.9,173.1,177.4,178.5,176.6,173.9,171.7,170.4,169.9,170.9,173.0,175.8,177.1,177.4,177.5,176.9,175.8,174.5,175.3,174.6,173.0,171.2,170.4,171.0,172.7,174.0,170.0,168.5,170.1,174.1,178.0,179.6,178.2,176.1,173.5,171.8,171.0,171.7,172.9,175.0,177.0,178.2,178.7,178.4,177.6,175.6,176.3,175.6,174.0,172.3,171.6,172.3,173.9,-16.7,-14.7,-10.4,-6.4,-4.9,-6.5,-11.1,-15.2,-21.4,-18.7,-14.9,-10.1,-5.5,-2.2,0.0,-2.9,-6.8,-11.2,-15.3,-18.9,-12.6,-10.8,-9.0,-8.2,-8.8,-10.5,-12.3,-13.2,40.0,41.8,46.0,50.1,51.8,50.1,45.9,41.4,35.9,38.1,41.4,46.1,50.9,54.8,57.5,54.7,51.0,46.8,42.5,38.7,44.2,45.9,47.7,48.4,47.7,46.0,44.2,43.5,-82.0,-86.2,-87.7,-85.6,-81.1,-76.7,-75.5,-77.5,-81.1,-83.0,-83.9,-84.2,-83.3,-81.3,-78.6,-77.1,-76.5,-76.4,-77.2,-78.7,-79.9,-79.1,-79.7,-81.5,-83.3,-84.2,-83.6,-81.8,-81.6,-85.7,-87.5,-85.8,-81.6,-77.5,-75.7,-77.2,-79.6,-82.1,-83.7,-84.4,-84.0,-83.2,-81.4,-78.9,-77.3,-76.5,-76.8,-77.8,-80.1,-79.4,-80.1,-81.8,-83.6,-84.3,-83.6,-81.8,493.7,493.6,493.2,492.6,492.2,492.5,492.7,493.3,497.5,494.8,492.2,490.9,491.4,492.9,494.6,493.1,491.7,491.5,492.8,495.1,493.9,493.7,493.5,493.4,493.6,493.8,494.0,494.1,500.9,500.4,500.5,501.1,501.8,502.2,502.1,501.9,503.1,501.0,499.3,498.7,500.3,503.1,506.4,504.1,502.0,500.7,500.8,502.0,502.2,502.5,502.5,502.3,502.0,501.8,501.8,501.9,16.4,-38.6,494.5,0.334,0.271,0.0,0.52,0.27,0.0,0.0,0.0,0.79,0.0,0.0,0.0,0.0,0.0,0.37,0.25,0.0,0.37,0.34
-0.149941,0.397515,-0.905262,-0.203491,0.356637,-0.911812,-0.192,0.393,248.3,250.2,254.2,258.0,259.4,257.8,253.5,249.6,244.1,246.4,249.9,254.3,258.7,262.0,264.1,261.3,257.5,253.4,249.5,246.3,252.2,253.8,255.5,256.3,255.7,254.1,252.4,251.6,301.3,303.0,306.9,310.7,312.3,310.6,306.7,302.6,297.4,299.5,302.7,307.0,311.3,314.8,317.2,314.7,311.3,307.5,303.5,300.0,305.1,306.7,308.4,309.1,308.4,306.8,305.2,304.5,172.9,168.9,167.4,169.3,173.5,177.8,179.0,177.1,174.3,172.0,170.7,170.2,171.3,173.4,176.3,177.5,177.8,177.7,177.2,176.1,174.9,175.7,175.1,173.4,171.6,170.8,171.4,173.1,174.1,170.2,168.6,170.3,174.3,178.2,179.8,178.4,176.2,173.6,171.8,171.2,171.8,173.1,175.2,177.1,178.3,178.7,178.4,177.7,175.8,176.5,175.8,174.2,172.5,171.8,172.5,174.1,-16.6,-14.6,-10.3,-6.3,-4.8,-6.5,-11.1,-15.1,-21.2,-18.6,-14.8,-10.2,-5.5,-2.1,0.1,-2.8,-6.8,-11.2,-15.2,-18.7,-12.5,-10.7,-8.9,-8.1,-8.7,-10.4,-12.2,-13.1,40.3,42.1,46.2,50.4,52.1,50.4,46.2,41.7,36.2,38.4,41.7,46.2,51.0,55.0,57.9,55.0,51.1,46.9,42.6,38.9,44.5,46.3,48.0,48.8,48.0,46.3,44.5,43.8,-81.4,-85.6,-87.0,-84.9,-80.4,-75.9,-74.7,-76.9,-80.5,-82.4,-83.3,-83.6,-82.6,-80.5,-77.7,-76.3,-75.8,-75.8,-76.7,-78.2,-79.2,-78.3,-79.0,-80.7,-82.6,-83.6,-82.9,-81.1,-81.9,-86.1,-87.8,-86.0,-81.8,-77.6,-75.9,-77.5,-80.1,-82.5,-84.1,-84.7,-84.2,-83.3,-81.5,-79.0,-77.5,-76.8,-77.2,-78.2,-80.3,-79.5,-80.3,-82.0,-83.8,-84.6,-83.8,-82.1,492.2,492.1,491.5,490.8,490.3,490.6,491.0,491.8,496.2,493.4,490.7,489.2,489.5,490.8,492.4,491.0,489.8,489.8,491.2,493.6,492.3,492.0,491.7,491.7,491.9,492.2,492.4,492.5,503.7,503.3,503.3,503.6,504.1,504.5,504.5,504.5,506.1,504.0,502.2,501.4,502.7,505.3,508.3,506.1,504.1,503.0,503.3,504.8,504.9,505.0,505.0,504.8,504.6,504.5,504.5,504.6,16.5,-38.4,494.6,0.339,0.268,-0.001,0.48,0.23,0.0,0.0,0.0,0.68,0.0,0.0,0.0,0.0,0.0,0.28,0.3,0.05,0.38,0.31
-0.170358,0.389984,-0.904926,-0.206949,0.354093,-0.912025,-0.205,0.389,248.2,250.1,254.1,258.0,259.4,257.9,253.5,249.6,244.3,246.6,250.0,254.4,258.9,262.3,264.6,261.7,257.7,253.6,249.7,246.5,252.2,253.9,255.6,256.4,255.8,254.1,252.4,251.6,301.4,303.0,307.0,310.9,312.5,310.8,306.9,302.7,297.4,299.5,302.7,307.1,311.6,315.1,317.5,315.0,311.6,307.7,303.7,300.0,305.3,306.9,308.5,309.2,308.5,306.9,305.3,304.6,173.3,169.2,167.7,169.6,173.8,178.2,179.4,177.5,174.5,172.5,171.3,170.9,171.9,173.9,176.7,177.9,178.2,178.2,177.6,176.4,175.2,176.1,175.4,173.7,171.9,171.1,171.7,173.5,174.7,170.6,169.0,170.7,174.7,178.8,180.4,179.0,176.8,174.1,172.4,171.6,172.3,173.6,175.8,177.7,178.8,179.2,179.0,178.3,176.3,177.0,176.3,174.7,173.0,172.3,173.0,174.6,-16.4,-14.5,-10.2,-6.2,-4.7,-6.3,-10.9,-14.9,-20.7,-18.2,-14.5,-9.9,-5.3,-1.8,0.6,-2.4,-6.5,-10.8,-14.9,-18.3,-12.3,-10.5,-8.8,-7.9,-8.6,-10.3,-12.1,-12.9,39.7,41.4,45.6,49.8,51.6,49.8,45.6,41.2,35.7,37.8,41.0,45.6,50.4,54.5,57.4,54.5,50.6,46.4,42.1,38.3,44.0,45.7,47.4,48.1,47.4,45.7,43.9,43.2,-79.9,-84.1,-85.5,-83.4,-78.9,-74.5,-73.3,-75.5,-79.3,-81.0,-81.7,-81.8,-80.8,-78.9,-76.3,-74.9,-74.4,-74.4,-75.3,-76.9,-77.8,-76.9,-77.5,-79.3,-81.2,-82.1,-81.5,-79.7,-80.0,-84.3,-86.0,-84.2,-80.0,-75.8,-74.0,-75.6,-78.1,-80.6,-82.2,-82.9,-82.4,-81.4,-79.6,-77.2,-75.7,-75.1,-75.4,-76.4,-78.5,-77.7,-78.4,-80.2,-81.9,-82.7,-81.9,-80.2,486.1,485.6,484.7,483.8,483.5,484.1,484.8,485.7,490.2,487.2,484.2,482.5,482.7,484.0,485.6,484.5,483.4,483.6,485.1,487.6,486.0,485.6,485.2,485.0,485.2,485.5,485.9,486.1,495.8,495.5,495.4,495.7,496.1,496.4,496.5,496.5,498.2,496.1,494.3,493.5,494.7,497.3,500.2,498.1,496.0,495.0,495.3,496.8,496.9,497.0,497.0,496.8,496.7,496.5,496.6,496.7,16.7,-38.3,496.0,0.333,0.263,-0.0,0.43,0.2,0.0,0.0,0.0,0.57,0.0,0.0,0.0,0.0,0.01,0.3,0.23,0.1,0.28,0.3
-0.179811,0.391863,-0.902281,-0.201226,0.355586,-0.912725,-0.207,0.391,248.3,250.1,254.2,258.1,259.5,258.0,253.6,249.7,244.5,246.7,250.1,254.5,259.0,262.5,264.9,261.9,257.9,253.7,249.8,246.6,252.3,254.0,255.7,256.5,255.9,254.2,252.5,251.7,301.7,303.4,307.4,311.2,312.7,310.9,307.0,302.8,297.4,299.7,303.1,307.6,311.9,315.3,317.4,315.0,311.7,307.9,303.8,300.1,305.4,307.0,308.7,309.4,308.8,307.2,305.5,304.8,173.1,169.1,167.7,169.7,174.1,178.4,179.5,177.4,173.8,172.2,171.5,171.3,172.2,174.0,176.4,177.8,178.3,178.3,177.5,176.0,175.2,176.1,175.5,173.7,171.9,171.0,171.6,173.3,174.9,170.9,169.4,171.1,175.1,179.1,180.6,179.1,176.8,174.3,172.7,172.1,172.7,173.9,176.0,178.1,179.3,179.8,179.4,178.5,176.5,177.2,176.6,175.0,173.3,172.6,173.2,174.9,-16.3,-14.3,-10.1,-6.1,-4.6,-6.2,-10.7,-14.8,-20.3,-17.9,-14.3,-9.8,-5.1,-1.6,0.9,-2.1,-6.3,-10.6,-14.6,-18.0,-12.1,-10.3,-8.5,-7.7,-8.3,-10.1,-11.9,-12.7,39.8,41.7,45.8,50.0,51.6,49.8,45.6,41.2,35.5,37.8,41.2,45.9,50.6,54.5,57.1,54.3,50.6,46.4,42.1,38.2,43.9,45.6,47.4,48.1,47.5,45.8,44.0,43.2,-79.4,-83.4,-84.6,-82.4,-78.0,-73.7,-72.7,-74.9,-79.4,-80.5,-80.7,-80.6,-79.7,-78.1,-75.9,-74.3,-73.6,-73.7,-74.7,-76.7,-77.3,-76.3,-76.8,-78.6,-80.5,-81.4,-80.9,-79.2,-79.4,-83.5,-85.2,-83.5,-79.4,-75.3,-73.6,-75.1,-77.7,-80.0,-81.5,-82.1,-81.7,-80.9,-79.2,-76.6,-75.0,-74.3,-74.7,-75.8,-77.9,-77.2,-77.9,-79.6,-81.3,-82.0,-81.3,-79.6,481.9,480.9,479.6,478.8,479.0,480.2,481.3,482.1,486.2,482.9,479.7,477.8,478.0,479.4,481.3,480.3,479.4,479.7,481.3,483.8,482.0,481.6,481.1,480.6,480.6,480.9,481.5,481.9,493.3,492.8,493.0,493.7,494.6,495.1,494.9,494.4,495.6,493.5,491.8,491.3,493.0,496.0,499.3,497.1,494.9,493.5,493.5,494.6,494.8,495.2,495.2,495.0,494.7,494.4,494.3,494.5,16.8,-38.4,496.3,0.331,0.263,0.001,0.37,0.19,0.0,0.0,0.0,0.44,0.0,0.0,0.0,0.0,0.01,0.34,0.16,0.16,0.16,0.35
-0.18316,0.376234,-0.90824,-0.203691,0.347282,-0.915372,-0.209,0.378,248.4,250.2,254.3,258.2,259.6,258.1,253.7,249.8,244.6,246.9,250.3,254.7,259.2,262.6,264.9,262.0,258.1,253.9,250.0,246.8,252.4,254.1,255.8,256.6,256.0,254.3,252.6,251.8,301.8,303.6,307.6,311.4,312.9,311.1,307.1,303.0,297.7,299.9,303.2,307.6,312.0,315.5,317.8,315.3,311.8,307.9,303.9,300.2,305.6,307.2,308.9,309.6,309.0,307.4,305.7,305.0,172.7,168.6,167.1,169.1,173.3,177.7,178.9,176.9,173.8,171.9,170.9,170.5,171.5,173.5,176.1,177.4,177.8,177.8,177.1,175.8,174.7,175.5,174.9,173.1,171.3,170.5,171.1,172.8,174.5,170.5,169.0,170.8,174.8,178.7,180.3,178.7,176.4,173.9,172.4,171.8,172.5,173.7,175.8,177.9,179.2,179.6,179.2,178.2,176.1,176.9,176.3,174.6,172.9,172.2,172.8,174.4,-16.2,-14.3,-10.1,-6.0,-4.5,-6.1,-10.7,-14.7,-20.3,-17.9,-14.2,-9.6,-4.9,-1.4,0.9,-2.1,-6.2,-10.5,-14.5,-18.0,-12.1,-10.3,-8.5,-7.7,-8.3,-10.1,-11.9,-12.7,39.8,41.6,45.8,49.9,51.6,49.8,45.5,41.1,35.6,37.8,41.1,45.7,50.5,54.5,57.2,54.3,50.5,46.2,42.0,38.3,43.9,45.7,47.4,48.2,47.5,45.8,44.0,43.2,-80.5,-84.6,-85.9,-83.7,-79.3,-74.9,-73.8,-76.0,-80.0,-81.5,-82.0,-82.0,-81.0,-79.3,-76.8,-75.3,-74.7,-74.7,-75.7,-77.5,-78.4,-77.4,-78.0,-79.8,-81.7,-82.6,-82.0,-80.3,-79.6,-83.6,-85.1,-83.4,-79.3,-75.3,-73.7,-75.3,-78.0,-80.2,-81.5,-81.9,-81.4,-80.6,-79.0,-76.4,-74.8,-74.1,-74.6,-75.9,-78.0,-77.3,-77.9,-79.6,-81.3,-82.1,-81.4,-79.7,485.4,484.8,483.7,482.8,482.7,483.6,484.5,485.3,489.6,486.4,483.4,481.7,481.9,483.2,485.0,484.0,482.9,483.1,484.6,487.1,485.4,485.0,484.6,484.3,484.4,484.7,485.2,485.5,491.6,490.9,490.7,491.3,492.1,492.9,493.0,492.8,494.2,491.9,489.9,489.1,490.5,493.3,496.5,494.6,492.7,491.6,491.8,493.1,492.9,493.1,493.1,492.8,492.4,492.2,492.2,492.5,17.0,-38.9,497.2,0.332,0.261,0.004,0.36,0.1,0.0,0.0,0.0,0.38,0.0,0.0,0.0,0.0,0.03,0.34,0.15,0.11,0.08,0.37
-0.193603,0.369564,-0.908813,-0.192198,0.339473,-0.92077,-0.208,0.37,248.8,250.7,254.7,258.5,259.9,258.4,254.0,250.2,245.2,247.4,250.8,255.2,259.7,263.0,265.3,262.4,258.5,254.3,250.5,247.3,252.8,254.4,256.1,256.9,256.3,254.7,253.0,252.2,302.4,304.2,308.1,311.9,313.3,311.5,307.6,303.6,298.3,300.4,303.6,307.9,312.3,315.8,318.1,315.5,312.1,308.2,304.3,300.7,306.2,307.8,309.4,310.1,309.6,308.0,306.3,305.6,171.0,167.0,165.6,167.5,171.8,176.1,177.3,175.3,172.3,170.4,169.4,169.0,170.0,172.0,174.6,175.7,176.0,175.9,175.3,174.2,173.1,173.9,173.3,171.6,169.8,168.9,169.6,171.3,173.1,169.3,167.8,169.6,173.6,177.4,178.9,177.3,175.0,172.8,171.3,170.9,171.6,172.8,174.8,176.7,177.8,178.1,177.7,176.7,174.8,175.6,175.0,173.4,171.7,170.9,171.6,173.2,-16.0,-14.0,-9.7,-5.7,-4.3,-5.9,-10.5,-14.5,-20.0,-17.5,-13.8,-9.2,-4.5,-1.0,1.4,-1.6,-5.7,-10.1,-14.1,-17.6,-11.8,-10.1,-8.3,-7.4,-8.0,-9.7,-11.6,-12.4,41.5,43.4,47.6,51.7,53.3,51.4,47.2,42.8,37.2,39.3,42.6,47.2,52.0,56.1,58.9,55.9,52.0,47.7,43.5,39.8,45.6,47.4,49.1,49.9,49.3,47.5,45.7,45.0,-82.9,-87.0,-88.4,-86.1,-81.7,-77.3,-76.2,-78.4,-82.2,-83.7,-84.3,-84.4,-83.4,-81.6,-79.0,-77.7,-77.3,-77.4,-78.3,-79.9,-80.8,-79.8,-80.4,-82.1,-84.0,-85.0,-84.4,-82.7,-83.0,-87.0,-88.6,-86.7,-82.5,-78.5,-77.0,-78.6,-81.4,-83.5,-84.7,-85.0,-84.5,-83.6,-82.0,-79.6,-78.1,-77.6,-78.1,-79.4,-81.3,-80.6,-81.2,-82.9,-84.7,-85.5,-84.8,-83.1,490.0,489.5,488.4,487.5,487.2,487.9,488.8,489.8,494.1,491.0,488.0,486.3,486.4,487.7,489.5,488.3,487.3,487.4,489.0,491.6,489.9,489.5,489.0,488.8,488.9,489.3,489.8,490.0,503.8,503.2,503.1,503.5,504.2,504.8,505.0,504.9,506.7,504.3,502.4,501.4,502.7,505.3,508.4,506.4,504.6,503.6,503.9,505.4,505.1,505.2,505.2,504.9,504.6,504.4,504.5,504.8,16.9,-40.5,497.2,0.313,0.269,0.014,0.54,0.26,0.0,0.0,0.0,0.79,0.1,0.0,0.0,0.0,0.1,0.28,0.13,0.06,0.16,0.57
-0.09085,0.428529,-0.898949,-0.304981,0.413105,-0.858097,-0.222,0.447,250.5,251.9,255.5,259.2,260.8,259.6,255.8,252.1,245.5,248.1,251.3,255.1,258.9,262.0,264.3,262.1,258.7,254.9,251.3,248.1,254.1,255.7,257.3,257.9,257.2,255.6,254.0,253.4,301.5,303.4,307.3,310.8,312.0,310.1,306.3,302.5,298.7,300.8,303.8,307.9,312.2,315.8,318.4,315.5,311.8,308.0,304.1,300.8,305.2,306.7,308.4,309.2,308.7,307.1,305.5,304.7,171.6,168.0,166.5,167.9,171.5,175.4,176.6,175.1,173.3,171.8,170.7,170.0,170.3,171.2,172.4,173.3,173.5,173.7,173.9,173.8,173.3,174.0,173.3,171.7,170.2,169.6,170.2,171.8,174.0,170.4,169.3,171.3,175.3,179.0,180.1,178.3,174.8,173.6,173.0,173.2,174.1,175.3,176.8,178.4,179.0,179.0,178.1,176.8,176.1,176.9,176.5,174.9,173.2,172.3,172.8,174.3,-16.2,-14.5,-10.2,-5.8,-3.8,-5.2,-9.8,-14.3,-22.3,-19.1,-15.2,-10.6,-6.1,-2.4,0.4,-2.3,-6.3,-10.8,-15.2,-19.2,-11.9,-10.0,-8.1,-7.4,-8.2,-10.1,-12.0,-12.7,41.4,43.4,47.6,51.4,52.8,50.8,46.7,42.6,38.5,40.6,43.8,48.1,52.9,57.0,60.2,56.8,52.7,48.3,44.1,40.7,45.5,47.2,49.0,49.8,49.2,47.6,45.8,44.9,-94.1,-98.6,-100.6,-98.8,-94.3,-89.4,-87.8,-89.6,-92.7,-94.1,-95.1,-95.7,-95.5,-94.7,-93.5,-92.0,-91.5,-91.1,-91.1,-91.5,-92.0,-91.3,-92.1,-94.1,-96.0,-96.8,-96.0,-94.0,-83.9,-87.7,-88.8,-86.4,-82.1,-78.2,-77.2,-79.3,-83.4,-84.3,-84.6,-84.2,-83.3,-82.3,-81.1,-79.1,-78.1,-78.1,-79.2,-80.9,-81.7,-80.7,-81.1,-82.8,-84.7,-85.7,-85.2,-83.6,559.9,561.3,562.0,561.6,560.3,559.1,558.2,558.7,563.6,561.2,559.3,558.5,559.1,560.6,562.3,559.9,557.9,557.3,558.3,560.6,560.3,560.1,560.4,561.0,561.5,561.7,561.4,560.8,515.2,514.2,513.1,512.6,512.9,514.0,515.1,516.0,517.8,515.2,512.9,511.5,512.2,514.2,517.0,515.2,513.8,513.2,514.0,516.1,515.5,515.3,514.8,514.4,514.2,514.5,515.0,515.4,17.0,-42.0,499.8,0.303,0.282,0.02,0.82,0.38,0.0,0.0,0.0,1.0,0.16,0.0,0.01,0.0,0.25,0.17,0.09,0.01,0.38,0.81
-0.013718,0.460299,-0.887658,-0.325943,0.443875,-0.834707,-0.195,0.483,251.7,253.3,257.0,260.6,262.0,260.5,256.6,253.0,245.0,247.9,251.5,255.8,259.7,262.6,264.5,262.3,259.1,255.2,251.4,247.9,255.0,256.5,258.2,258.9,258.3,256.7,255.1,254.4,301.2,303.1,307.1,310.8,312.2,310.3,306.3,302.3,298.4,300.6,303.7,307.8,312.2,315.9,318.8,315.7,311.9,307.9,303.9,300.5,305.1,306.7,308.5,309.3,308.7,307.1,305.3,304.5,172.3,168.5,167.0,168.5,172.3,176.4,177.7,176.1,172.9,171.6,170.8,170.3,170.5,171.2,172.5,174.4,175.4,175.9,175.6,174.6,173.9,174.6,173.9,172.2,170.6,169.9,170.6,172.2,175.0,171.1,169.9,172.0,176.2,180.0,181.3,179.4,175.0,174.0,173.6,173.8,174.7,175.7,177.1,178.7,179.4,179.4,178.5,177.1,177.1,178.0,177.4,175.7,173.9,173.0,173.5,175.2,-13.9,-12.0,-7.9,-3.8,-2.3,-4.0,-8.4,-12.4,-21.5,-18.2,-14.1,-9.2,-4.8,-1.6,0.5,-1.9,-5.6,-10.0,-14.3,-18.3,-10.2,-8.4,-6.6,-5.8,-6.5,-8.2,-10.0,-10.9,40.0,41.9,46.1,50.0,51.5,49.6,45.5,41.3,37.2,39.4,42.5,46.8,51.4,55.6,59.0,55.5,51.3,46.9,42.7,39.3,44.2,45.9,47.8,48.6,48.0,46.2,44.4,43.5,-87.5,-91.7,-93.6,-92.1,-88.0,-83.5,-81.8,-83.4,-87.4,-88.5,-89.1,-89.6,-89.6,-89.2,-88.2,-85.7,-84.2,-83.5,-83.9,-85.2,-86.1,-85.4,-86.2,-88.1,-89.9,-90.6,-89.7,-87.9,-80.7,-84.6,-85.7,-83.4,-78.9,-75.0,-73.9,-76.1,-81.0,-81.7,-81.7,-81.2,-80.4,-79.6,-78.5,-76.5,-75.6,-75.5,-76.6,-78.4,-78.5,-77.4,-77.9,-79.7,-81.6,-82.7,-82.2,-80.4,525.6,525.4,526.2,527.6,528.7,529.3,528.1,526.8,529.3,526.6,524.9,524.5,525.9,528.3,531.0,529.0,526.7,525.8,526.2,527.5,527.8,528.4,528.7,528.6,528.1,527.6,527.2,527.3,501.8,500.6,499.2,498.6,499.0,500.2,501.5,502.6,504.0,501.4,499.1,497.6,498.1,499.8,502.3,500.6,499.3,498.9,499.9,502.1,502.0,501.7,501.1,500.6,500.4,500.7,501.3,501.8,17.0,-43.1,501.7,0.286,0.291,0.028,0.9,0.47,0.01,0.0,0.0,1.41,0.27,0.0,0.01,0.0,0.34,0.09,0.08,0.0,0.59,1.13
-0.063171,0.453842,-0.88884,-0.304274,0.409526,-0.860062,-0.207,0.459,251.5,253.0,256.4,259.9,261.3,260.0,256.4,252.9,245.7,248.4,251.8,255.8,259.5,262.2,264.1,262.2,259.1,255.5,251.8,248.4,254.8,256.2,257.7,258.4,257.8,256.3,254.8,254.1,302.3,304.3,308.2,311.7,312.8,310.7,306.8,303.0,299.2,301.6,304.8,308.9,312.9,316.2,318.4,315.8,312.5,308.8,304.9,301.5,305.8,307.3,309.0,309.8,309.4,307.9,306.2,305.3,170.4,166.8,165.3,166.8,170.4,174.3,175.6,174.1,171.4,170.2,169.4,168.8,169.0,169.8,170.9,172.1,172.6,173.0,172.9,172.4,172.0,172.7,172.0,170.4,168.9,168.2,168.9,170.4,172.7,169.1,168.0,170.1,174.1,177.7,178.8,177.0,173.4,172.4,171.9,172.1,173.1,174.4,176.0,176.9,177.1,176.8,176.0,175.0,174.9,175.7,175.3,173.7,172.0,171.1,171.6,173.1,-15.1,-13.4,-9.2,-5.0,-3.3,-4.8,-9.2,-13.4,-22.4,-19.0,-14.7,-9.9,-5.5,-2.2,0.2,-2.2,-5.9,-10.3,-14.8,-18.9,-11.2,-9.4,-7.6,-6.8,-7.6,-9.4,-11.2,-12.0,43.6,45.9,50.3,54.2,55.4,53.1,48.7,44.4,40.2,42.7,46.2,50.8,55.5,59.4,62.4,59.1,55.1,50.8,46.4,42.6,47.6,49.3,51.2,52.2,51.7,50.0,48.1,47.1,-96.3,-100.8,-102.8,-101.1,-96.8,-92.1,-90.4,-92.0,-95.8,-96.9,-97.6,-98.2,-98.1,-97.6,-96.7,-94.8,-93.8,-93.2,-93.3,-94.2,-94.7,-94.0,-94.9,-96.8,-98.7,-99.4,-98.5,-96.6,-88.0,-92.0,-93.2,-90.8,-86.2,-82.2,-81.0,-83.2,-87.5,-88.3,-88.6,-88.2,-87.2,-86.2,-84.8,-83.3,-82.8,-82.9,-83.9,-85.3,-85.6,-84.6,-85.1,-86.8,-88.8,-89.9,-89.3,-87.6,565.2,565.4,566.2,567.2,567.7,567.8,566.6,565.7,568.7,566.2,564.6,564.2,565.6,568.0,570.5,568.1,565.7,564.5,564.9,566.5,566.9,567.4,567.7,567.8,567.6,567.2,566.8,566.7,531.1,530.9,530.5,530.2,530.2,530.4,530.7,531.3,533.0,531.0,529.2,528.5,529.6,531.9,534.7,532.2,530.2,529.0,529.4,531.2,531.6,531.5,531.4,531.3,531.3,531.4,531.6,531.7,17.4,-43.2,498.6,0.29,0.286,0.03,0.9,0.4,0.01,0.0,0.0,1.32,0.26,0.0,0.01,0.0,0.4,0.15,0.16,0.0,0.65,1.19
-0.095572,0.45003,-0.887885,-0.303339,0.404045,-0.862979,-0.224,0.454,251.1,252.5,256.0,259.5,261.0,259.8,256.1,252.6,245.6,248.4,251.8,255.8,259.5,262.2,264.2,262.2,259.1,255.5,251.8,248.4,254.4,255.9,257.5,258.1,257.4,255.9,254.4,253.8,302.2,304.2,308.1,311.6,312.6,310.6,306.7,302.9,299.1,301.5,304.7,308.7,312.7,315.9,318.1,315.5,312.2,308.5,304.7,301.3,305.6,307.1,308.8,309.7,309.2,307.7,306.1,305.2,170.5,166.8,165.3,166.7,170.4,174.3,175.6,174.1,171.4,170.2,169.4,168.8,169.0,169.8,170.9,172.1,172.6,172.9,172.9,172.5,172.0,172.7,172.0,170.4,168.8,168.2,168.8,170.4,172.7,169.1,168.0,170.1,174.1,177.7,178.7,176.9,173.5,172.4,171.9,172.1,173.2,174.4,176.1,177.1,177.3,177.0,176.2,175.2,174.9,175.8,175.3,173.7,172.0,171.1,171.6,173.1,-15.6,-13.9,-9.7,-5.4,-3.6,-5.1,-9.6,-13.8,-22.4,-19.0,-14.7,-9.9,-5.5,-2.1,0.2,-2.2,-5.9,-10.3,-14.7,-18.9,-11.6,-9.8,-7.9,-7.2,-8.0,-9.8,-11.6,-12.4,43.7,46.0,50.4,54.4,55.5,53.2,48.8,44.6,40.4,42.9,46.4,50.9,55.6,59.5,62.4,59.1,55.1,50.8,46.4,42.7,47.7,49.4,51.3,52.3,51.8,50.1,48.2,47.2,-96.2,-100.6,-102.6,-101.0,-96.7,-92.0,-90.2,-91.9,-95.6,-96.6,-97.4,-98.0,-98.0,-97.5,-96.6,-94.7,-93.7,-93.1,-93.2,-94.0,-94.6,-93.8,-94.7,-96.7,-98.6,-99.3,-98.4,-96.5,-88.5,-92.6,-93.8,-91.4,-86.8,-82.7,-81.5,-83.7,-88.0,-88.9,-89.2,-88.8,-87.7,-86.6,-85.2,-83.6,-83.0,-83.2,-84.2,-85.7,-86.1,-85.1,-85.6,-87.4,-89.4,-90.4,-89.9,-88.1,564.3,564.5,565.3,566.1,566.5,566.7,565.6,564.8,567.7,565.2,563.6,563.2,564.7,567.1,569.6,567.2,564.8,563.6,564.0,565.5,566.0,566.3,566.7,566.8,566.6,566.2,565.9,565.8,534.5,534.3,534.0,533.6,533.4,533.6,533.9,534.6,536.4,534.4,532.6,531.8,532.9,535.0,537.8,535.4,533.3,532.3,532.7,534.5,534.9,534.8,534.6,534.6,534.6,534.8,535.0,535.0,17.3,-43.3,498.9,0.291,0.289,0.03,0.76,0.23,0.01,0.0,0.0,1.39,0.24,0.0,0.0,0.0,0.38,0.19,0.16,0.0,0.57,1.16
-0.145622,0.3804,-0.913286,-0.222613,0.294288,-0.929429,-0.197,0.351,251.5,253.2,256.8,260.4,261.8,260.4,256.5,252.9,247.5,249.8,252.9,256.8,260.7,263.7,265.8,263.3,260.0,256.2,252.7,249.7,255.1,256.7,258.3,259.0,258.4,256.8,255.2,254.5,304.1,306.0,309.9,313.5,314.7,312.7,308.8,304.9,299.9,302.4,305.8,310.0,314.0,317.1,319.1,316.7,313.4,309.7,305.9,302.3,307.5,309.0,310.7,311.6,311.1,309.5,307.8,307.0,167.8,164.2,162.8,164.5,168.2,172.1,173.3,171.6,168.6,167.3,166.7,166.3,166.9,168.1,169.9,171.1,171.7,171.8,171.3,170.3,169.6,170.3,169.7,168.1,166.5,165.7,166.3,167.9,169.7,166.4,165.4,167.4,171.2,174.5,175.5,173.8,172.5,170.5,169.1,168.9,170.3,172.3,174.9,175.8,175.7,175.3,174.6,173.9,172.1,172.9,172.5,171.1,169.5,168.6,169.0,170.5,-14.8,-12.8,-8.5,-4.2,-2.6,-4.2,-8.9,-13.1,-19.7,-16.9,-13.1,-8.5,-3.9,-0.3,2.1,-0.8,-4.8,-9.2,-13.3,-17.0,-10.5,-8.7,-6.8,-6.0,-6.7,-8.5,-10.4,-11.3,43.9,46.1,50.5,54.4,55.5,53.2,48.9,44.7,39.4,42.0,45.6,50.3,54.8,58.4,60.8,57.8,53.9,49.8,45.6,41.8,47.6,49.3,51.2,52.2,51.7,50.0,48.1,47.1,-97.5,-101.7,-103.3,-101.3,-96.8,-92.3,-91.0,-93.0,-97.2,-98.2,-98.6,-98.7,-98.2,-97.1,-95.3,-93.6,-92.7,-92.5,-93.3,-94.9,-95.6,-94.7,-95.4,-97.2,-99.1,-100.0,-99.3,-97.5,-87.8,-91.8,-93.0,-90.8,-86.4,-82.4,-81.2,-83.1,-85.0,-87.0,-88.4,-88.6,-87.3,-85.4,-82.9,-81.5,-81.1,-81.4,-82.2,-83.1,-85.3,-84.4,-84.9,-86.6,-88.5,-89.5,-88.9,-87.2,553.7,553.2,552.7,552.4,552.6,553.4,553.7,553.9,557.6,554.6,552.1,550.8,551.4,553.0,555.0,553.7,552.2,552.0,553.2,555.3,554.3,554.2,554.0,553.8,553.7,553.8,554.0,554.3,510.8,512.5,513.5,513.1,511.5,509.8,508.8,509.4,511.8,510.8,509.9,509.7,510.8,512.9,515.1,512.1,509.5,508.2,508.4,509.9,511.1,510.9,511.3,512.1,512.7,512.9,512.5,511.7,18.1,-43.9,497.2,0.278,0.285,0.035,0.77,0.14,0.01,0.0,0.0,1.26,0.17,0.0,0.0,0.0,0.41,0.22,0.12,0.0,0.56,1.08
-0.152133,0.377657,-0.913362,-0.207054,0.303665,-0.930009,-0.192,0.354,251.4,253.0,256.7,260.4,261.7,260.3,256.4,252.7,247.2,249.6,252.9,256.9,260.8,263.8,265.7,263.3,260.0,256.3,252.7,249.5,254.9,256.5,258.1,258.8,258.2,256.7,255.1,254.3,304.2,306.2,310.1,313.8,315.0,313.0,309.0,305.1,299.8,302.3,305.8,310.1,314.1,317.2,319.2,316.8,313.5,309.8,305.9,302.3,307.7,309.3,311.0,311.9,311.3,309.7,308.0,307.1,167.9,164.2,162.8,164.5,168.3,172.2,173.3,171.6,168.6,167.4,166.8,166.4,166.9,168.1,169.8,171.1,171.7,171.9,171.4,170.3,169.5,170.3,169.7,168.1,166.5,165.7,166.3,167.9,169.9,166.5,165.5,167.5,171.4,174.8,175.7,174.0,172.5,170.5,169.1,168.9,170.3,172.4,175.0,175.8,175.7,175.3,174.6,173.9,172.3,173.2,172.7,171.3,169.6,168.7,169.1,170.6,-14.8,-12.9,-8.5,-4.3,-2.7,-4.3,-9.0,-13.2,-19.9,-17.0,-13.0,-8.3,-3.7,-0.3,2.0,-0.8,-4.7,-9.0,-13.3,-17.1,-10.7,-8.8,-7.0,-6.1,-6.8,-8.6,-10.5,-11.4,43.7,46.0,50.4,54.3,55.5,53.1,48.8,44.5,39.0,41.7,45.3,49.9,54.4,58.1,60.5,57.5,53.6,49.5,45.3,41.5,47.5,49.2,51.1,52.1,51.6,49.9,48.0,47.0,-96.4,-100.7,-102.2,-100.3,-95.9,-91.5,-90.1,-92.1,-96.1,-97.1,-97.5,-97.7,-97.3,-96.3,-94.6,-92.8,-91.8,-91.6,-92.3,-93.8,-94.6,-93.8,-94.5,-96.3,-98.2,-99.0,-98.3,-96.5,-87.1,-91.1,-92.3,-90.0,-85.6,-81.6,-80.4,-82.3,-84.4,-86.4,-87.8,-87.9,-86.6,-84.7,-82.2,-80.8,-80.5,-80.8,-81.6,-82.5,-84.5,-83.5,-84.0,-85.8,-87.7,-88.7,-88.2,-86.4,547.9,547.3,547.0,547.1,547.6,548.5,548.5,548.4,551.5,548.6,546.3,545.3,546.2,548.2,550.4,548.9,547.2,546.7,547.6,549.5,548.9,548.9,548.8,548.5,548.3,548.3,548.4,548.7,507.0,508.8,509.8,509.4,507.9,506.2,505.2,505.6,508.1,507.1,506.2,506.0,507.1,509.1,511.3,508.3,505.8,504.4,504.6,506.2,507.4,507.2,507.6,508.4,509.1,509.2,508.8,508.0,18.0,-43.9,497.1,0.275,0.285,0.036,0.76,0.07,0.0,0.0,0.0,1.06,0.07,0.0,0.0,0.0,0.42,0.11,0.02,0.0,0.61,0.91
-0.145501,0.34952,-0.925562,-0.228594,0.269592,-0.935449,-0.198,0.321,252.0,253.7,257.6,261.2,262.6,261.2,257.1,253.4,247.6,249.9,253.3,257.5,261.7,264.7,266.8,264.2,260.7,256.8,253.1,249.9,255.7,257.3,258.9,259.6,259.0,257.5,255.8,255.1,304.7,306.5,310.4,314.0,315.3,313.4,309.6,305.6,300.3,302.8,306.3,310.7,314.7,317.7,319.4,317.3,314.1,310.5,306.6,302.8,308.1,309.7,311.3,312.0,311.5,310.0,308.4,307.6,165.8,162.0,160.6,162.3,166.3,170.3,171.5,169.7,166.8,165.3,164.5,164.2,164.9,166.3,168.3,169.6,170.1,170.2,169.7,168.6,167.6,168.3,167.7,166.1,164.4,163.7,164.3,165.9,167.9,164.4,163.4,165.4,169.3,172.8,173.9,172.2,170.7,168.6,167.2,166.9,168.2,170.3,172.9,174.0,174.2,173.8,173.1,172.3,170.2,171.1,170.6,169.2,167.5,166.7,167.1,168.6,-13.5,-11.6,-7.2,-3.1,-1.5,-3.2,-7.8,-11.9,-18.6,-15.8,-12.0,-7.2,-2.6,0.8,3.1,0.3,-3.7,-8.1,-12.3,-16.0,-9.4,-7.6,-5.8,-4.9,-5.6,-7.4,-9.2,-10.0,43.7,45.8,50.1,54.0,55.3,53.1,48.9,44.6,39.0,41.7,45.4,50.1,54.6,58.1,60.3,57.6,53.9,49.8,45.6,41.7,47.5,49.1,50.9,51.8,51.3,49.6,47.9,47.0,-94.8,-99.0,-100.5,-98.5,-94.1,-89.6,-88.4,-90.4,-94.3,-95.5,-95.9,-96.1,-95.4,-94.1,-92.2,-90.5,-89.7,-89.5,-90.3,-91.9,-92.9,-92.0,-92.7,-94.4,-96.3,-97.2,-96.5,-94.8,-88.1,-92.2,-93.6,-91.4,-87.0,-82.9,-81.6,-83.5,-85.3,-87.4,-88.9,-89.2,-88.0,-86.3,-83.9,-82.1,-81.5,-81.6,-82.3,-83.4,-85.8,-84.9,-85.5,-87.2,-89.1,-90.0,-89.4,-87.7,525.1,524.8,524.4,524.2,524.4,525.0,525.1,525.3,529.1,526.2,523.7,522.4,523.1,524.9,526.9,525.5,523.9,523.6,524.8,526.8,525.8,525.7,525.6,525.4,525.3,525.4,525.6,525.7,501.3,502.8,504.0,504.1,503.1,501.6,500.4,500.4,502.3,501.3,500.6,500.7,502.4,504.9,507.5,504.4,501.6,499.9,499.6,500.8,502.2,502.2,502.7,503.3,503.8,503.7,503.2,502.6,18.6,-46.0,498.5,0.261,0.287,0.041,0.75,0.02,0.0,0.0,0.0,0.78,0.04,0.0,0.0,0.0,0.42,0.06,0.06,0.0,0.67,0.75
-0.161325,0.35504,-0.920826,-0.22583,0.272065,-0.935405,-0.206,0.326,252.7,254.6,258.4,262.1,263.3,261.8,257.6,254.0,248.7,250.9,254.2,258.3,262.5,265.7,267.9,265.2,261.4,257.5,253.8,250.8,256.5,258.0,259.6,260.4,259.9,258.3,256.7,256.0,305.7,307.7,311.6,315.1,316.1,314.1,310.2,306.4,301.5,303.9,307.3,311.6,315.7,318.8,320.6,318.1,314.8,311.1,307.3,303.8,309.1,310.5,312.2,313.0,312.6,311.1,309.5,308.7,164.5,160.7,159.4,161.2,165.2,169.3,170.4,168.5,165.6,164.0,163.1,162.8,163.6,165.3,167.5,168.6,168.8,168.8,168.3,167.3,166.4,167.2,166.7,165.1,163.4,162.6,163.2,164.8,166.8,163.3,162.2,164.3,168.2,171.8,172.8,171.0,169.0,167.0,165.8,165.7,167.1,169.0,171.5,172.8,173.1,172.8,171.9,170.8,169.0,169.9,169.4,167.9,166.3,165.4,165.9,167.3,-12.6,-10.5,-6.2,-2.2,-0.7,-2.5,-7.1,-11.2,-17.2,-14.6,-10.9,-6.3,-1.7,1.9,4.3,1.3,-2.8,-7.3,-11.3,-14.8,-8.4,-6.7,-4.9,-4.0,-4.6,-6.3,-8.1,-9.0,45.6,47.9,52.2,56.1,57.1,54.9,50.5,46.4,41.2,43.7,47.3,51.9,56.6,60.3,62.6,59.5,55.6,51.4,47.3,43.6,49.5,51.1,52.9,53.8,53.4,51.8,50.0,49.0,-95.6,-99.8,-101.2,-98.9,-94.4,-89.9,-88.8,-91.0,-95.1,-96.4,-96.9,-97.0,-96.0,-94.4,-92.3,-90.8,-90.3,-90.4,-91.2,-92.8,-93.4,-92.5,-93.1,-94.8,-96.7,-97.7,-97.1,-95.3,-91.1,-95.1,-96.4,-94.1,-89.6,-85.6,-84.4,-86.4,-89.0,-91.0,-92.1,-92.1,-90.8,-89.1,-86.9,-85.0,-84.2,-84.3,-85.3,-86.8,-88.8,-87.9,-88.4,-90.1,-91.9,-92.9,-92.4,-90.7,521.9,521.7,520.9,520.1,519.7,520.1,520.6,521.4,526.1,523.1,520.3,518.7,518.9,520.1,521.7,520.4,519.2,519.3,520.8,523.4,521.9,521.5,521.2,521.2,521.3,521.7,522.0,522.1,511.2,511.8,512.3,512.2,511.7,511.1,510.6,510.9,513.1,511.5,510.1,509.6,510.9,513.3,516.0,513.4,511.1,509.9,510.0,511.5,511.9,511.9,512.1,512.3,512.6,512.6,512.4,512.1,19.0,-47.2,496.9,0.245,0.286,0.051,0.72,0.02,0.0,0.0,0.0,0.62,0.0,0.0,0.0,0.0,0.39,0.0,0.05,0.0,0.71,0.67
-0.150805,0.347033,-0.925649,-0.219661,0.267168,-0.938281,-0.196,0.318,253.6,255.5,259.5,263.2,264.6,263.0,258.8,255.0,249.1,251.6,255.1,259.4,263.7,266.8,269.0,266.3,262.6,258.6,254.7,251.4,257.5,259.0,260.7,261.5,260.9,259.3,257.7,256.9,306.7,308.7,312.7,316.3,317.4,315.3,311.4,307.5,302.2,304.8,308.4,312.8,316.9,320.0,321.7,319.3,316.0,312.3,308.3,304.6,310.2,311.7,313.3,314.1,313.7,312.2,310.5,309.7,164.0,160.1,158.7,160.5,164.6,168.8,169.9,168.1,165.1,163.4,162.5,162.2,163.0,164.7,166.9,168.2,168.5,168.5,168.0,166.9,165.9,166.7,166.1,164.5,162.8,162.0,162.6,164.2,166.4,162.8,161.7,163.8,167.9,171.5,172.5,170.7,168.6,166.5,165.1,165.0,166.5,168.6,171.3,172.5,172.7,172.3,171.4,170.4,168.7,169.5,169.1,167.6,165.9,165.0,165.5,167.0,-11.3,-9.3,-4.9,-0.8,0.6,-1.1,-5.7,-9.8,-16.3,-13.5,-9.7,-5.0,-0.4,3.1,5.4,2.5,-1.5,-5.9,-10.1,-13.7,-7.1,-5.4,-3.6,-2.7,-3.4,-5.1,-6.9,-7.8,45.6,47.8,52.2,56.0,57.1,54.8,50.5,46.4,41.0,43.6,47.3,52.0,56.6,60.1,62.4,59.4,55.5,51.4,47.2,43.4,49.4,51.0,52.8,53.7,53.3,51.7,49.9,48.9,-93.6,-97.8,-99.3,-97.2,-92.7,-88.2,-87.0,-89.1,-93.1,-94.4,-95.0,-95.1,-94.3,-92.8,-90.6,-89.0,-88.4,-88.3,-89.1,-90.7,-91.6,-90.7,-91.3,-93.1,-95.0,-95.9,-95.2,-93.5,-89.3,-93.3,-94.6,-92.4,-87.9,-83.9,-82.6,-84.6,-87.2,-89.2,-90.5,-90.5,-89.2,-87.4,-84.9,-83.2,-82.5,-82.7,-83.7,-85.0,-87.0,-86.1,-86.6,-88.3,-90.1,-91.1,-90.5,-88.9,507.9,507.8,507.4,507.0,506.8,507.2,507.3,507.7,511.9,509.0,506.5,505.2,505.8,507.3,509.2,507.7,506.2,505.9,507.2,509.4,508.3,508.2,508.0,508.0,508.1,508.2,508.4,508.4,498.4,499.4,500.1,500.2,499.5,498.5,497.8,497.9,500.0,498.6,497.5,497.3,498.8,501.2,503.9,501.0,498.5,497.0,497.0,498.4,499.2,499.2,499.6,500.0,500.2,500.2,499.9,499.5,20.0,-48.0,497.8,0.242,0.275,0.058,0.57,0.0,0.0,0.0,0.0,0.47,0.0,0.0,0.0,0.0,0.4,0.0,0.06,0.0,0.76,0.72
-0.196418,0.344868,-0.91787,-0.236614,0.267566,-0.934035,-0.23,0.319,254.5,256.4,260.3,264.0,265.2,263.6,259.3,255.7,250.8,253.0,256.3,260.5,264.8,268.1,270.4,267.6,263.7,259.6,255.9,252.9,258.3,259.8,261.5,262.3,261.8,260.2,258.6,257.8,307.9,310.0,314.0,317.4,318.3,316.1,312.2,308.5,304.2,306.2,309.1,313.4,318.0,321.7,324.2,320.9,317.0,313.0,309.2,306.1,311.5,312.9,314.5,315.4,315.0,313.6,312.0,311.1,163.5,159.6,158.2,160.2,164.3,168.6,169.6,167.6,164.6,163.0,162.0,161.8,162.8,164.6,167.0,168.0,168.1,168.0,167.4,166.3,165.6,166.4,165.8,164.2,162.4,161.6,162.2,163.8,166.2,162.6,161.6,163.8,167.9,171.5,172.6,170.6,168.3,166.1,164.8,164.8,166.5,168.6,171.4,172.7,172.9,172.4,171.4,170.2,168.5,169.4,169.0,167.5,165.7,164.8,165.3,166.8,-10.3,-8.2,-4.0,-0.0,1.3,-0.5,-5.1,-9.0,-14.4,-11.9,-8.3,-3.8,0.8,4.4,7.0,3.8,-0.3,-4.7,-8.7,-12.1,-6.2,-4.5,-2.7,-1.8,-2.4,-4.1,-5.9,-6.8,46.2,48.5,52.5,56.0,56.9,54.7,50.6,46.9,42.7,44.6,47.4,51.7,56.5,60.6,63.5,59.9,55.6,51.4,47.5,44.5,50.0,51.5,53.1,54.1,53.7,52.2,50.5,49.6,-93.8,-98.0,-99.2,-96.9,-92.3,-87.8,-86.9,-89.2,-93.4,-94.6,-95.0,-94.9,-93.8,-92.1,-89.8,-88.5,-88.2,-88.3,-89.3,-90.9,-91.5,-90.5,-91.0,-92.8,-94.7,-95.7,-95.2,-93.4,-88.3,-92.0,-92.9,-90.4,-86.0,-82.3,-81.4,-83.6,-86.7,-88.6,-89.4,-89.1,-87.4,-85.4,-82.9,-81.3,-80.9,-81.3,-82.6,-84.3,-85.8,-84.8,-85.2,-86.8,-88.6,-89.6,-89.3,-87.7,506.0,505.6,504.6,503.4,502.8,503.3,504.2,505.4,510.3,507.1,504.1,502.1,502.1,503.2,504.7,503.5,502.5,502.8,504.5,507.3,505.6,505.1,504.7,504.5,504.8,505.3,505.7,505.9,491.7,491.3,490.4,489.4,489.0,489.4,490.3,491.6,495.2,492.6,490.0,488.1,488.3,489.9,492.3,490.6,489.5,489.4,490.6,493.1,491.5,491.1,490.7,490.6,490.7,491.1,491.5,491.7,20.9,-48.4,497.4,0.245,0.267,0.067,0.48,0.0,0.0,0.0,0.0,0.54,0.0,0.0,0.0,0.0,0.45,0.04,0.01,0.0,0.72,0.66
-0.201459,0.33959,-0.918745,-0.229828,0.268343,-0.935506,-0.229,0.317,255.7,257.8,261.8,265.4,266.6,264.8,260.5,256.9,252.1,254.4,257.8,262.0,266.3,269.5,271.6,268.8,265.0,261.0,257.3,254.2,259.5,261.1,262.8,263.6,263.1,261.6,259.9,259.0,309.3,311.4,315.4,318.8,319.7,317.5,313.6,309.9,305.4,307.5,310.6,314.9,319.4,323.0,325.3,322.2,318.3,314.4,310.6,307.4,312.8,314.2,315.9,316.8,316.4,315.0,313.3,312.4,163.1,159.3,157.9,159.8,163.9,168.1,169.1,167.2,164.6,162.7,161.5,161.2,162.3,164.3,166.9,167.8,167.8,167.6,167.1,166.2,165.2,166.0,165.5,163.8,162.1,161.3,161.8,163.5,166.2,162.6,161.6,163.8,167.9,171.5,172.5,170.6,168.3,166.1,164.7,164.7,166.4,168.5,171.4,172.6,172.8,172.4,171.4,170.2,168.5,169.4,169.0,167.5,165.8,164.9,165.3,166.8,-9.0,-6.8,-2.4,1.5,2.8,0.9,-3.7,-7.7,-13.1,-10.4,-6.7,-2.2,2.4,5.9,8.3,5.2,1.1,-3.3,-7.3,-10.7,-4.9,-3.2,-1.3,-0.4,-0.9,-2.6,-4.5,-5.4,48.1,50.4,54.5,58.1,58.9,56.6,52.5,48.7,44.3,46.3,49.3,53.7,58.5,62.5,65.3,61.7,57.5,53.3,49.3,46.2,51.8,53.3,55.0,56.0,55.6,54.1,52.4,51.5,-94.5,-98.7,-100.1,-97.7,-93.1,-88.6,-87.6,-89.9,-93.5,-95.1,-95.9,-95.9,-94.8,-92.8,-90.2,-89.0,-88.8,-89.0,-89.8,-91.3,-92.1,-91.1,-91.7,-93.5,-95.5,-96.5,-95.9,-94.1,-89.0,-92.8,-93.8,-91.3,-86.9,-83.1,-82.1,-84.3,-87.3,-89.3,-90.3,-90.0,-88.4,-86.4,-83.7,-82.1,-81.7,-82.1,-83.3,-85.0,-86.6,-85.6,-86.0,-87.5,-89.4,-90.4,-90.0,-88.4,507.5,507.7,506.9,505.7,504.7,504.7,505.3,506.5,511.3,508.5,505.8,504.1,504.2,505.2,506.5,505.1,504.0,504.1,505.7,508.4,507.1,506.6,506.3,506.3,506.7,507.3,507.6,507.5,495.8,495.7,495.1,494.2,493.7,493.8,494.5,495.6,499.0,496.7,494.3,492.7,493.1,494.8,497.1,495.2,493.9,493.6,494.6,496.9,495.8,495.5,495.2,495.1,495.3,495.7,496.0,496.0,22.1,-48.8,498.5,0.249,0.259,0.077,0.35,0.0,0.0,0.0,0.0,0.49,0.0,0.0,0.0,0.0,0.47,0.12,0.04,0.0,0.61,0.58
-0.176743,0.361607,-0.915425,-0.214435,0.291384,-0.932262,-0.209,0.34,257.1,259.1,263.1,266.8,268.0,266.3,262.1,258.4,252.6,255.4,259.1,263.5,267.6,270.5,272.3,269.8,266.3,262.4,258.6,255.1,260.8,262.4,264.1,264.9,264.4,262.8,261.1,260.3,310.8,312.8,316.7,320.2,321.1,319.1,315.2,311.4,306.7,309.0,312.1,316.4,320.6,323.9,326.0,323.2,319.7,315.9,312.1,308.8,314.2,315.7,317.3,318.1,317.7,316.3,314.7,313.8,163.0,159.2,157.9,159.9,164.0,168.1,169.1,167.1,164.0,162.2,161.3,161.1,162.1,164.0,166.5,167.5,167.7,167.5,166.9,165.7,165.0,165.9,165.3,163.7,162.0,161.1,161.7,163.3,166.4,162.9,161.9,164.0,168.0,171.5,172.5,170.6,168.2,166.1,164.8,164.8,166.2,168.1,170.7,172.2,172.6,172.3,171.4,170.2,168.6,169.4,169.0,167.5,165.9,165.0,165.4,166.9,-7.6,-5.4,-1.0,3.1,4.4,2.5,-2.1,-6.2,-12.6,-9.5,-5.4,-0.5,3.9,7.1,9.2,6.4,2.6,-1.7,-6.0,-9.8,-3.5,-1.8,0.1,1.0,0.4,-1.3,-3.2,-4.1,51.4,53.7,58.0,61.7,62.8,60.5,56.2,52.2,47.2,49.5,52.8,57.3,62.1,66.0,68.6,65.3,61.1,56.9,52.8,49.4,55.3,56.9,58.6,59.6,59.1,57.6,55.8,54.9,-95.8,-100.0,-101.4,-99.2,-94.7,-90.2,-89.1,-91.3,-95.3,-96.7,-97.3,-97.4,-96.5,-94.8,-92.4,-91.0,-90.4,-90.5,-91.3,-92.9,-93.7,-92.7,-93.3,-95.1,-97.0,-98.0,-97.4,-95.6,-91.9,-95.8,-96.9,-94.5,-90.1,-86.2,-85.1,-87.3,-90.4,-92.4,-93.4,-93.3,-91.9,-90.1,-87.7,-85.8,-85.0,-85.2,-86.3,-88.0,-89.7,-88.7,-89.1,-90.7,-92.6,-93.5,-93.1,-91.5,513.5,513.6,513.7,513.7,513.6,513.8,513.4,513.5,516.7,514.2,512.2,511.5,512.6,514.5,516.6,514.7,512.8,512.0,512.7,514.5,514.4,514.3,514.4,514.4,514.4,514.4,514.4,514.4,513.2,513.1,512.9,512.7,512.6,512.6,512.8,513.3,516.0,513.9,511.9,510.8,511.7,513.9,516.5,514.4,512.6,511.9,512.5,514.3,513.7,513.6,513.5,513.5,513.6,513.7,513.8,513.8,23.3,-49.3,500.0,0.249,0.248,0.086,0.35,0.0,0.0,0.0,0.0,0.49,0.0,0.0,0.0,0.0,0.42,0.17,0.03,0.0,0.41,0.54
-0.17765,0.375465,-0.909652,-0.238784,0.266962,-0.933656,-0.222,0.335,258.6,260.5,264.5,268.2,269.4,267.8,263.5,259.8,254.2,256.9,260.6,264.9,269.0,271.9,273.7,271.2,267.8,263.9,260.1,256.7,262.2,263.8,265.5,266.3,265.8,264.2,262.5,261.7,312.0,314.3,318.3,321.6,322.4,320.1,316.1,312.5,308.3,310.4,313.4,317.7,322.3,326.0,328.4,325.1,321.1,317.0,313.2,310.1,315.5,316.9,318.6,319.5,319.2,317.8,316.2,315.2,163.0,159.2,157.9,159.8,163.9,168.0,169.0,167.1,163.7,162.2,161.4,161.1,162.0,163.6,165.9,167.1,167.5,167.5,166.8,165.6,165.0,165.8,165.2,163.6,161.9,161.0,161.6,163.2,166.2,162.6,161.7,163.9,168.1,171.7,172.6,170.6,168.3,166.2,164.9,164.9,166.7,169.0,171.9,173.1,173.1,172.5,171.4,170.2,168.6,169.5,169.1,167.6,165.9,165.0,165.4,166.9,-6.0,-3.9,0.5,4.7,6.1,4.2,-0.5,-4.6,-11.0,-7.9,-3.8,1.0,5.5,8.7,10.9,8.1,4.2,-0.1,-4.3,-8.1,-2.0,-0.2,1.7,2.6,2.0,0.2,-1.7,-2.6,50.2,52.6,56.6,60.0,60.7,58.3,54.3,50.7,46.7,48.6,51.5,55.7,60.5,64.6,67.4,63.7,59.3,55.1,51.3,48.3,53.9,55.2,56.9,57.9,57.6,56.2,54.5,53.6,-96.8,-101.0,-102.4,-100.3,-95.8,-91.3,-90.1,-92.3,-96.5,-97.8,-98.3,-98.4,-97.7,-96.3,-94.1,-92.5,-91.7,-91.6,-92.4,-94.1,-94.7,-93.8,-94.4,-96.2,-98.2,-99.1,-98.5,-96.7,-87.6,-91.3,-92.2,-89.6,-85.1,-81.4,-80.6,-83.0,-86.0,-87.8,-88.7,-88.3,-86.5,-84.3,-81.7,-80.2,-80.0,-80.6,-81.9,-83.6,-85.1,-84.0,-84.4,-85.9,-87.7,-88.8,-88.5,-86.9,519.0,518.8,518.7,518.8,519.1,519.6,519.4,519.3,522.1,519.5,517.5,516.8,517.9,520.0,522.2,520.5,518.5,517.7,518.4,520.1,520.0,520.0,520.0,519.9,519.8,519.8,519.8,519.9,488.0,487.8,486.9,485.8,485.1,485.3,486.2,487.6,491.2,488.8,486.3,484.4,484.5,486.0,488.3,486.4,485.3,485.2,486.5,489.0,487.6,487.2,486.8,486.7,487.0,487.4,487.8,487.9,24.6,-49.2,499.5,0.257,0.237,0.094,0.25,0.0,0.0,0.0,0.0,0.45,0.0,0.0,0.0,0.0,0.37,0.22,0.03,0.0,0.21,0.59
-0.193903,0.38246,-0.903397,-0.22186,0.299461,-0.927956,-0.223,0.356,259.5,261.4,265.4,269.0,270.3,268.6,264.4,260.7,255.3,258.0,261.7,266.0,270.0,272.8,274.6,272.2,268.8,265.0,261.2,257.8,263.1,264.7,266.4,267.2,266.6,265.1,263.4,262.6,313.2,315.3,319.3,322.6,323.5,321.3,317.4,313.8,309.3,311.5,314.6,318.9,323.2,326.5,328.6,325.7,322.1,318.3,314.5,311.3,316.6,318.0,319.6,320.5,320.2,318.8,317.2,316.3,163.0,159.3,158.0,159.9,163.9,168.0,169.0,167.0,163.6,162.1,161.4,161.2,162.0,163.6,165.8,167.1,167.5,167.5,166.8,165.6,164.9,165.8,165.2,163.6,161.9,161.1,161.6,163.2,166.8,163.3,162.3,164.5,168.5,172.0,173.0,171.0,168.8,166.6,165.3,165.3,166.8,168.9,171.7,172.9,173.1,172.7,171.8,170.6,169.0,169.9,169.5,168.1,166.4,165.5,165.9,167.4,-5.1,-2.9,1.5,5.6,7.0,5.1,0.4,-3.7,-9.9,-6.7,-2.6,2.2,6.7,9.9,12.0,9.2,5.4,1.1,-3.2,-7.0,-1.0,0.7,2.6,3.6,3.0,1.2,-0.7,-1.6,53.8,56.1,60.4,64.0,64.9,62.5,58.3,54.4,49.8,51.9,55.1,59.7,64.4,68.4,71.0,67.6,63.4,59.1,55.1,51.8,57.6,59.1,60.8,61.8,61.4,59.9,58.2,57.2,-97.7,-101.8,-103.2,-101.1,-96.7,-92.3,-91.1,-93.3,-97.6,-98.8,-99.2,-99.3,-98.6,-97.3,-95.2,-93.4,-92.6,-92.4,-93.3,-95.0,-95.7,-94.8,-95.4,-97.2,-99.1,-100.0,-99.4,-97.6,-91.0,-94.8,-95.8,-93.3,-88.9,-85.1,-84.1,-86.3,-89.3,-91.3,-92.4,-92.2,-90.6,-88.6,-86.0,-84.3,-83.8,-84.2,-85.3,-86.9,-88.6,-87.6,-88.0,-89.6,-91.4,-92.4,-92.0,-90.4,524.2,523.8,523.6,523.8,524.2,524.9,524.8,524.6,527.2,524.6,522.5,521.8,523.1,525.2,527.6,525.9,523.9,523.1,523.7,525.3,525.2,525.3,525.2,525.1,524.9,524.8,524.9,525.1,510.2,510.3,509.9,509.4,509.0,508.9,509.3,510.1,513.0,510.9,508.8,507.6,508.2,510.2,512.7,510.6,509.0,508.3,509.1,511.1,510.5,510.3,510.1,510.1,510.3,510.5,510.7,510.6,25.7,-49.0,500.1,0.271,0.232,0.097,0.18,0.0,0.0,0.0,0.0,0.38,0.0,0.0,0.0,0.0,0.34,0.29,0.0,0.0,0.07,0.52
-0.201388,0.365193,-0.908888,-0.20974,0.310204,-0.927245,-0.22,0.352,260.1,262.1,266.1,269.7,270.8,269.1,264.8,261.2,256.4,258.8,262.1,266.3,270.5,273.7,275.9,273.1,269.3,265.3,261.6,258.5,263.8,265.4,267.0,267.9,267.4,265.9,264.2,263.4,313.8,315.9,319.9,323.3,324.3,322.2,318.2,314.5,309.8,312.0,315.2,319.5,323.8,327.1,329.2,326.5,323.0,319.2,315.3,311.9,317.3,318.7,320.4,321.2,320.8,319.4,317.8,316.9,163.0,159.2,157.9,159.9,164.1,168.2,169.2,167.1,164.1,162.4,161.5,161.3,162.4,164.2,166.6,167.7,167.8,167.6,167.0,165.8,165.1,166.0,165.4,163.8,162.1,161.2,161.8,163.4,167.2,163.6,162.6,164.7,168.7,172.3,173.4,171.5,169.1,167.0,165.7,165.6,167.0,168.8,171.3,172.5,172.9,172.7,171.8,170.8,169.3,170.2,169.8,168.3,166.6,165.8,166.2,167.7,-4.3,-2.1,2.3,6.2,7.4,5.6,0.9,-3.0,-8.4,-5.8,-2.1,2.5,7.1,10.6,13.1,10.0,5.8,1.4,-2.7,-6.1,-0.2,1.5,3.3,4.2,3.7,2.1,0.2,-0.7,54.7,57.0,61.3,65.1,66.2,63.9,59.6,55.5,50.5,52.8,56.1,60.7,65.5,69.4,72.1,68.8,64.7,60.4,56.3,52.8,58.6,60.2,62.0,62.9,62.5,60.9,59.1,58.2,-95.3,-99.4,-100.7,-98.2,-93.6,-89.2,-88.3,-90.7,-94.8,-96.1,-96.5,-96.5,-95.4,-93.6,-91.2,-89.8,-89.5,-89.7,-90.7,-92.4,-92.9,-91.9,-92.4,-94.2,-96.1,-97.1,-96.6,-94.9,-91.0,-94.9,-96.0,-93.6,-89.2,-85.2,-84.1,-86.3,-89.3,-91.3,-92.3,-92.2,-91.0,-89.4,-87.1,-85.3,-84.6,-84.7,-85.7,-87.2,-88.7,-87.7,-88.2,-89.8,-91.7,-92.6,-92.2,-90.6,511.1,510.9,510.0,509.0,508.4,508.8,509.5,510.5,515.0,512.0,509.2,507.6,507.7,509.0,510.5,509.2,508.0,508.1,509.6,512.2,510.9,510.5,510.1,510.0,510.2,510.7,511.0,511.1,512.6,512.6,512.4,512.3,512.2,512.2,512.3,512.8,515.2,513.2,511.3,510.3,511.2,513.5,516.2,514.0,512.1,511.2,511.8,513.6,513.2,513.2,513.1,513.1,513.1,513.2,513.3,513.3,26.3,-48.8,499.9,0.27,0.226,0.099,0.08,0.0,0.0,0.0,0.0,0.29,0.0,0.0,0.0,0.0,0.41,0.43,0.0,0.0,0.0,0.36
-0.217324,0.342499,-0.914038,-0.223529,0.278359,-0.934104,-0.234,0.324,260.1,262.2,266.3,269.9,271.0,269.2,264.9,261.2,256.7,259.0,262.3,266.6,270.9,274.2,276.6,273.6,269.6,265.5,261.7,258.7,264.0,265.5,267.2,268.1,267.6,266.1,264.4,263.5,314.1,316.3,320.3,323.8,324.6,322.3,318.3,314.6,310.2,312.3,315.3,319.6,324.2,328.0,330.5,327.2,323.2,319.1,315.2,312.1,317.7,319.1,320.7,321.6,321.3,319.9,318.2,317.3,162.9,159.0,157.6,159.6,163.8,168.1,169.1,167.1,164.2,162.4,161.4,161.2,162.3,164.2,166.7,167.7,167.7,167.5,166.9,165.9,165.1,165.9,165.3,163.7,161.9,161.1,161.6,163.3,167.1,163.4,162.4,164.6,168.7,172.4,173.4,171.5,169.4,167.1,165.6,165.5,167.2,169.5,172.4,173.5,173.5,173.0,172.1,171.1,169.4,170.3,169.9,168.4,166.7,165.8,166.2,167.7,-4.1,-1.9,2.4,6.3,7.4,5.5,0.9,-3.0,-7.9,-5.4,-1.8,2.7,7.3,10.9,13.4,10.2,6.0,1.6,-2.4,-5.7,-0.1,1.6,3.4,4.4,3.9,2.2,0.4,-0.5,52.3,54.7,58.8,62.2,62.9,60.6,56.5,52.8,48.5,50.5,53.4,57.7,62.5,66.6,69.5,65.7,61.4,57.2,53.3,50.3,56.0,57.4,59.1,60.1,59.8,58.3,56.7,55.7,-93.0,-97.2,-98.4,-96.0,-91.4,-86.9,-86.0,-88.4,-92.3,-93.6,-94.2,-94.1,-93.0,-91.1,-88.7,-87.4,-87.2,-87.4,-88.4,-89.9,-90.6,-89.5,-90.1,-91.8,-93.8,-94.8,-94.3,-92.5,-86.6,-90.5,-91.4,-88.9,-84.4,-80.6,-79.7,-81.9,-84.7,-86.7,-87.8,-87.7,-86.0,-83.8,-81.1,-79.7,-79.4,-79.9,-81.1,-82.5,-84.1,-83.1,-83.5,-85.1,-86.9,-87.9,-87.5,-86.0,498.3,498.3,497.3,495.8,494.8,494.9,495.8,497.2,502.1,499.1,496.3,494.5,494.3,495.3,496.5,495.2,494.1,494.4,496.2,499.1,497.6,497.0,496.6,496.6,497.0,497.6,498.1,498.1,487.5,487.6,486.8,485.7,484.8,484.8,485.5,486.9,490.6,488.3,485.9,484.1,484.2,485.6,487.7,485.8,484.5,484.5,485.7,488.3,487.1,486.7,486.4,486.4,486.7,487.2,487.5,487.5,26.7,-49.0,500.0,0.267,0.223,0.101,0.02,0.0,0.0,0.0,0.0,0.22,0.0,0.0,0.0,0.0,0.41,0.6,0.0,0.0,0.0,0.16
-0.211315,0.36222,-0.907823,-0.244414,0.272178,-0.930688,-0.243,0.332,260.2,262.2,266.2,269.8,271.0,269.3,265.0,261.4,256.6,259.0,262.3,266.5,270.8,274.1,276.2,273.4,269.6,265.5,261.8,258.7,264.0,265.5,267.2,268.1,267.6,266.0,264.3,263.5,313.9,316.2,320.2,323.7,324.5,322.2,318.1,314.5,310.3,312.3,315.2,319.5,324.3,328.3,331.1,327.5,323.2,319.0,315.1,312.1,317.6,319.0,320.6,321.6,321.2,319.8,318.2,317.3,162.7,158.8,157.5,159.6,163.8,167.9,168.9,166.8,163.6,161.9,161.0,160.8,161.9,163.7,166.2,167.3,167.6,167.4,166.7,165.5,164.8,165.7,165.1,163.5,161.7,160.9,161.4,163.0,166.7,162.9,161.8,164.1,168.4,172.2,173.2,171.3,168.9,166.6,165.2,165.2,166.9,169.3,172.2,173.2,173.2,172.7,171.7,170.6,169.1,170.0,169.6,168.0,166.2,165.3,165.8,167.3,-4.2,-2.0,2.3,6.3,7.6,5.7,1.1,-2.9,-8.1,-5.5,-1.8,2.7,7.4,10.9,13.3,10.2,6.0,1.6,-2.4,-5.8,-0.0,1.6,3.5,4.4,3.9,2.2,0.4,-0.6,50.5,52.8,56.8,60.0,60.7,58.5,54.6,51.1,47.2,49.0,51.7,55.7,60.5,64.7,67.8,63.9,59.5,55.3,51.6,48.8,54.2,55.5,57.1,58.1,57.8,56.4,54.8,53.9,-95.0,-99.1,-100.3,-97.9,-93.3,-88.9,-88.0,-90.4,-94.6,-96.0,-96.4,-96.3,-95.2,-93.4,-91.0,-89.6,-89.1,-89.3,-90.3,-92.1,-92.6,-91.6,-92.1,-93.9,-95.8,-96.8,-96.3,-94.6,-84.3,-88.1,-89.0,-86.5,-82.0,-78.2,-77.4,-79.6,-82.8,-84.6,-85.5,-85.2,-83.4,-81.2,-78.6,-77.3,-77.1,-77.7,-79.0,-80.6,-81.8,-80.8,-81.2,-82.7,-84.5,-85.6,-85.2,-83.7,507.5,507.1,506.1,505.1,504.7,505.3,506.1,507.1,511.4,508.3,505.5,503.8,504.0,505.3,506.9,505.7,504.5,504.6,506.2,508.7,507.4,506.9,506.5,506.3,506.5,506.9,507.4,507.5,472.5,472.3,471.1,469.7,468.9,469.1,470.3,472.0,476.0,473.4,470.7,468.5,468.3,469.5,471.5,469.7,468.8,469.1,470.7,473.5,471.9,471.3,470.8,470.7,471.0,471.6,472.1,472.2,26.6,-49.5,500.2,0.264,0.225,0.103,0.02,0.0,0.0,0.0,0.0,0.16,0.0,0.0,0.02,0.0,0.37,0.64,0.0,0.0,0.0,0.04
-0.193891,0.360692,-0.912309,-0.222822,0.295,-0.929153,-0.223,0.342,259.7,261.7,265.6,269.3,270.5,268.9,264.6,260.9,256.0,258.3,261.6,265.8,270.0,273.2,275.4,272.6,268.8,264.8,261.2,258.1,263.5,265.1,266.7,267.6,267.0,265.5,263.8,263.0,313.2,315.3,319.3,322.8,323.8,321.7,317.8,313.9,309.3,311.4,314.6,318.9,323.3,326.9,329.1,326.2,322.5,318.5,314.6,311.3,316.8,318.3,319.9,320.8,320.4,318.9,317.2,316.4,162.6,158.8,157.4,159.4,163.5,167.7,168.7,166.7,163.9,162.1,161.1,160.7,161.7,163.6,166.1,167.3,167.5,167.5,166.8,165.7,164.7,165.5,165.0,163.3,161.6,160.7,161.3,162.9,166.5,162.8,161.7,163.8,167.9,171.6,172.7,170.9,168.4,166.1,164.7,164.6,166.0,168.0,170.8,172.2,172.6,172.3,171.4,170.3,168.7,169.6,169.1,167.6,165.9,165.0,165.5,167.0,-4.7,-2.5,1.8,5.8,7.1,5.3,0.7,-3.3,-8.8,-6.3,-2.7,1.9,6.5,10.0,12.4,9.4,5.3,0.9,-3.1,-6.5,-0.5,1.1,3.0,3.9,3.3,1.6,-0.2,-1.1,52.6,54.8,59.0,62.8,63.8,61.6,57.4,53.4,48.7,50.8,53.9,58.4,63.2,67.2,70.0,66.5,62.3,58.1,54.0,50.7,56.5,58.0,59.8,60.7,60.3,58.7,57.0,56.1,-95.5,-99.6,-100.9,-98.6,-94.0,-89.5,-88.6,-90.9,-94.8,-96.3,-96.8,-96.9,-95.9,-94.1,-91.6,-90.1,-89.6,-89.7,-90.6,-92.3,-93.2,-92.2,-92.7,-94.5,-96.4,-97.4,-96.9,-95.1,-89.3,-93.2,-94.3,-92.0,-87.5,-83.6,-82.5,-84.6,-87.7,-89.8,-90.9,-90.8,-89.4,-87.6,-85.1,-83.2,-82.6,-82.7,-83.8,-85.4,-87.0,-86.0,-86.5,-88.1,-89.9,-90.9,-90.5,-88.8,509.9,509.6,508.8,507.8,507.4,507.8,508.4,509.4,513.7,510.8,508.0,506.4,506.6,507.8,509.4,508.1,506.9,507.0,508.6,511.1,509.8,509.4,509.0,508.9,509.1,509.5,509.9,510.0,499.0,499.0,498.6,498.0,497.7,497.8,498.2,499.0,501.9,499.7,497.6,496.3,496.9,498.8,501.3,499.2,497.6,497.1,497.9,500.0,499.3,499.1,498.9,498.9,499.0,499.2,499.4,499.4,26.1,-50.0,502.1,0.27,0.233,0.098,0.09,0.0,0.0,0.0,0.0,0.11,0.0,0.0,0.07,0.0,0.39,0.58,0.0,0.0,0.0,0.0
-0.202978,0.362397,-0.909653,-0.222912,0.291166,-0.93034,-0.227,0.341,258.7,260.7,264.6,268.3,269.5,267.9,263.6,259.9,255.0,257.3,260.6,264.9,269.2,272.4,274.6,271.8,268.0,263.9,260.2,257.1,262.5,264.1,265.7,266.5,266.0,264.5,262.8,262.0,312.3,314.4,318.4,321.9,322.8,320.7,316.7,313.0,308.3,310.5,313.7,318.0,322.4,325.9,328.0,325.1,321.4,317.5,313.7,310.4,315.8,317.3,318.9,319.8,319.4,317.9,316.3,315.4,162.7,158.9,157.5,159.5,163.7,167.9,168.9,166.9,164.0,162.1,161.1,160.8,161.8,163.7,166.4,167.5,167.7,167.6,167.0,165.8,164.8,165.6,165.1,163.5,161.7,160.9,161.4,163.1,166.3,162.6,161.6,163.7,167.8,171.4,172.5,170.6,168.2,165.8,164.4,164.3,165.8,167.9,170.7,172.2,172.7,172.4,171.5,170.2,168.5,169.3,168.9,167.4,165.7,164.8,165.2,166.8,-5.7,-3.6,0.7,4.7,6.0,4.2,-0.4,-4.4,-9.8,-7.3,-3.6,0.9,5.6,9.1,11.4,8.4,4.3,-0.1,-4.1,-7.5,-1.6,0.1,1.9,2.8,2.2,0.5,-1.3,-2.1,51.6,53.8,58.1,61.7,62.8,60.5,56.3,52.3,47.7,49.8,53.0,57.4,62.2,66.2,68.8,65.4,61.3,57.0,53.0,49.7,55.4,57.0,58.7,59.7,59.2,57.7,56.0,55.0,-94.6,-98.7,-100.0,-97.6,-93.1,-88.7,-87.7,-90.0,-94.0,-95.5,-96.0,-96.1,-95.0,-93.1,-90.6,-89.1,-88.7,-88.8,-89.8,-91.5,-92.3,-91.4,-91.9,-93.6,-95.5,-96.5,-96.0,-94.3,-89.5,-93.4,-94.4,-92.1,-87.7,-83.8,-82.8,-84.9,-88.0,-90.1,-91.2,-91.1,-89.7,-87.8,-85.2,-83.2,-82.5,-82.7,-83.8,-85.5,-87.3,-86.3,-86.7,-88.3,-90.1,-91.1,-90.7,-89.1,505.9,505.6,504.7,503.7,503.3,503.8,504.5,505.5,509.9,506.9,504.0,502.4,502.6,503.8,505.4,504.2,503.0,503.1,504.7,507.2,505.8,505.4,505.0,504.8,505.0,505.4,505.8,506.0,499.0,498.8,498.5,498.0,497.8,497.9,498.3,499.1,501.9,499.7,497.6,496.3,497.0,499.0,501.6,499.6,498.0,497.4,498.2,500.1,499.3,499.2,499.0,498.9,499.0,499.2,499.4,499.4,25.4,-50.1,502.3,0.276,0.239,0.09,0.13,0.0,0.0,0.0,0.0,0.11,0.0,0.0,0.07,0.0,0.42,0.47,0.0,0.0,0.0,0.0
-0.211615,0.356926,-0.909848,-0.255247,0.267532,-0.929126,-0.249,0.327,257.3,259.3,263.4,267.1,268.3,266.7,262.3,258.6,253.8,256.0,259.3,263.6,268.0,271.5,274.0,271.0,266.9,262.7,258.9,255.8,261.3,262.8,264.5,265.4,264.8,263.3,261.6,260.8,311.0,313.3,317.3,320.8,321.6,319.4,315.3,311.7,307.6,309.5,312.4,316.8,321.7,325.7,328.5,324.9,320.6,316.3,312.4,309.4,314.8,316.2,317.8,318.7,318.4,317.0,315.3,314.4,163.1,159.1,157.7,159.7,164.0,168.3,169.4,167.4,164.5,162.7,161.6,161.2,162.2,164.1,166.6,167.7,167.9,167.8,167.3,166.2,165.2,166.1,165.5,163.8,162.0,161.2,161.8,163.4,166.1,162.3,161.2,163.5,167.8,171.7,172.7,170.7,168.4,166.0,164.5,164.5,166.3,168.7,171.8,172.9,173.0,172.5,171.4,170.2,168.5,169.4,169.0,167.4,165.6,164.7,165.2,166.7,-7.0,-4.9,-0.7,3.2,4.5,2.8,-1.8,-5.7,-10.8,-8.4,-4.9,-0.4,4.2,7.8,10.4,7.3,3.1,-1.3,-5.3,-8.6,-2.9,-1.2,0.5,1.4,0.9,-0.8,-2.5,-3.4,46.9,49.1,52.9,56.2,56.9,54.7,50.9,47.4,43.8,45.4,48.1,52.1,56.9,61.1,64.1,60.3,55.9,51.7,48.0,45.3,50.5,51.8,53.4,54.3,54.0,52.7,51.1,50.2,-90.9,-95.1,-96.4,-94.0,-89.4,-85.0,-84.0,-86.3,-90.3,-91.6,-92.1,-92.1,-91.1,-89.3,-87.0,-85.6,-85.3,-85.4,-86.3,-87.9,-88.6,-87.6,-88.2,-89.9,-91.8,-92.8,-92.3,-90.6,-83.6,-87.3,-88.1,-85.6,-81.2,-77.5,-76.6,-78.9,-81.9,-83.9,-84.8,-84.5,-82.6,-80.5,-77.7,-76.3,-76.1,-76.7,-78.0,-79.6,-81.1,-80.1,-80.4,-81.9,-83.7,-84.8,-84.4,-82.9,488.5,488.1,487.0,485.7,484.9,485.4,486.4,487.7,492.7,489.5,486.5,484.5,484.3,485.3,486.7,485.5,484.6,485.0,486.8,489.7,487.9,487.4,486.9,486.7,487.1,487.6,488.1,488.2,464.9,464.5,463.1,461.7,461.0,461.5,462.8,464.5,468.4,465.8,463.0,460.7,460.5,461.6,463.7,462.1,461.3,461.6,463.2,466.0,464.2,463.6,463.1,462.9,463.2,463.8,464.3,464.5,24.2,-49.4,499.6,0.276,0.241,0.082,0.17,0.0,0.0,0.0,0.0,0.09,0.0,0.0,0.05,0.0,0.47,0.45,0.0,0.0,0.0,0.0
-0.181122,0.37116,-0.910733,-0.261738,0.264947,-0.92806,-0.236,0.333,256.3,258.3,262.3,266.0,267.2,265.6,261.3,257.6,252.4,254.7,258.1,262.4,266.7,269.8,272.0,269.2,265.4,261.4,257.7,254.5,260.1,261.7,263.4,264.2,263.7,262.1,260.4,259.6,309.5,311.8,316.0,319.6,320.5,318.2,314.0,310.1,305.9,307.9,310.9,315.4,320.5,324.7,327.7,323.9,319.5,315.1,311.0,307.8,313.4,314.8,316.5,317.5,317.1,315.6,313.9,313.0,164.2,160.3,159.0,161.0,165.1,169.3,170.4,168.4,165.4,163.5,162.5,162.2,163.2,165.1,167.6,168.7,169.0,168.9,168.2,167.1,166.3,167.1,166.5,164.9,163.2,162.3,162.9,164.5,167.0,163.0,161.7,164.0,168.4,172.5,173.7,171.8,169.6,167.0,165.3,165.1,166.8,169.3,172.5,173.7,173.9,173.4,172.5,171.4,169.4,170.3,169.8,168.1,166.3,165.4,165.9,167.6,-8.4,-6.2,-1.9,2.1,3.5,1.7,-3.0,-7.0,-12.7,-10.1,-6.4,-1.8,2.9,6.3,8.7,5.6,1.5,-2.9,-6.9,-10.3,-4.2,-2.5,-0.7,0.2,-0.4,-2.0,-3.9,-4.8,43.6,45.8,49.7,53.0,53.7,51.6,47.7,44.2,40.5,42.2,44.8,48.9,53.7,57.9,60.9,57.1,52.8,48.6,44.9,42.1,47.3,48.6,50.2,51.1,50.8,49.4,47.9,47.0,-93.3,-97.5,-98.8,-96.5,-91.9,-87.5,-86.4,-88.7,-92.8,-94.3,-94.9,-94.9,-93.9,-92.1,-89.6,-88.2,-87.7,-87.8,-88.7,-90.4,-91.1,-90.1,-90.7,-92.4,-94.4,-95.3,-94.8,-93.0,-79.7,-83.5,-84.5,-82.0,-77.6,-73.8,-72.8,-75.0,-77.7,-79.8,-80.9,-80.7,-79.0,-76.9,-74.1,-72.7,-72.4,-72.9,-74.1,-75.6,-77.2,-76.3,-76.7,-78.2,-80.0,-81.0,-80.6,-79.0,507.7,507.5,506.8,505.9,505.5,506.0,506.5,507.3,511.6,508.7,506.0,504.5,504.7,506.0,507.6,506.3,505.0,505.1,506.5,509.0,507.7,507.4,507.1,507.0,507.2,507.5,507.8,507.9,447.9,447.7,446.4,444.9,444.0,444.2,445.4,447.3,451.2,448.7,446.0,443.8,443.5,444.6,446.5,444.8,444.0,444.3,445.9,448.7,447.1,446.5,446.0,445.9,446.3,446.9,447.4,447.5,23.1,-48.5,499.7,0.285,0.245,0.072,0.25,0.0,0.0,0.0,0.0,0.11,0.0,0.0,0.0,0.0,0.28,0.34,0.0,0.0,0.0,0.0
-0.20791,0.378974,-0.901749,-0.212622,0.33355,-0.918442,-0.227,0.373,254.7,256.7,260.7,264.4,265.6,263.9,259.5,255.8,251.2,253.3,256.6,260.9,265.4,268.9,271.2,268.2,264.1,259.8,256.1,253.1,258.6,260.1,261.8,262.7,262.2,260.6,259.0,258.1,308.2,310.0,313.9,317.6,318.9,317.1,313.2,309.2,304.3,306.3,309.4,313.6,318.0,321.7,324.2,321.4,317.8,313.9,310.0,306.6,311.9,313.5,315.1,315.8,315.3,313.7,312.1,311.4,165.9,161.9,160.5,162.5,166.9,171.2,172.3,170.2,167.3,165.3,164.1,163.8,165.1,167.2,170.0,171.0,171.0,170.8,170.1,169.0,168.1,168.9,168.4,166.7,164.9,164.0,164.6,166.3,169.0,165.1,163.8,165.7,169.7,173.5,174.9,173.3,171.1,168.7,167.1,166.6,167.5,169.0,171.3,172.9,173.7,173.9,173.4,172.6,170.8,171.6,171.1,169.5,167.8,167.0,167.6,169.2,-9.7,-7.6,-3.4,0.4,1.6,-0.1,-4.6,-8.4,-13.4,-11.1,-7.7,-3.2,1.5,5.0,7.5,4.3,0.1,-4.3,-8.2,-11.4,-5.6,-4.0,-2.2,-1.4,-1.9,-3.5,-5.2,-6.1,47.9,49.8,54.0,58.0,59.5,57.5,53.4,49.1,44.0,46.0,49.1,53.5,58.4,62.6,65.6,62.4,58.2,53.9,49.8,46.3,52.0,53.7,55.4,56.2,55.6,54.0,52.2,51.4,-87.0,-91.1,-92.3,-89.9,-85.3,-80.9,-80.0,-82.4,-86.4,-87.9,-88.5,-88.4,-87.0,-85.0,-82.4,-81.2,-81.0,-81.4,-82.3,-84.0,-84.6,-83.6,-84.1,-85.8,-87.8,-88.8,-88.2,-86.5,-87.9,-92.0,-93.4,-91.3,-86.9,-82.8,-81.4,-83.3,-86.1,-88.3,-89.7,-90.0,-89.1,-87.9,-85.8,-83.7,-82.6,-82.3,-82.9,-84.1,-85.9,-85.1,-85.7,-87.3,-89.2,-90.0,-89.4,-87.7,482.8,482.4,481.1,479.6,478.8,479.4,480.5,482.0,487.2,484.0,480.8,478.6,478.3,479.2,480.5,479.5,478.7,479.3,481.2,484.2,482.1,481.5,480.9,480.8,481.1,481.7,482.2,482.4,506.1,505.7,505.3,505.1,505.2,505.6,506.0,506.5,509.0,506.7,504.6,503.3,504.1,506.2,508.8,506.8,505.2,504.6,505.4,507.3,506.7,506.6,506.4,506.3,506.2,506.3,506.5,506.6,21.9,-46.8,500.2,0.3,0.25,0.058,0.32,0.02,0.0,0.0,0.0,0.02,0.0,0.0,0.0,0.0,0.12,0.2,0.0,0.0,0.0,0.0
-0.200251,0.377072,-0.904277,-0.237629,0.278466,-0.930586,-0.234,0.343,253.7,255.5,259.5,263.2,264.5,263.0,258.7,255.0,250.0,252.2,255.5,259.9,264.3,267.6,269.8,266.9,263.1,258.9,255.2,252.1,257.6,259.1,260.8,261.5,261.0,259.4,257.8,257.0,307.1,309.3,313.5,317.2,318.2,316.0,311.9,307.9,303.3,305.2,308.2,312.7,317.9,322.2,325.2,321.5,317.1,312.6,308.5,305.2,311.1,312.6,314.3,315.2,314.8,313.3,311.6,310.7,168.4,164.5,163.1,165.1,169.3,173.5,174.6,172.6,169.5,167.6,166.6,166.3,167.4,169.4,172.1,173.1,173.4,173.3,172.6,171.4,170.4,171.3,170.7,169.0,167.3,166.5,167.0,168.7,171.0,167.0,165.6,167.8,172.2,176.2,177.6,175.7,174.1,171.2,169.3,168.7,170.3,172.8,176.1,177.6,177.9,177.6,176.8,175.9,173.3,174.2,173.6,172.0,170.2,169.3,169.9,171.5,-11.1,-9.0,-4.8,-0.8,0.5,-1.1,-5.7,-9.7,-15.1,-12.6,-9.0,-4.4,0.3,3.8,6.1,3.1,-1.0,-5.4,-9.4,-12.8,-6.9,-5.2,-3.5,-2.6,-3.2,-4.9,-6.6,-7.5,41.3,43.4,47.3,50.6,51.5,49.4,45.6,42.0,37.9,39.5,42.1,46.3,51.1,55.4,58.5,54.7,50.4,46.2,42.4,39.5,45.0,46.4,47.9,48.8,48.4,47.1,45.5,44.6,-87.2,-91.3,-92.5,-90.3,-85.8,-81.4,-80.4,-82.7,-86.7,-88.2,-88.8,-88.8,-87.7,-85.8,-83.2,-81.9,-81.4,-81.6,-82.5,-84.3,-85.0,-84.1,-84.6,-86.3,-88.2,-89.1,-88.6,-86.9,-75.6,-79.4,-80.5,-78.2,-73.9,-70.1,-69.0,-71.0,-73.2,-75.6,-77.0,-77.1,-75.6,-73.5,-70.6,-68.9,-68.4,-68.7,-69.7,-71.1,-73.3,-72.4,-72.8,-74.4,-76.2,-77.1,-76.6,-75.1,498.7,498.1,497.1,496.1,495.9,496.7,497.6,498.5,502.9,499.7,496.7,494.9,495.1,496.4,498.1,497.0,496.0,496.2,497.8,500.3,498.6,498.2,497.8,497.5,497.6,498.0,498.5,498.7,446.6,446.5,445.5,444.1,443.2,443.3,444.3,446.0,450.1,447.7,445.1,442.9,442.7,443.9,445.8,444.0,443.1,443.4,444.9,447.6,446.0,445.4,445.0,444.9,445.3,445.9,446.3,446.3,21.0,-44.0,498.9,0.316,0.252,0.05,0.46,0.13,0.0,0.0,0.0,0.02,0.0,0.0,0.0,0.0,0.01,0.06,0.0,0.0,0.0,0.0
-0.176085,0.397165,-0.900696,-0.258701,0.29025,-0.921319,-0.234,0.361,253.2,255.2,259.2,263.0,264.2,262.5,258.2,254.4,249.4,251.7,255.0,259.3,263.7,267.0,269.2,266.3,262.4,258.3,254.6,251.5,257.1,258.7,260.4,261.2,260.7,259.1,257.4,256.6,306.6,308.9,313.2,316.8,317.7,315.4,311.2,307.3,303.2,305.1,308.1,312.6,317.8,322.1,325.3,321.3,316.8,312.3,308.1,305.0,310.5,312.0,313.8,314.8,314.4,312.9,311.1,310.1,170.9,166.9,165.5,167.5,171.8,176.0,177.1,175.1,172.0,170.1,169.1,168.7,169.8,171.8,174.5,175.5,175.7,175.5,174.9,173.8,173.0,173.8,173.2,171.6,169.8,168.9,169.5,171.2,173.2,169.1,167.8,170.1,174.7,178.8,180.1,178.1,175.8,173.2,171.5,171.3,173.0,175.5,178.7,180.0,180.2,179.7,178.8,177.7,175.7,176.7,176.1,174.4,172.5,171.5,172.1,173.8,-11.5,-9.4,-5.1,-1.1,0.2,-1.6,-6.2,-10.2,-15.7,-13.2,-9.5,-5.0,-0.3,3.2,5.5,2.5,-1.7,-6.0,-10.0,-13.4,-7.4,-5.7,-3.9,-3.0,-3.5,-5.2,-7.0,-7.9,40.0,42.2,46.0,49.2,50.0,47.8,44.0,40.6,37.1,38.7,41.3,45.2,50.0,54.1,57.3,53.4,49.1,44.9,41.3,38.6,43.6,45.0,46.6,47.5,47.1,45.8,44.2,43.3,-84.4,-88.6,-89.9,-87.5,-83.0,-78.5,-77.5,-79.8,-83.8,-85.4,-86.0,-86.0,-84.9,-83.0,-80.3,-79.1,-78.8,-79.0,-79.9,-81.5,-82.1,-81.2,-81.7,-83.5,-85.4,-86.4,-85.8,-84.1,-72.1,-76.0,-76.9,-74.5,-70.1,-66.3,-65.3,-67.4,-70.3,-72.3,-73.4,-73.2,-71.5,-69.4,-66.6,-65.2,-64.9,-65.4,-66.6,-68.1,-69.6,-68.6,-69.1,-70.7,-72.5,-73.5,-73.1,-71.5,497.7,497.4,496.5,495.4,494.9,495.4,496.2,497.2,501.8,498.8,495.9,494.1,494.2,495.3,496.8,495.6,494.6,494.8,496.4,499.1,497.5,497.1,496.7,496.5,496.7,497.2,497.6,497.7,438.4,438.1,436.8,435.1,434.1,434.4,435.8,437.8,441.7,439.2,436.4,434.1,433.7,434.6,436.4,434.8,434.1,434.5,436.3,439.2,437.5,436.8,436.2,436.1,436.5,437.2,437.8,437.9,20.7,-40.5,495.4,0.333,0.248,0.041,0.65,0.56,0.0,0.0,0.0,0.09,0.0,0.0,0.0,0.0,0.12,0.03,0.0,0.0,0.1,0.16
-0.185209,0.383881,-0.904618,-0.28982,0.282994,-0.914286,-0.255,0.351,252.9,255.0,259.1,263.0,264.2,262.5,258.0,254.1,249.4,251.5,254.8,259.2,263.9,267.6,270.1,266.8,262.5,258.1,254.3,251.2,257.0,258.6,260.4,261.2,260.7,259.1,257.3,256.5,306.5,308.8,313.1,317.0,318.1,315.8,311.5,307.4,303.3,305.3,308.5,313.3,318.8,323.2,326.3,322.5,317.9,313.3,308.9,305.3,310.7,312.3,314.0,315.0,314.5,312.9,311.2,310.2,171.9,167.6,166.2,168.4,173.0,177.6,178.6,176.4,172.9,170.9,169.8,169.6,170.9,173.1,176.1,177.1,177.2,177.0,176.2,174.9,174.1,175.1,174.5,172.7,170.8,169.9,170.5,172.2,174.2,170.0,168.6,170.9,175.5,179.8,181.2,179.2,176.8,174.0,172.1,171.7,173.4,175.9,179.4,181.2,181.7,181.5,180.5,179.1,176.6,177.6,177.0,175.2,173.3,172.4,173.0,174.7,-11.0,-8.9,-4.8,-1.0,0.2,-1.5,-5.9,-9.8,-14.6,-12.4,-9.1,-4.7,-0.1,3.5,6.0,2.8,-1.4,-5.8,-9.6,-12.7,-6.9,-5.3,-3.6,-2.7,-3.2,-4.8,-6.6,-7.5,38.6,40.6,44.4,47.8,48.7,46.6,42.9,39.4,35.9,37.6,40.2,44.4,49.2,53.4,56.4,52.8,48.5,44.3,40.5,37.6,42.3,43.7,45.2,46.0,45.7,44.3,42.8,41.9,-77.3,-81.3,-82.5,-80.0,-75.5,-71.1,-70.3,-72.7,-77.0,-78.5,-79.0,-78.8,-77.5,-75.4,-72.7,-71.6,-71.4,-71.7,-72.8,-74.6,-74.9,-73.9,-74.4,-76.1,-78.0,-79.0,-78.6,-76.9,-68.8,-72.6,-73.7,-71.3,-67.0,-63.2,-62.1,-64.2,-66.9,-69.1,-70.3,-70.4,-68.8,-66.8,-64.0,-62.1,-61.4,-61.7,-62.8,-64.4,-66.5,-65.6,-66.0,-67.5,-69.3,-70.3,-69.8,-68.3,461.6,460.9,459.4,458.0,457.4,458.3,459.6,461.1,466.2,462.9,459.5,457.2,456.8,457.6,459.0,458.1,457.5,458.2,460.3,463.3,460.9,460.3,459.7,459.4,459.6,460.2,460.9,461.2,423.6,423.3,422.1,420.6,419.8,420.1,421.4,423.1,426.4,424.0,421.5,419.5,419.4,420.6,422.7,421.0,420.0,420.1,421.5,424.1,422.9,422.3,421.8,421.6,422.0,422.6,423.1,423.2,20.9,-37.6,489.5,0.337,0.23,0.034,0.93,0.87,0.0,0.08,0.0,0.42,0.0,0.0,0.0,0.0,0.28,0.03,0.0,0.0,0.54,0.87
-0.182241,0.361734,-0.914296,-0.265385,0.320393,-0.909351,-0.241,0.358,253.4,255.5,259.8,263.8,265.1,263.3,258.7,254.7,249.5,252.0,255.6,260.2,264.9,268.4,270.8,267.8,263.6,259.2,255.1,251.7,257.5,259.2,261.0,261.9,261.4,259.7,257.9,257.0,307.6,309.6,313.9,317.8,319.1,317.1,312.9,308.6,304.2,306.6,310.0,314.8,319.6,323.4,325.8,322.9,319.0,314.9,310.6,306.7,311.6,313.2,315.0,315.8,315.3,313.6,311.9,311.0,171.0,166.8,165.4,167.5,172.0,176.6,177.7,175.6,172.3,170.2,169.1,168.8,170.0,172.2,175.1,176.2,176.3,176.2,175.5,174.2,173.3,174.2,173.6,171.8,169.9,169.0,169.6,171.4,173.6,169.6,168.2,170.4,174.7,178.8,180.1,178.2,175.5,173.0,171.4,171.0,172.2,174.0,176.7,178.9,179.9,180.0,179.2,177.9,175.7,176.6,176.1,174.4,172.5,171.7,172.2,173.9,-10.5,-8.4,-4.2,-0.2,1.1,-0.7,-5.2,-9.2,-14.6,-12.0,-8.3,-3.7,0.9,4.4,6.8,3.7,-0.4,-4.7,-8.8,-12.2,-6.4,-4.7,-2.9,-2.1,-2.6,-4.3,-6.1,-7.0,42.7,44.6,48.7,52.5,53.8,51.9,47.8,43.7,39.5,41.7,44.8,49.4,54.2,58.2,61.0,57.8,53.8,49.7,45.5,41.9,46.6,48.2,49.9,50.7,50.2,48.6,46.9,46.1,-78.6,-82.7,-84.0,-81.7,-77.1,-72.7,-71.7,-74.0,-78.0,-79.5,-80.1,-80.2,-79.0,-77.1,-74.5,-73.2,-72.8,-73.0,-73.9,-75.6,-76.3,-75.3,-75.9,-77.6,-79.5,-80.5,-80.0,-78.2,-74.7,-78.6,-79.9,-77.7,-73.5,-69.6,-68.4,-70.3,-73.3,-75.4,-76.6,-76.8,-75.8,-74.5,-72.3,-69.8,-68.6,-68.3,-69.1,-70.7,-72.8,-71.9,-72.4,-74.0,-75.8,-76.7,-76.2,-74.5,464.5,464.1,463.1,462.0,461.6,462.1,462.9,464.0,468.5,465.4,462.5,460.7,460.9,462.1,463.7,462.5,461.4,461.5,463.1,465.7,464.2,463.8,463.4,463.2,463.4,463.8,464.3,464.4,456.7,456.2,455.7,455.5,455.7,456.2,456.7,457.2,458.9,456.7,454.7,453.8,455.0,457.4,460.5,458.4,456.5,455.6,455.9,457.5,457.3,457.2,457.0,456.8,456.7,456.8,457.0,457.2,21.6,-37.3,485.9,0.299,0.208,0.039,1.11,1.19,0.0,0.14,0.0,0.71,0.0,0.0,0.0,0.0,0.4,0.0,0.02,0.0,0.97,1.58
-0.190321,0.339944,-0.920986,-0.232803,0.325156,-0.916557,-0.226,0.347,254.5,256.7,261.0,265.0,266.2,264.3,259.7,255.7,250.9,253.2,256.8,261.4,266.2,269.9,272.5,269.1,264.8,260.2,256.2,252.9,258.7,260.3,262.2,263.1,262.6,260.9,259.1,258.1,308.8,310.8,315.1,319.2,320.7,318.7,314.4,309.9,305.0,307.7,311.3,316.2,320.8,324.2,326.4,323.9,320.4,316.4,312.0,307.9,312.8,314.5,316.4,317.2,316.6,314.8,313.0,312.1,169.1,164.7,163.3,165.5,170.2,174.9,176.0,173.7,170.2,168.2,167.1,166.9,168.2,170.5,173.5,174.6,174.7,174.4,173.6,172.3,171.4,172.4,171.8,169.9,168.0,167.0,167.6,169.5,171.8,167.6,166.0,168.1,172.5,176.8,178.3,176.6,173.9,171.2,169.5,169.0,169.9,171.5,174.0,175.9,176.9,177.1,176.6,175.6,173.9,174.8,174.1,172.3,170.4,169.5,170.2,172.0,-9.2,-7.0,-2.9,0.9,2.1,0.3,-4.2,-8.0,-12.8,-10.4,-6.9,-2.5,2.1,5.6,8.1,4.9,0.7,-3.6,-7.5,-10.7,-5.1,-3.5,-1.8,-0.9,-1.4,-3.0,-4.7,-5.6,43.7,45.7,49.9,54.0,55.5,53.5,49.3,44.9,40.1,42.6,46.1,50.8,55.5,59.2,61.7,58.9,55.2,51.1,46.8,42.9,47.7,49.5,51.3,52.1,51.5,49.8,47.9,47.1,-78.0,-82.1,-83.2,-80.8,-76.2,-71.9,-71.0,-73.4,-77.6,-79.0,-79.5,-79.3,-78.0,-75.9,-73.3,-72.1,-71.9,-72.2,-73.3,-75.1,-75.6,-74.6,-75.1,-76.8,-78.7,-79.8,-79.3,-77.5,-76.3,-80.4,-82.0,-80.1,-75.8,-71.7,-70.1,-71.8,-74.6,-76.9,-78.3,-78.8,-78.2,-77.1,-75.2,-72.9,-71.6,-71.1,-71.6,-72.6,-74.5,-73.7,-74.3,-76.1,-78.0,-78.8,-78.1,-76.3,449.7,449.2,447.9,446.4,445.7,446.3,447.5,449.0,454.0,450.7,447.5,445.4,445.1,446.0,447.4,446.4,445.6,446.1,448.0,450.9,449.0,448.4,447.8,447.6,447.9,448.6,449.1,449.3,455.6,455.5,455.7,456.2,456.6,456.7,456.4,456.3,457.0,455.3,454.0,453.8,455.6,458.6,461.9,459.2,456.7,455.2,454.9,455.9,456.9,457.1,457.2,457.1,456.9,456.8,456.7,456.7,22.6,-38.3,481.0,0.273,0.194,0.043,1.2,1.07,0.0,0.21,0.0,0.88,0.0,0.0,0.0,0.0,0.3,0.0,0.22,0.0,1.45,2.21
-0.154893,0.306024,-0.939339,-0.214247,0.31908,-0.923194,-0.196,0.324,255.3,257.4,261.7,265.7,267.1,265.3,260.6,256.6,251.6,253.9,257.4,262.0,266.8,270.5,273.0,269.8,265.4,261.0,256.9,253.7,259.5,261.2,263.1,264.0,263.4,261.7,259.8,258.9,309.4,311.3,315.5,319.6,321.2,319.3,315.1,310.7,305.7,308.4,312.0,316.8,321.3,324.7,326.7,324.4,321.0,317.1,312.8,308.7,313.4,315.1,316.9,317.8,317.1,315.3,313.5,312.7,168.7,164.3,162.6,164.7,169.2,174.0,175.3,173.3,170.6,168.1,166.7,166.1,167.3,169.6,172.8,173.8,173.9,173.9,173.3,172.3,170.9,171.8,171.1,169.2,167.3,166.4,167.1,169.0,171.0,166.7,165.1,167.0,171.4,175.6,177.3,175.7,173.1,170.5,168.7,168.1,169.0,170.5,172.9,174.7,175.7,175.9,175.5,174.8,173.0,173.8,173.1,171.3,169.4,168.6,169.3,171.1,-8.4,-6.4,-2.2,1.7,2.9,1.3,-3.2,-7.1,-12.1,-9.8,-6.4,-1.9,2.7,6.2,8.7,5.5,1.4,-2.9,-6.8,-10.0,-4.3,-2.7,-0.9,-0.0,-0.6,-2.2,-4.0,-4.9,44.9,46.7,51.0,55.1,56.7,54.8,50.6,46.2,41.4,43.8,47.3,52.0,56.7,60.4,62.9,60.2,56.5,52.5,48.2,44.2,48.9,50.7,52.5,53.3,52.6,50.9,49.0,48.2,-78.5,-82.7,-84.1,-81.9,-77.3,-72.8,-71.7,-73.9,-77.3,-79.2,-80.1,-80.3,-79.1,-77.0,-74.1,-73.0,-72.7,-72.9,-73.7,-75.2,-76.2,-75.2,-75.8,-77.6,-79.6,-80.5,-79.9,-78.1,-78.1,-82.3,-84.0,-82.2,-77.9,-73.7,-72.0,-73.6,-76.2,-78.5,-80.1,-80.7,-80.1,-79.1,-77.2,-75.0,-73.7,-73.1,-73.5,-74.4,-76.3,-75.5,-76.3,-78.1,-79.9,-80.7,-80.0,-78.2,450.5,450.5,449.3,447.7,446.6,446.8,447.9,449.5,454.6,451.6,448.5,446.5,446.1,446.8,447.9,446.9,446.1,446.6,448.6,451.5,449.7,449.1,448.6,448.5,449.0,449.7,450.2,450.2,461.2,461.2,461.6,462.1,462.4,462.4,462.0,461.8,462.4,460.8,459.7,459.6,461.6,464.6,467.8,465.1,462.5,460.8,460.4,461.4,462.5,462.7,462.9,462.9,462.7,462.5,462.4,462.3,24.2,-38.8,482.1,0.263,0.162,0.023,1.24,1.1,0.0,0.16,0.0,0.75,0.0,0.0,0.0,0.0,0.14,0.0,0.33,0.0,1.41,2.14
-0.152049,0.311243,-0.938088,-0.185013,0.341983,-0.921313,-0.179,0.338,255.2,257.2,261.4,265.4,266.8,265.2,260.6,256.6,251.4,253.8,257.3,261.9,266.6,270.1,272.4,269.4,265.3,261.0,257.0,253.7,259.3,261.0,262.8,263.7,263.1,261.4,259.6,258.7,309.7,311.6,315.7,319.7,321.2,319.3,315.2,310.8,305.7,308.5,312.1,316.8,321.0,324.0,325.8,323.7,320.7,317.0,312.8,308.7,313.4,315.1,316.9,317.8,317.1,315.4,313.5,312.7,169.3,165.1,163.4,165.4,169.7,174.3,175.6,173.6,171.1,168.7,167.3,166.7,167.8,170.0,172.9,174.1,174.3,174.3,173.8,172.8,171.4,172.2,171.5,169.7,167.8,167.0,167.7,169.5,171.5,167.3,165.6,167.5,171.8,176.0,177.7,176.1,173.2,170.7,169.1,168.6,169.3,170.6,172.7,174.5,175.6,176.0,175.6,174.8,173.4,174.2,173.5,171.6,169.7,168.9,169.7,171.5,-8.8,-6.9,-2.6,1.4,2.8,1.2,-3.4,-7.4,-12.8,-10.3,-6.7,-2.1,2.6,6.1,8.4,5.4,1.3,-3.0,-7.0,-10.4,-4.7,-3.0,-1.2,-0.3,-0.9,-2.7,-4.5,-5.3,46.2,48.1,52.4,56.5,58.1,56.3,52.0,47.5,42.3,45.0,48.6,53.3,57.8,61.3,63.6,61.0,57.6,53.7,49.3,45.3,50.2,52.0,53.9,54.7,54.0,52.2,50.3,49.5,-81.2,-85.5,-86.9,-84.8,-80.3,-75.7,-74.6,-76.7,-80.1,-82.0,-82.9,-83.2,-82.1,-80.1,-77.4,-76.0,-75.6,-75.6,-76.4,-77.8,-79.0,-78.1,-78.7,-80.6,-82.5,-83.4,-82.8,-81.0,-79.4,-83.6,-85.5,-83.8,-79.6,-75.3,-73.5,-75.0,-77.9,-80.2,-81.6,-82.2,-81.8,-81.1,-79.5,-77.2,-75.7,-74.9,-75.2,-76.1,-77.8,-77.1,-77.9,-79.7,-81.6,-82.3,-81.5,-79.7,469.6,469.5,468.7,467.5,466.7,466.9,467.6,468.8,473.4,470.5,467.7,466.0,466.1,467.2,468.6,467.3,466.2,466.3,467.9,470.6,469.2,468.7,468.3,468.3,468.6,469.2,469.5,469.5,472.1,472.0,472.7,473.8,474.7,474.8,474.1,473.3,473.2,471.6,470.7,471.0,473.3,476.6,480.1,477.4,474.7,472.7,471.9,472.5,474.0,474.5,474.8,474.8,474.4,473.9,473.6,473.6,24.7,-40.4,489.3,0.238,0.17,0.015,1.19,0.88,0.0,0.1,0.0,0.75,0.0,0.0,0.01,0.0,0.01,0.0,0.37,0.0,1.07,1.75
-0.156082,0.311997,-0.937175,-0.203091,0.342868,-0.917167,-0.191,0.339,254.3,256.4,260.7,264.6,265.9,264.2,259.6,255.6,250.6,252.8,256.3,261.0,265.8,269.5,272.0,268.7,264.4,260.0,255.9,252.7,258.5,260.1,262.0,262.9,262.3,260.6,258.8,257.9,308.9,310.6,314.7,318.7,320.3,318.5,314.4,310.1,305.1,307.7,311.3,316.0,320.3,323.4,325.3,323.1,320.0,316.3,312.1,308.0,312.7,314.4,316.1,316.9,316.2,314.5,312.7,312.0,171.0,166.7,165.0,166.9,171.4,176.1,177.4,175.5,173.3,170.6,168.9,168.2,169.4,171.8,175.0,175.9,176.0,175.9,175.5,174.7,173.2,174.0,173.3,171.5,169.6,168.8,169.5,171.3,173.1,168.9,167.2,169.0,173.3,177.5,179.2,177.6,174.9,172.3,170.6,170.0,170.8,172.1,174.4,176.2,177.3,177.7,177.4,176.6,174.9,175.7,175.0,173.2,171.4,170.6,171.3,173.1,-9.4,-7.4,-3.2,0.6,1.9,0.2,-4.3,-8.1,-13.2,-10.9,-7.4,-2.9,1.7,5.3,7.7,4.6,0.4,-3.9,-7.8,-11.0,-5.4,-3.7,-2.0,-1.1,-1.6,-3.3,-5.1,-5.9,45.4,47.2,51.4,55.5,57.2,55.4,51.2,46.7,41.6,44.2,47.7,52.4,57.0,60.6,63.0,60.4,56.9,52.9,48.6,44.6,49.4,51.2,53.0,53.7,53.0,51.2,49.4,48.7,-76.6,-80.8,-82.3,-80.1,-75.6,-71.1,-70.0,-72.1,-75.1,-77.3,-78.4,-78.7,-77.5,-75.3,-72.4,-71.3,-71.1,-71.2,-71.9,-73.1,-74.4,-73.4,-74.1,-75.9,-77.8,-78.7,-78.1,-76.3,-77.7,-82.0,-83.8,-82.1,-77.9,-73.7,-71.9,-73.3,-76.1,-78.5,-80.0,-80.7,-80.3,-79.5,-77.7,-75.4,-73.8,-73.1,-73.4,-74.3,-76.2,-75.4,-76.2,-78.1,-79.9,-80.6,-79.8,-78.0,452.8,453.0,451.9,450.3,449.0,448.9,449.8,451.5,456.9,453.9,451.0,448.9,448.6,449.2,450.2,449.0,448.2,448.7,450.6,453.6,451.9,451.2,450.7,450.8,451.4,452.1,452.5,452.4,471.9,471.8,472.3,473.2,473.9,474.0,473.4,472.8,473.0,471.4,470.4,470.6,472.8,476.0,479.5,476.7,474.0,472.1,471.5,472.2,473.6,473.9,474.2,474.1,473.8,473.5,473.2,473.3,24.3,-39.6,492.8,0.262,0.171,0.008,0.97,0.73,0.0,0.03,0.0,0.67,0.0,0.0,0.01,0.0,0.0,0.01,0.18,0.0,0.67,1.18
-0.16378,0.322132,-0.93242,-0.201428,0.351894,-0.91411,-0.195,0.35,253.5,255.8,260.3,264.2,265.4,263.5,258.7,254.7,249.6,252.1,255.9,260.7,265.5,269.1,271.5,268.3,264.0,259.5,255.3,251.8,257.7,259.4,261.2,262.2,261.7,260.0,258.2,257.2,307.9,309.7,313.8,317.8,319.4,317.6,313.5,309.1,304.0,306.5,310.1,314.8,319.2,322.5,324.5,322.2,319.0,315.1,310.9,306.9,311.7,313.4,315.2,316.0,315.3,313.6,311.8,311.0,173.0,168.7,167.2,169.3,173.8,178.4,179.6,177.5,175.0,172.6,171.1,170.6,172.0,174.5,177.6,178.4,178.3,178.0,177.5,176.6,175.3,176.2,175.5,173.8,171.9,171.0,171.7,173.4,175.6,171.4,169.7,171.5,175.7,179.9,181.6,180.1,177.4,174.8,173.2,172.6,173.3,174.6,176.9,178.8,179.9,180.3,180.0,179.1,177.4,178.2,177.4,175.6,173.8,173.1,173.8,175.6,-10.1,-7.9,-3.6,0.2,1.4,-0.5,-5.1,-8.9,-14.1,-11.5,-7.8,-3.2,1.4,4.9,7.2,4.1,-0.0,-4.4,-8.4,-11.8,-6.1,-4.5,-2.7,-1.8,-2.2,-3.8,-5.6,-6.5,44.3,46.1,50.3,54.5,56.1,54.3,50.1,45.6,40.5,42.9,46.4,51.1,55.8,59.5,62.0,59.3,55.7,51.6,47.3,43.3,48.4,50.1,51.9,52.7,52.0,50.2,48.4,47.6,-74.5,-78.7,-80.0,-77.8,-73.2,-68.7,-67.8,-70.0,-73.2,-75.1,-76.1,-76.3,-74.9,-72.7,-69.8,-68.8,-68.8,-69.1,-69.9,-71.1,-72.2,-71.2,-71.8,-73.5,-75.4,-76.4,-75.8,-74.1,-75.1,-79.4,-81.1,-79.4,-75.2,-71.0,-69.2,-70.7,-73.5,-75.9,-77.3,-77.9,-77.5,-76.7,-74.9,-72.6,-71.0,-70.4,-70.7,-71.7,-73.6,-72.8,-73.6,-75.4,-77.2,-77.9,-77.2,-75.4,451.7,452.0,451.2,449.7,448.4,448.2,448.8,450.3,455.4,452.7,449.9,448.2,448.1,448.9,450.0,448.6,447.5,447.7,449.4,452.3,450.9,450.3,450.0,450.1,450.7,451.3,451.7,451.5,471.3,471.1,471.5,472.2,472.9,473.1,472.7,472.2,472.7,470.9,469.7,469.7,471.7,474.8,478.1,475.5,473.0,471.3,470.9,471.7,472.8,473.2,473.3,473.2,473.0,472.6,472.5,472.6,23.4,-37.5,494.5,0.303,0.178,0.007,0.66,0.43,0.0,0.0,0.0,0.71,0.0,0.0,0.01,0.0,0.0,0.01,0.07,0.0,0.53,0.74
-0.190206,0.332329,-0.923785,-0.241912,0.336133,-0.910216,-0.231,0.35,253.0,255.1,259.2,263.0,264.3,262.6,258.1,254.3,249.7,251.9,255.3,259.8,264.5,268.0,270.4,267.3,263.2,258.8,254.9,251.8,257.1,258.7,260.5,261.3,260.8,259.2,257.4,256.5,307.0,309.0,313.3,317.2,318.5,316.4,312.2,308.1,303.7,305.8,308.9,313.6,318.6,322.8,325.8,322.4,318.2,313.8,309.5,305.9,311.1,312.7,314.5,315.3,314.8,313.2,311.4,310.6,174.8,170.7,169.3,171.6,176.0,180.4,181.5,179.3,176.0,174.0,173.0,172.8,174.0,176.2,179.1,180.2,180.3,180.1,179.4,178.0,177.1,178.0,177.4,175.7,173.8,172.8,173.4,175.1,178.1,174.0,172.3,174.1,178.3,182.4,184.1,182.7,180.8,177.6,175.4,174.6,175.9,178.2,181.6,182.8,183.0,182.9,182.5,182.1,180.1,180.9,180.2,178.5,176.8,176.1,176.7,178.4,-11.0,-9.0,-4.8,-1.0,0.3,-1.4,-5.9,-9.7,-14.5,-12.2,-8.7,-4.2,0.5,4.0,6.5,3.3,-0.8,-5.2,-9.1,-12.4,-7.0,-5.3,-3.5,-2.7,-3.2,-4.9,-6.6,-7.5,41.7,43.7,47.8,51.4,52.4,50.4,46.4,42.6,38.6,40.5,43.4,47.7,52.6,56.7,59.8,56.2,52.0,47.8,43.8,40.6,45.6,47.1,48.7,49.6,49.1,47.6,46.0,45.2,-75.6,-79.6,-80.7,-78.3,-73.8,-69.5,-68.7,-71.1,-75.1,-76.6,-77.0,-76.9,-75.7,-73.7,-71.0,-69.8,-69.6,-69.8,-70.9,-72.6,-73.3,-72.3,-72.7,-74.5,-76.4,-77.4,-77.0,-75.2,-69.6,-73.8,-75.3,-73.3,-69.1,-65.0,-63.4,-65.0,-67.4,-70.2,-72.1,-72.6,-71.3,-69.2,-66.2,-64.8,-64.3,-64.4,-65.0,-65.7,-67.6,-66.8,-67.4,-69.1,-70.8,-71.6,-71.0,-69.3,469.4,468.6,467.1,465.8,465.5,466.6,467.9,469.1,473.7,470.3,467.0,464.9,464.8,466.0,467.7,466.7,465.9,466.4,468.2,470.9,469.0,468.4,467.8,467.4,467.5,468.1,468.7,469.1,452.3,453.0,452.4,450.8,449.2,448.5,449.1,450.9,454.3,452.7,450.8,449.3,449.2,450.2,451.7,449.5,448.1,447.9,449.2,451.8,451.5,450.8,450.6,450.9,451.5,452.2,452.4,452.1,22.7,-35.2,495.1,0.327,0.187,0.009,0.48,0.27,0.0,0.0,0.0,0.62,0.0,0.0,0.0,0.01,0.0,0.02,0.0,0.0,0.68,0.63
-0.188718,0.335428,-0.92297,-0.215078,0.360061,-0.907798,-0.217,0.363,252.9,255.1,259.3,263.1,264.3,262.4,257.8,254.1,249.5,251.6,255.1,259.8,264.6,268.2,270.6,267.4,263.0,258.5,254.5,251.4,257.0,258.6,260.3,261.3,260.8,259.2,257.4,256.5,306.8,308.6,312.6,316.6,318.2,316.4,312.4,308.1,303.1,305.4,308.7,313.3,317.8,321.4,323.8,321.2,317.7,313.8,309.6,305.8,310.8,312.4,314.1,314.9,314.2,312.5,310.8,310.1,175.4,171.2,169.9,172.2,176.7,181.3,182.3,180.0,176.8,174.7,173.6,173.4,174.9,177.3,180.3,181.2,181.1,180.8,180.0,178.8,177.8,178.7,178.2,176.4,174.5,173.5,174.1,175.9,178.9,174.8,173.2,175.0,179.1,183.2,184.8,183.3,181.1,178.4,176.5,175.8,176.5,177.9,180.3,182.3,183.4,183.8,183.5,182.7,180.7,181.4,180.8,179.0,177.3,176.5,177.2,178.9,-10.8,-8.7,-4.5,-0.8,0.3,-1.5,-6.0,-9.7,-14.3,-12.1,-8.6,-4.1,0.6,4.1,6.4,3.3,-1.0,-5.3,-9.2,-12.4,-6.8,-5.3,-3.5,-2.7,-3.1,-4.7,-6.4,-7.3,43.9,45.7,49.9,54.0,55.6,53.9,49.7,45.3,40.3,42.5,45.7,50.3,55.1,59.1,62.0,59.1,55.2,51.0,46.7,43.0,48.1,49.8,51.6,52.3,51.6,49.9,48.1,47.4,-72.7,-76.7,-77.8,-75.3,-70.8,-66.5,-65.7,-68.2,-72.1,-73.6,-74.1,-74.0,-72.5,-70.3,-67.6,-66.6,-66.6,-67.0,-68.0,-69.7,-70.3,-69.3,-69.7,-71.4,-73.3,-74.3,-73.9,-72.2,-73.0,-77.1,-78.8,-77.0,-72.8,-68.6,-66.9,-68.5,-71.0,-73.5,-75.1,-75.8,-75.3,-74.2,-72.3,-69.9,-68.4,-67.8,-68.2,-69.1,-71.3,-70.5,-71.2,-73.0,-74.8,-75.5,-74.8,-73.1,455.0,454.4,452.9,451.4,450.8,451.5,452.9,454.4,459.6,456.2,452.9,450.5,450.2,451.2,452.6,451.6,450.9,451.6,453.6,456.5,454.3,453.7,453.0,452.8,453.0,453.7,454.3,454.6,478.9,478.6,478.5,478.8,479.1,479.5,479.5,479.6,481.0,479.0,477.3,476.6,478.0,480.8,483.8,481.5,479.3,478.2,478.4,479.7,480.0,480.1,480.0,479.9,479.7,479.6,479.7,479.8,22.5,-34.4,495.4,0.338,0.192,0.009,0.38,0.19,0.0,0.0,0.0,0.75,0.0,0.0,0.0,0.01,0.0,0.01,0.0,0.0,0.72,0.56
-0.185107,0.350178,-0.918211,-0.231733,0.357142,-0.904848,-0.225,0.37,253.3,255.4,259.5,263.2,264.4,262.6,258.2,254.5,249.8,252.0,255.5,260.0,264.5,267.8,270.0,267.0,263.0,258.7,254.9,251.8,257.2,258.8,260.5,261.4,260.9,259.3,257.6,256.7,307.2,309.0,313.0,316.9,318.4,316.6,312.6,308.4,303.3,305.7,309.2,313.8,318.3,321.5,323.4,321.2,318.0,314.3,310.1,306.1,311.0,312.6,314.2,315.0,314.4,312.7,311.1,310.3,174.8,170.9,169.6,171.8,176.2,180.5,181.4,179.2,176.1,174.1,173.1,172.9,174.1,176.3,179.2,180.3,180.6,180.4,179.6,178.1,177.1,178.0,177.5,175.8,174.0,173.1,173.6,175.2,178.6,174.5,172.9,174.6,178.7,182.8,184.4,182.9,180.8,178.0,176.1,175.3,176.0,177.3,179.6,181.7,182.9,183.4,183.1,182.4,180.2,181.0,180.3,178.6,176.9,176.2,176.8,178.5,-11.1,-8.9,-4.7,-0.8,0.4,-1.4,-6.0,-9.8,-14.9,-12.4,-8.8,-4.1,0.5,3.9,6.2,3.1,-1.0,-5.4,-9.4,-12.7,-7.0,-5.4,-3.6,-2.7,-3.2,-4.8,-6.6,-7.5,44.2,46.0,50.1,54.2,55.8,54.1,49.9,45.5,40.3,42.7,46.1,50.8,55.6,59.3,61.7,59.1,55.6,51.5,47.2,43.2,48.2,49.9,51.7,52.4,51.7,50.0,48.3,47.5,-77.8,-81.7,-82.8,-80.4,-75.9,-71.6,-70.8,-73.2,-77.1,-78.7,-79.2,-79.1,-77.9,-75.8,-73.1,-71.8,-71.4,-71.7,-72.7,-74.6,-75.4,-74.4,-74.9,-76.5,-78.4,-79.5,-79.0,-77.3,-73.1,-77.2,-78.9,-77.3,-73.2,-69.1,-67.4,-68.8,-71.1,-73.6,-75.3,-76.1,-75.8,-75.0,-73.1,-70.6,-69.0,-68.2,-68.4,-69.3,-71.6,-70.9,-71.7,-73.4,-75.1,-75.8,-75.0,-73.3,482.9,482.2,481.0,480.0,479.7,480.6,481.6,482.6,487.0,483.8,480.7,478.8,479.0,480.3,482.1,481.0,480.0,480.3,481.9,484.4,482.7,482.2,481.7,481.4,481.5,482.0,482.5,482.8,477.5,477.2,477.5,478.4,479.3,479.6,479.3,478.7,479.2,477.3,476.0,475.8,477.9,481.3,484.8,482.3,479.8,478.1,477.7,478.4,479.2,479.6,479.7,479.5,479.2,478.8,478.7,478.8,22.2,-34.9,495.9,0.336,0.22,0.016,0.31,0.16,0.0,0.0,0.0,0.64,0.0,0.0,0.0,0.01,0.0,0.01,0.03,0.0,0.6,0.45
-0.183346,0.387302,-0.903538,-0.250128,0.35886,-0.899253,-0.236,0.392,253.7,255.7,259.8,263.6,264.9,263.2,258.8,255.0,250.1,252.5,255.9,260.4,264.9,268.1,270.3,267.4,263.5,259.3,255.5,252.2,257.7,259.3,261.0,261.9,261.3,259.7,258.0,257.2,307.5,309.3,313.5,317.4,319.0,317.1,313.0,308.7,303.7,306.2,309.7,314.5,319.1,322.4,324.4,322.1,318.8,314.9,310.6,306.6,311.4,313.1,314.8,315.6,314.9,313.3,311.5,310.7,174.3,170.3,169.1,171.2,175.5,179.7,180.7,178.6,175.1,173.2,172.3,172.1,173.2,175.2,177.9,179.2,179.5,179.4,178.6,177.2,176.4,177.3,176.8,175.1,173.3,172.4,172.9,174.6,177.8,173.7,172.1,173.9,178.1,182.2,183.8,182.3,179.8,177.0,175.2,174.5,175.3,176.7,179.2,181.2,182.3,182.7,182.3,181.4,179.6,180.4,179.7,177.9,176.1,175.4,176.1,177.8,-10.8,-8.7,-4.3,-0.4,1.0,-0.8,-5.4,-9.4,-14.7,-12.1,-8.4,-3.8,0.9,4.3,6.6,3.6,-0.6,-4.9,-9.0,-12.4,-6.6,-4.9,-3.1,-2.2,-2.8,-4.5,-6.3,-7.2,43.7,45.5,49.6,53.7,55.3,53.5,49.4,45.0,40.0,42.4,45.8,50.5,55.3,59.0,61.5,58.8,55.2,51.1,46.8,42.8,47.7,49.5,51.2,52.0,51.3,49.6,47.8,47.0,-79.5,-83.5,-84.6,-82.3,-77.8,-73.5,-72.6,-75.0,-79.3,-80.7,-81.2,-81.1,-80.1,-78.2,-75.7,-74.2,-73.6,-73.7,-74.8,-76.6,-77.2,-76.3,-76.7,-78.4,-80.3,-81.3,-80.8,-79.2,-72.5,-76.6,-78.2,-76.5,-72.4,-68.3,-66.6,-68.2,-70.8,-73.3,-74.9,-75.5,-75.1,-74.1,-72.1,-69.7,-68.2,-67.6,-67.9,-68.9,-70.9,-70.2,-70.9,-72.6,-74.4,-75.1,-74.4,-72.7,489.8,489.1,488.0,487.2,487.2,488.2,489.1,489.9,493.7,490.5,487.6,486.0,486.3,487.8,489.7,488.6,487.4,487.5,488.9,491.3,489.9,489.6,489.1,488.8,488.8,489.1,489.6,489.9,468.6,468.2,468.4,469.0,469.7,470.1,469.9,469.5,470.2,468.3,466.9,466.7,468.6,471.8,475.2,472.7,470.2,468.6,468.3,469.2,470.0,470.3,470.3,470.2,469.9,469.6,469.5,469.7,22.3,-36.0,496.6,0.34,0.211,0.036,0.31,0.3,0.0,0.03,0.0,0.43,0.0,0.0,0.0,0.0,0.0,0.0,0.05,0.0,0.44,0.25
-0.195416,0.365449,-0.910088,-0.276762,0.253065,-0.927017,-0.252,0.325,254.4,256.5,260.8,264.6,265.8,264.0,259.4,255.5,250.8,253.2,256.7,261.2,265.9,269.4,271.8,268.6,264.4,259.9,256.0,252.8,258.4,260.0,261.8,262.8,262.3,260.6,258.8,257.9,308.0,310.5,315.0,318.9,319.9,317.5,313.0,308.8,304.5,306.7,310.1,315.0,320.5,324.9,328.0,324.1,319.4,314.6,310.1,306.5,312.2,313.8,315.7,316.8,316.3,314.7,312.8,311.7,173.5,169.4,168.0,170.3,174.8,179.3,180.3,178.1,174.5,172.5,171.5,171.4,172.7,175.0,178.0,178.9,178.9,178.6,177.8,176.5,175.9,176.8,176.3,174.5,172.6,171.6,172.2,174.0,176.5,172.2,170.7,172.9,177.4,181.7,183.3,181.5,179.3,176.3,174.2,173.7,175.5,178.3,182.0,183.4,183.6,183.2,182.3,181.3,179.0,179.9,179.2,177.4,175.5,174.6,175.2,177.1,-9.6,-7.5,-3.2,0.6,1.8,-0.0,-4.6,-8.4,-13.3,-10.8,-7.3,-2.8,1.8,5.3,7.7,4.5,0.4,-4.0,-7.9,-11.2,-5.6,-3.9,-2.2,-1.2,-1.7,-3.4,-5.1,-6.1,39.2,41.4,45.3,48.6,49.4,47.2,43.3,39.8,36.3,38.1,40.9,45.0,49.8,53.9,56.9,53.1,48.8,44.6,40.8,37.9,42.8,44.2,45.9,46.8,46.5,45.1,43.4,42.5,-76.3,-80.3,-81.5,-79.0,-74.4,-70.0,-69.2,-71.7,-76.0,-77.5,-77.9,-77.7,-76.4,-74.3,-71.6,-70.5,-70.3,-70.7,-71.8,-73.6,-73.9,-72.8,-73.3,-75.0,-77.0,-78.0,-77.5,-75.8,-65.4,-69.3,-70.5,-68.3,-64.1,-60.2,-59.0,-60.9,-63.4,-65.7,-67.2,-67.4,-65.8,-63.5,-60.4,-58.9,-58.5,-58.9,-59.9,-61.2,-63.1,-62.2,-62.7,-64.4,-66.2,-67.1,-66.6,-64.9,465.7,465.1,463.7,462.4,461.9,462.6,463.8,465.1,469.9,466.6,463.4,461.4,461.2,462.3,463.7,462.7,461.9,462.3,464.1,467.0,465.1,464.6,464.0,463.7,464.0,464.5,465.1,465.4,415.8,416.1,415.1,413.4,412.0,411.7,412.6,414.6,418.4,416.4,414.1,412.2,412.0,412.9,414.6,412.5,411.4,411.5,413.0,415.8,414.8,414.1,413.7,413.8,414.4,415.1,415.5,415.4,22.5,-36.9,495.7,0.33,0.21,0.051,0.29,0.4,0.0,0.03,0.0,0.12,0.0,0.0,0.0,0.0,0.0,0.01,0.06,0.0,0.27,0.1
-0.185733,0.362119,-0.91344,-0.27816,0.247018,-0.928229,-0.247,0.319,254.7,256.8,261.1,264.9,266.1,264.3,259.7,255.8,251.0,253.3,256.8,261.3,266.0,269.5,271.9,268.7,264.5,260.1,256.2,253.0,258.7,260.3,262.2,263.1,262.6,260.9,259.1,258.2,308.3,310.8,315.2,319.1,320.2,317.7,313.3,309.1,304.7,307.0,310.3,315.2,320.7,325.1,328.1,324.3,319.6,314.9,310.4,306.8,312.5,314.1,315.9,317.0,316.5,314.9,313.1,312.0,173.1,169.0,167.7,169.9,174.4,178.9,179.9,177.7,174.1,172.2,171.2,171.0,172.3,174.6,177.5,178.5,178.5,178.3,177.4,176.1,175.5,176.5,175.9,174.1,172.2,171.2,171.8,173.6,176.1,171.8,170.5,172.8,177.5,181.8,183.2,181.1,178.7,175.8,173.9,173.5,175.4,178.1,181.8,183.5,183.8,183.4,182.3,181.1,178.6,179.6,179.0,177.3,175.3,174.3,174.9,176.7,-9.4,-7.2,-2.9,0.9,2.1,0.3,-4.3,-8.2,-13.2,-10.7,-7.2,-2.7,1.9,5.4,7.8,4.7,0.5,-3.8,-7.8,-11.0,-5.3,-3.7,-1.8,-0.9,-1.4,-3.1,-4.9,-5.8,39.6,41.8,45.7,49.0,49.8,47.6,43.8,40.2,36.7,38.5,41.2,45.4,50.2,54.3,57.2,53.5,49.3,45.1,41.3,38.3,43.3,44.6,46.2,47.1,46.8,45.4,43.8,42.9,-77.0,-81.0,-82.2,-79.7,-75.1,-70.8,-69.9,-72.4,-76.7,-78.2,-78.6,-78.4,-77.1,-75.1,-72.4,-71.3,-71.1,-71.4,-72.5,-74.3,-74.6,-73.5,-74.0,-75.7,-77.7,-78.8,-78.3,-76.5,-66.0,-69.8,-70.9,-68.6,-64.2,-60.4,-59.4,-61.4,-64.1,-66.4,-67.7,-67.8,-66.1,-63.8,-60.8,-59.1,-58.6,-59.0,-60.1,-61.7,-63.7,-62.7,-63.1,-64.7,-66.5,-67.5,-67.1,-65.5,467.5,466.9,465.7,464.4,464.0,464.7,465.8,467.0,471.8,468.5,465.4,463.4,463.3,464.4,465.9,464.8,463.9,464.3,466.1,468.9,467.1,466.6,466.0,465.8,466.0,466.5,467.1,467.3,417.1,417.0,415.9,414.5,413.5,413.6,414.6,416.4,419.9,417.7,415.3,413.3,413.2,414.4,416.4,414.5,413.4,413.5,414.9,417.5,416.4,415.8,415.3,415.3,415.7,416.3,416.7,416.8,22.6,-37.4,497.4,0.323,0.212,0.057,0.34,0.57,0.0,0.1,0.0,0.0,0.0,0.0,0.0,0.0,0.0,0.02,0.09,0.0,0.13,0.0
-0.185201,0.347346,-0.919267,-0.279334,0.23595,-0.930752,-0.246,0.305,254.9,257.2,261.5,265.3,266.4,264.4,259.8,256.0,251.2,253.6,257.1,261.7,266.3,269.8,272.1,268.9,264.6,260.2,256.3,253.1,258.9,260.5,262.3,263.3,262.8,261.2,259.4,258.4,308.5,311.0,315.5,319.4,320.5,318.0,313.5,309.3,304.9,307.2,310.6,315.6,321.1,325.4,328.4,324.6,319.9,315.2,310.7,307.0,312.7,314.3,316.2,317.3,316.8,315.2,313.3,312.2,172.8,168.7,167.3,169.5,174.1,178.6,179.6,177.4,174.2,172.0,170.8,170.6,172.1,174.6,177.8,178.5,178.3,177.9,177.2,176.0,175.2,176.2,175.6,173.8,171.9,171.0,171.6,173.3,176.0,171.7,170.3,172.6,177.2,181.5,182.9,181.0,178.4,175.6,173.7,173.3,175.2,178.0,181.7,183.2,183.4,183.0,181.9,180.7,178.5,179.5,178.9,177.1,175.1,174.1,174.7,176.5,-9.0,-6.8,-2.5,1.3,2.3,0.4,-4.2,-7.9,-12.8,-10.4,-6.8,-2.3,2.3,5.7,8.0,4.8,0.6,-3.7,-7.6,-10.8,-5.0,-3.4,-1.6,-0.7,-1.1,-2.7,-4.5,-5.5,39.7,41.9,45.8,49.2,49.9,47.7,43.8,40.3,36.7,38.6,41.4,45.6,50.4,54.5,57.4,53.7,49.4,45.3,41.4,38.4,43.3,44.7,46.4,47.3,47.0,45.6,43.9,43.0,-76.3,-80.4,-81.6,-79.1,-74.5,-70.1,-69.3,-71.7,-75.7,-77.4,-78.0,-77.9,-76.3,-74.0,-71.1,-70.2,-70.3,-70.7,-71.8,-73.4,-73.9,-72.8,-73.3,-75.0,-77.0,-78.0,-77.5,-75.8,-66.0,-69.9,-71.0,-68.7,-64.4,-60.6,-59.4,-61.4,-64.3,-66.5,-67.8,-67.8,-66.1,-63.8,-60.8,-59.2,-58.8,-59.2,-60.4,-61.9,-63.6,-62.7,-63.2,-64.8,-66.6,-67.5,-67.1,-65.5,461.7,461.5,460.3,458.8,457.9,458.3,459.3,460.8,465.9,462.8,459.7,457.7,457.4,458.3,459.5,458.4,457.6,458.1,459.9,462.9,461.0,460.4,459.9,459.8,460.2,460.8,461.3,461.4,416.1,416.3,415.3,413.8,412.6,412.5,413.4,415.2,418.8,416.7,414.4,412.6,412.5,413.6,415.5,413.5,412.4,412.3,413.7,416.4,415.4,414.7,414.3,414.4,414.9,415.5,415.9,415.9,22.6,-37.7,497.2,0.311,0.212,0.063,0.29,0.48,0.0,0.07,0.0,0.0,0.0,0.0,0.0,0.0,0.0,0.07,0.12,0.0,0.06,0.0
-0.202162,0.356217,-0.912272,-0.242662,0.297955,-0.923221,-0.238,0.342,254.9,257.1,261.3,265.0,266.1,264.2,259.7,255.9,251.3,253.6,257.1,261.7,266.3,269.7,271.9,268.7,264.6,260.2,256.3,253.2,258.9,260.4,262.1,263.1,262.6,261.1,259.3,258.4,308.5,310.6,314.8,318.7,319.9,317.9,313.6,309.4,304.4,307.0,310.5,315.4,320.0,323.4,325.3,322.7,319.2,315.2,311.0,307.0,312.3,313.9,315.7,316.6,316.0,314.4,312.6,311.8,172.8,168.7,167.4,169.7,174.1,178.5,179.5,177.2,174.2,172.0,170.8,170.6,172.1,174.6,177.7,178.5,178.4,178.0,177.2,176.0,175.1,176.0,175.5,173.8,172.0,171.1,171.6,173.3,176.4,172.4,171.0,173.1,177.3,181.3,182.7,180.8,178.3,175.7,174.1,173.6,174.7,176.3,178.9,181.3,182.5,182.8,182.1,180.6,178.3,179.2,178.6,176.9,175.2,174.3,174.9,176.5,-9.2,-6.9,-2.7,1.0,2.1,0.2,-4.3,-8.1,-13.0,-10.5,-6.9,-2.3,2.3,5.7,7.9,4.7,0.6,-3.8,-7.7,-10.9,-5.2,-3.6,-1.9,-0.9,-1.4,-2.9,-4.7,-5.6,43.9,45.9,50.0,53.9,55.3,53.3,49.1,44.9,40.1,42.4,45.8,50.5,55.2,58.9,61.3,58.5,54.7,50.6,46.4,42.6,47.8,49.4,51.2,52.0,51.5,49.8,48.1,47.2,-77.8,-81.8,-82.9,-80.5,-75.9,-71.5,-70.8,-73.2,-77.1,-78.8,-79.4,-79.3,-77.8,-75.5,-72.6,-71.6,-71.6,-72.0,-73.1,-74.8,-75.4,-74.3,-74.8,-76.5,-78.4,-79.4,-78.9,-77.3,-72.7,-76.5,-77.8,-75.9,-71.8,-68.0,-66.6,-68.4,-71.1,-73.3,-74.6,-75.0,-74.2,-73.1,-71.1,-68.4,-66.9,-66.4,-67.1,-68.6,-70.9,-70.1,-70.7,-72.3,-74.0,-74.8,-74.3,-72.7,470.3,470.0,468.8,467.4,466.6,467.0,468.1,469.5,474.5,471.4,468.3,466.2,466.1,467.0,468.4,467.2,466.4,466.8,468.6,471.5,469.6,469.1,468.6,468.4,468.8,469.4,469.9,470.0,460.4,459.8,459.9,460.4,461.3,461.9,461.8,461.5,462.6,460.4,458.7,458.2,460.0,463.1,466.6,464.5,462.4,461.0,460.8,461.8,461.8,462.0,462.0,461.8,461.5,461.2,461.2,461.5,22.6,-37.9,499.5,0.312,0.219,0.063,0.28,0.34,0.0,0.07,0.0,0.08,0.0,0.0,0.0,0.0,0.0,0.15,0.12,0.04,0.01,0.0
-0.202121,0.345712,-0.916313,-0.301591,0.252223,-0.919471,-0.268,0.315,254.8,256.9,261.2,264.9,266.1,264.3,259.8,256.0,251.1,253.5,257.0,261.6,266.2,269.6,271.8,268.7,264.6,260.2,256.3,253.2,258.8,260.4,262.2,263.1,262.6,261.0,259.2,258.3,308.3,310.5,314.9,318.7,319.9,317.6,313.3,309.1,304.9,307.1,310.4,315.3,320.6,324.9,327.7,324.1,319.7,315.2,310.7,307.0,312.4,314.0,315.8,316.7,316.2,314.6,312.8,311.9,173.3,169.2,167.9,170.1,174.6,179.0,180.0,177.8,174.6,172.6,171.5,171.3,172.6,174.9,177.8,178.8,178.9,178.6,177.8,176.5,175.6,176.6,176.0,174.3,172.4,171.4,172.0,173.7,177.1,172.9,171.5,173.7,178.3,182.4,183.8,181.9,179.5,176.7,174.8,174.4,176.1,178.6,182.1,183.9,184.3,184.1,183.1,181.8,179.4,180.3,179.8,178.0,176.2,175.2,175.8,177.5,-9.3,-7.1,-2.9,1.0,2.1,0.3,-4.3,-8.1,-13.1,-10.7,-7.1,-2.5,2.2,5.6,7.9,4.8,0.6,-3.8,-7.7,-11.0,-5.3,-3.7,-1.8,-0.9,-1.4,-3.1,-4.9,-5.8,40.8,42.9,46.8,50.2,51.1,49.1,45.2,41.6,37.9,39.7,42.6,46.9,51.8,55.9,58.8,55.2,51.0,46.8,42.9,39.7,44.5,46.0,47.6,48.4,48.0,46.6,45.0,44.1,-77.7,-81.7,-82.8,-80.4,-75.9,-71.5,-70.7,-73.1,-77.0,-78.6,-79.1,-79.0,-77.7,-75.6,-72.9,-71.7,-71.5,-71.8,-72.9,-74.6,-75.3,-74.2,-74.7,-76.4,-78.4,-79.4,-78.9,-77.2,-67.2,-71.1,-72.2,-69.9,-65.7,-61.8,-60.7,-62.7,-65.4,-67.7,-69.1,-69.2,-67.6,-65.5,-62.6,-60.7,-60.1,-60.3,-61.4,-62.9,-65.0,-64.1,-64.5,-66.1,-67.9,-68.8,-68.4,-66.8,472.6,472.1,471.0,469.8,469.2,469.9,470.8,472.0,476.7,473.6,470.5,468.6,468.6,469.8,471.3,470.2,469.2,469.5,471.2,473.9,472.2,471.7,471.2,471.0,471.2,471.7,472.2,472.4,430.2,430.1,429.2,427.9,427.1,427.2,428.1,429.7,432.9,430.7,428.4,426.7,426.8,428.3,430.5,428.5,427.3,427.1,428.2,430.7,429.7,429.2,428.8,428.7,429.1,429.6,430.0,430.0,22.5,-37.0,497.6,0.31,0.219,0.066,0.25,0.25,0.0,0.0,0.0,0.18,0.0,0.0,0.0,0.01,0.0,0.19,0.06,0.04,0.0,0.0
-0.208049,0.370222,-0.905346,-0.277933,0.260452,-0.924618,-0.26,0.332,254.8,257.0,261.2,264.9,266.0,264.2,259.7,255.9,251.3,253.6,257.0,261.5,266.2,269.6,271.9,268.7,264.5,260.2,256.3,253.2,258.8,260.4,262.1,263.0,262.6,261.0,259.2,258.3,308.3,310.7,315.1,318.9,319.9,317.5,313.1,309.1,304.7,307.0,310.3,315.1,320.3,324.6,327.4,323.7,319.2,314.7,310.3,306.8,312.4,313.9,315.7,316.7,316.3,314.8,313.0,312.0,175.3,171.2,169.9,172.2,176.7,181.1,182.0,179.7,176.3,174.3,173.3,173.2,174.6,176.9,179.9,180.9,180.9,180.6,179.7,178.3,177.6,178.6,178.0,176.3,174.4,173.5,174.0,175.7,179.3,175.2,173.8,175.9,180.3,184.4,185.8,184.0,182.1,179.1,177.0,176.4,178.2,181.0,184.8,185.9,186.0,185.6,184.7,183.9,181.6,182.5,181.9,180.2,178.4,177.5,178.1,179.8,-9.3,-7.1,-2.9,0.9,2.0,0.2,-4.3,-8.1,-12.9,-10.5,-7.0,-2.5,2.2,5.6,7.9,4.7,0.5,-3.8,-7.7,-10.9,-5.2,-3.7,-1.9,-1.0,-1.4,-3.0,-4.8,-5.7,41.1,43.4,47.4,50.7,51.5,49.2,45.3,41.7,38.0,39.9,42.8,47.0,51.8,55.9,58.7,55.0,50.7,46.6,42.7,39.7,44.8,46.2,47.8,48.7,48.4,47.0,45.4,44.5,-75.3,-79.3,-80.3,-77.8,-73.3,-69.0,-68.2,-70.7,-75.0,-76.5,-76.9,-76.7,-75.2,-73.1,-70.4,-69.2,-69.1,-69.5,-70.6,-72.4,-72.9,-71.8,-72.3,-73.9,-75.9,-76.9,-76.5,-74.8,-65.6,-69.5,-70.7,-68.4,-64.1,-60.3,-59.1,-61.0,-63.3,-65.9,-67.5,-67.7,-66.0,-63.6,-60.4,-59.0,-58.8,-59.2,-60.2,-61.3,-63.3,-62.4,-62.9,-64.5,-66.2,-67.2,-66.7,-65.1,470.2,469.6,468.2,466.9,466.4,467.3,468.5,469.8,474.6,471.3,468.1,465.9,465.8,466.8,468.4,467.4,466.5,467.0,468.9,471.7,469.7,469.2,468.6,468.3,468.5,469.1,469.7,469.9,433.0,433.4,432.5,430.9,429.5,429.1,430.0,431.9,435.6,433.7,431.5,429.7,429.5,430.5,432.1,430.1,428.9,428.9,430.4,433.1,432.1,431.5,431.1,431.3,431.9,432.5,432.9,432.7,22.2,-34.8,496.3,0.331,0.228,0.064,0.26,0.31,0.0,0.0,0.0,0.18,0.0,0.0,0.0,0.01,0.0,0.26,0.0,0.04,0.0,0.0
-0.21326,0.364997,-0.906255,-0.275056,0.267746,-0.923394,-0.261,0.333,254.6,256.8,261.0,264.7,265.8,263.9,259.4,255.7,251.3,253.4,256.7,261.2,265.9,269.4,271.7,268.5,264.2,259.9,256.1,253.1,258.6,260.2,261.9,262.9,262.4,260.8,259.1,258.1,308.4,310.9,315.4,319.2,320.2,317.7,313.2,309.1,304.7,307.0,310.4,315.2,320.6,324.9,327.8,324.0,319.3,314.7,310.3,306.7,312.5,314.1,316.0,317.0,316.6,315.0,313.1,312.1,177.6,173.5,172.3,174.7,179.2,183.6,184.5,182.1,178.6,176.7,175.8,175.7,177.1,179.4,182.4,183.4,183.4,183.1,182.2,180.7,180.0,181.0,180.5,178.8,176.8,175.8,176.3,178.1,182.3,178.2,176.7,178.8,183.2,187.4,188.8,187.1,185.3,182.2,180.0,179.4,181.3,184.2,188.1,189.1,189.1,188.6,187.8,187.1,184.7,185.6,185.0,183.3,181.4,180.6,181.2,182.9,-9.4,-7.1,-3.0,0.7,1.8,-0.1,-4.6,-8.3,-12.8,-10.6,-7.2,-2.7,1.9,5.3,7.7,4.5,0.2,-4.1,-7.9,-10.9,-5.4,-3.8,-2.1,-1.1,-1.6,-3.1,-4.9,-5.8,40.3,42.6,46.6,49.9,50.5,48.2,44.3,40.8,37.1,39.1,41.9,46.1,50.9,54.9,57.7,54.0,49.7,45.5,41.7,38.7,43.9,45.3,46.9,47.8,47.6,46.2,44.6,43.6,-72.4,-76.3,-77.3,-74.7,-70.1,-65.8,-65.2,-67.8,-72.0,-73.4,-73.8,-73.5,-72.1,-69.9,-67.2,-66.1,-65.9,-66.4,-67.6,-69.4,-69.9,-68.8,-69.2,-70.8,-72.8,-73.9,-73.5,-71.8,-61.4,-65.3,-66.4,-64.3,-60.1,-56.2,-55.0,-56.9,-59.0,-61.6,-63.3,-63.6,-61.8,-59.3,-56.0,-54.7,-54.6,-55.1,-56.0,-57.1,-59.1,-58.2,-58.7,-60.3,-62.0,-62.9,-62.4,-60.8,466.3,465.5,463.9,462.5,462.0,463.0,464.4,465.8,470.7,467.3,463.9,461.6,461.3,462.2,463.7,462.9,462.2,462.9,464.9,467.8,465.6,465.0,464.4,464.0,464.2,464.8,465.5,465.8,423.3,423.9,423.1,421.3,419.7,419.1,419.9,421.9,425.9,424.0,421.9,420.0,419.7,420.5,421.9,419.8,418.7,418.8,420.4,423.2,422.3,421.5,421.2,421.4,422.1,422.9,423.2,423.0,22.0,-31.4,493.8,0.352,0.23,0.063,0.22,0.48,0.0,0.01,0.0,0.1,0.0,0.0,0.0,0.05,0.0,0.18,0.16,0.0,0.0,0.0
-0.205196,0.361907,-0.90935,-0.301173,0.257395,-0.918174,-0.27,0.327,254.9,257.1,261.4,265.1,266.2,264.3,259.7,256.0,251.3,253.5,257.0,261.7,266.4,269.8,272.0,268.8,264.6,260.3,256.4,253.2,258.9,260.5,262.2,263.2,262.7,261.2,259.4,258.5,308.7,311.2,315.7,319.6,320.6,318.2,313.7,309.5,305.1,307.5,311.0,316.1,321.5,325.9,328.8,324.9,320.3,315.5,311.0,307.2,312.9,314.5,316.4,317.4,317.0,315.3,313.5,312.5,180.3,176.3,175.1,177.5,182.1,186.4,187.2,184.8,181.4,179.4,178.5,178.5,179.9,182.3,185.4,186.4,186.4,186.1,185.1,183.6,182.7,183.7,183.2,181.5,179.6,178.6,179.1,180.8,185.3,181.1,179.7,181.8,186.3,190.5,192.0,190.2,188.4,185.2,183.0,182.4,184.4,187.4,191.5,192.7,192.8,192.3,191.3,190.4,187.8,188.6,188.0,186.3,184.5,183.6,184.2,185.9,-9.1,-6.8,-2.6,1.1,2.2,0.3,-4.2,-8.0,-12.8,-10.4,-6.9,-2.3,2.4,5.7,7.9,4.8,0.6,-3.7,-7.6,-10.8,-5.1,-3.5,-1.8,-0.8,-1.3,-2.8,-4.6,-5.5,39.7,42.0,45.9,49.2,49.9,47.6,43.8,40.3,36.7,38.7,41.6,45.9,50.7,54.7,57.4,53.7,49.4,45.3,41.4,38.3,43.3,44.7,46.3,47.2,46.9,45.5,43.9,43.0,-69.4,-73.3,-74.2,-71.7,-67.1,-63.0,-62.4,-64.9,-69.0,-70.5,-70.9,-70.6,-69.2,-67.0,-64.2,-63.1,-62.9,-63.3,-64.5,-66.4,-67.0,-65.9,-66.3,-67.9,-69.8,-70.9,-70.5,-68.9,-57.4,-61.2,-62.4,-60.3,-56.1,-52.3,-51.1,-52.9,-55.0,-57.6,-59.3,-59.6,-57.8,-55.3,-51.9,-50.5,-50.3,-50.7,-51.7,-52.9,-55.1,-54.3,-54.8,-56.3,-58.0,-58.9,-58.4,-56.9,464.8,463.9,462.5,461.4,461.3,462.4,463.5,464.6,469.2,465.8,462.5,460.4,460.5,461.7,463.5,462.6,461.7,462.1,463.9,466.5,464.5,464.0,463.4,463.1,463.1,463.6,464.2,464.6,414.3,414.9,414.1,412.5,410.9,410.4,411.2,413.1,416.7,414.9,412.8,411.1,411.0,412.1,413.8,411.5,410.2,410.1,411.4,414.1,413.4,412.7,412.4,412.6,413.3,413.9,414.3,414.1,22.2,-27.9,492.0,0.368,0.23,0.062,0.15,0.41,0.0,0.03,0.0,0.0,0.0,0.0,0.0,0.05,0.0,0.13,0.33,0.0,0.0,0.0
-0.206508,0.350936,-0.913345,-0.280785,0.259568,-0.924005,-0.259,0.321,255.3,257.6,261.9,265.7,266.7,264.8,260.1,256.4,251.5,253.9,257.5,262.3,267.1,270.4,272.5,269.4,265.2,260.8,256.8,253.5,259.3,260.9,262.7,263.6,263.2,261.6,259.8,258.8,309.6,312.1,316.5,320.4,321.4,318.9,314.4,310.3,305.9,308.2,311.6,316.6,322.0,326.3,329.2,325.4,320.7,316.1,311.6,307.9,313.7,315.3,317.1,318.1,317.7,316.1,314.3,313.3,181.2,177.2,176.1,178.5,183.1,187.4,188.2,185.8,182.4,180.4,179.5,179.5,181.0,183.4,186.5,187.5,187.5,187.1,186.1,184.6,183.7,184.7,184.2,182.5,180.6,179.6,180.0,181.7,186.5,182.3,180.9,183.1,187.5,191.7,193.1,191.3,189.5,186.3,184.1,183.5,185.4,188.4,192.4,193.8,194.0,193.6,192.6,191.6,188.9,189.8,189.2,187.5,185.6,184.8,185.3,187.1,-8.6,-6.4,-2.1,1.6,2.7,0.7,-3.8,-7.6,-12.5,-10.0,-6.4,-1.7,3.0,6.3,8.4,5.3,1.2,-3.2,-7.1,-10.4,-4.7,-3.1,-1.3,-0.4,-0.8,-2.4,-4.2,-5.1,41.0,43.2,47.2,50.4,51.1,48.9,45.0,41.5,37.9,39.8,42.6,46.9,51.7,55.7,58.5,54.8,50.5,46.3,42.5,39.5,44.6,45.9,47.5,48.5,48.2,46.8,45.2,44.3,-68.0,-71.8,-72.7,-70.2,-65.7,-61.6,-61.0,-63.5,-67.5,-69.0,-69.3,-69.1,-67.6,-65.5,-62.7,-61.6,-61.4,-61.9,-63.1,-65.0,-65.6,-64.5,-64.9,-66.5,-68.4,-69.5,-69.1,-67.5,-57.1,-60.9,-62.0,-59.9,-55.7,-51.9,-50.8,-52.6,-54.7,-57.3,-59.0,-59.3,-57.6,-55.1,-51.7,-50.2,-49.8,-50.2,-51.2,-52.5,-54.8,-53.9,-54.4,-56.0,-57.7,-58.6,-58.1,-56.5,461.4,460.5,459.3,458.3,458.3,459.4,460.4,461.3,465.7,462.4,459.2,457.2,457.5,458.9,460.8,459.8,458.8,459.1,460.6,463.2,461.3,460.9,460.3,460.0,460.0,460.4,460.9,461.3,419.4,419.9,419.1,417.5,416.0,415.5,416.3,418.2,421.9,420.1,418.0,416.2,416.1,417.1,418.8,416.5,415.3,415.3,416.6,419.3,418.5,417.9,417.5,417.7,418.3,419.0,419.3,419.1,22.6,-26.6,492.4,0.368,0.224,0.066,0.1,0.32,0.0,0.08,0.0,0.01,0.0,0.0,0.0,0.05,0.0,0.02,0.33,0.0,0.0,0.0
-0.219437,0.333247,-0.916948,-0.294274,0.240626,-0.924933,-0.272,0.302,255.5,257.8,262.1,265.9,266.9,264.9,260.3,256.5,251.9,254.2,257.8,262.6,267.4,270.8,273.0,269.8,265.5,261.0,257.1,253.9,259.5,261.1,262.9,263.9,263.4,261.8,260.0,259.0,309.9,312.3,316.8,320.7,321.7,319.3,314.8,310.6,306.3,308.6,312.0,317.1,322.6,327.0,329.9,326.0,321.4,316.6,312.1,308.4,314.0,315.6,317.5,318.5,318.1,316.5,314.6,313.6,180.9,176.9,175.8,178.3,182.9,187.3,188.1,185.6,182.1,180.1,179.3,179.3,180.8,183.3,186.5,187.4,187.4,186.9,185.9,184.3,183.5,184.5,184.1,182.3,180.4,179.3,179.8,181.5,186.3,182.0,180.6,182.7,187.3,191.5,193.0,191.2,189.3,186.1,183.9,183.3,185.3,188.2,192.2,193.7,193.9,193.4,192.5,191.4,188.7,189.6,189.0,187.2,185.4,184.5,185.1,186.8,-8.3,-6.1,-1.9,1.8,2.8,0.9,-3.6,-7.3,-11.9,-9.6,-6.0,-1.4,3.3,6.6,8.8,5.6,1.5,-2.9,-6.8,-9.9,-4.4,-2.9,-1.1,-0.1,-0.5,-2.1,-3.9,-4.9,40.7,42.9,46.8,50.1,50.8,48.6,44.7,41.3,37.7,39.6,42.4,46.7,51.5,55.6,58.4,54.7,50.4,46.2,42.4,39.4,44.3,45.6,47.2,48.1,47.8,46.5,44.9,44.0,-67.6,-71.4,-72.3,-69.7,-65.1,-61.0,-60.5,-63.1,-67.1,-68.6,-68.9,-68.6,-67.1,-64.8,-62.0,-61.0,-60.9,-61.4,-62.6,-64.6,-65.1,-64.0,-64.3,-66.0,-67.9,-69.0,-68.6,-67.0,-56.5,-60.4,-61.5,-59.4,-55.2,-51.4,-50.2,-52.1,-54.1,-56.7,-58.4,-58.7,-57.0,-54.5,-51.2,-49.6,-49.3,-49.7,-50.7,-51.9,-54.3,-53.4,-53.9,-55.5,-57.2,-58.1,-57.6,-56.0,456.9,455.9,454.4,453.3,453.1,454.3,455.5,456.7,461.2,457.8,454.5,452.3,452.4,453.7,455.5,454.5,453.7,454.1,455.9,458.5,456.5,456.0,455.4,455.0,455.1,455.5,456.2,456.6,414.1,414.5,413.7,412.0,410.6,410.2,411.0,412.9,416.5,414.6,412.5,410.7,410.6,411.7,413.4,411.2,409.9,409.9,411.2,413.9,413.2,412.5,412.1,412.3,412.9,413.6,413.9,413.8,23.0,-26.7,492.8,0.351,0.218,0.071,0.07,0.09,0.0,0.1,0.0,0.01,0.0,0.0,0.0,0.0,0.0,0.0,0.21,0.0,0.03,0.0
-0.208616,0.3459,-0.914785,-0.285312,0.2382,-0.928363,-0.262,0.307,255.7,257.9,262.1,265.9,267.0,265.1,260.5,256.8,252.2,254.5,257.9,262.5,267.2,270.7,272.9,269.7,265.4,261.0,257.2,254.1,259.7,261.3,263.1,264.0,263.5,261.9,260.1,259.2,309.9,312.4,317.0,320.9,321.9,319.3,314.8,310.6,306.2,308.6,312.1,317.1,322.6,326.9,329.8,325.9,321.3,316.5,312.0,308.3,314.0,315.6,317.6,318.6,318.2,316.6,314.6,313.6,180.4,176.4,175.4,177.8,182.4,186.8,187.5,185.0,181.0,179.3,178.6,178.7,180.2,182.5,185.4,186.6,186.7,186.4,185.2,183.5,182.9,184.0,183.5,181.8,179.9,178.8,179.3,181.0,185.4,181.2,179.8,182.0,186.6,190.8,192.2,190.3,188.2,185.1,183.0,182.5,184.4,187.4,191.5,192.8,192.9,192.4,191.4,190.4,188.0,188.9,188.3,186.5,184.6,183.7,184.3,186.0,-8.3,-6.1,-1.9,1.8,2.9,1.1,-3.4,-7.2,-11.8,-9.5,-6.0,-1.5,3.1,6.5,8.8,5.6,1.4,-2.9,-6.7,-9.8,-4.3,-2.7,-0.9,0.0,-0.4,-2.0,-3.8,-4.7,40.6,42.9,46.9,50.2,50.8,48.5,44.6,41.1,37.6,39.5,42.4,46.7,51.4,55.4,58.2,54.5,50.2,46.1,42.2,39.2,44.2,45.6,47.2,48.2,47.9,46.5,44.9,43.9,-68.9,-72.7,-73.5,-70.8,-66.3,-62.3,-61.7,-64.3,-68.9,-70.1,-70.3,-69.8,-68.4,-66.4,-63.7,-62.4,-62.2,-62.6,-64.0,-66.1,-66.4,-65.3,-65.6,-67.2,-69.2,-70.3,-69.9,-68.3,-57.2,-61.0,-62.1,-59.9,-55.7,-52.0,-50.8,-52.7,-55.1,-57.5,-59.1,-59.4,-57.6,-55.1,-51.8,-50.3,-50.0,-50.5,-51.5,-52.8,-54.8,-53.9,-54.4,-56.0,-57.8,-58.7,-58.2,-56.6,462.0,460.8,459.2,458.2,458.2,459.6,461.0,462.1,466.4,462.8,459.5,457.3,457.3,458.5,460.4,459.6,458.9,459.4,461.2,463.8,461.7,461.3,460.6,460.1,460.1,460.5,461.2,461.7,413.3,413.8,413.0,411.4,409.9,409.4,410.2,412.1,415.8,414.0,411.8,410.1,410.0,410.9,412.6,410.4,409.1,409.1,410.5,413.2,412.4,411.7,411.4,411.6,412.2,412.9,413.2,413.0,23.0,-27.6,493.5,0.33,0.217,0.075,0.05,0.06,0.0,0.14,0.0,0.01,0.0,0.0,0.0,0.0,0.0,0.02,0.1,0.0,0.06,0.0
-0.211717,0.329925,-0.919959,-0.28894,0.218593,-0.932057,-0.264,0.288,255.7,257.9,262.1,265.8,266.8,264.9,260.4,256.7,252.2,254.5,257.9,262.4,267.1,270.5,272.8,269.5,265.3,260.9,257.1,254.1,259.6,261.2,262.9,263.9,263.4,261.9,260.1,259.2,309.5,312.0,316.6,320.6,321.6,319.1,314.5,310.3,305.7,308.1,311.6,316.8,322.3,326.7,329.7,325.8,321.0,316.3,311.7,307.9,313.7,315.4,317.3,318.3,317.9,316.2,314.3,313.3,180.0,176.0,174.9,177.3,181.9,186.2,187.0,184.5,180.8,178.9,178.1,178.2,179.7,182.1,185.1,186.1,186.1,185.7,184.6,183.1,182.5,183.5,183.0,181.3,179.4,178.4,178.8,180.5,184.8,180.5,179.1,181.3,185.9,190.1,191.6,189.7,187.8,184.7,182.5,181.9,183.8,186.8,190.8,192.3,192.5,192.0,191.0,190.0,187.3,188.2,187.6,185.8,183.9,183.0,183.6,185.4,-8.3,-6.1,-1.9,1.8,2.8,0.9,-3.6,-7.3,-11.9,-9.6,-6.1,-1.6,3.1,6.5,8.7,5.5,1.3,-3.0,-6.9,-9.9,-4.4,-2.8,-1.1,-0.1,-0.6,-2.1,-3.9,-4.8,39.9,42.2,46.1,49.4,50.1,47.9,44.0,40.5,36.8,38.7,41.6,45.9,50.7,54.7,57.5,53.8,49.5,45.4,41.5,38.5,43.5,44.9,46.5,47.4,47.1,45.8,44.1,43.2,-70.0,-73.8,-74.7,-72.0,-67.5,-63.4,-62.8,-65.4,-69.8,-71.2,-71.4,-71.1,-69.5,-67.4,-64.6,-63.5,-63.4,-63.9,-65.2,-67.1,-67.4,-66.3,-66.7,-68.3,-70.2,-71.4,-71.0,-69.4,-57.2,-61.0,-62.1,-60.0,-55.8,-52.0,-50.8,-52.7,-54.9,-57.4,-59.0,-59.2,-57.5,-55.1,-51.8,-50.3,-49.9,-50.3,-51.4,-52.6,-54.9,-54.0,-54.4,-56.0,-57.8,-58.7,-58.2,-56.6,466.3,465.4,463.8,462.6,462.4,463.5,464.9,466.1,470.8,467.3,463.9,461.7,461.6,462.7,464.4,463.5,462.8,463.4,465.3,468.0,465.9,465.4,464.7,464.3,464.4,464.9,465.6,466.0,409.1,409.5,408.8,407.2,405.8,405.3,406.1,407.9,411.6,409.7,407.6,405.9,405.8,406.9,408.7,406.4,405.1,405.1,406.4,409.0,408.3,407.6,407.3,407.4,408.0,408.7,409.0,408.9,22.9,-28.4,494.9,0.315,0.217,0.076,0.0,0.0,0.0,0.12,0.0,0.0,0.0,0.0,0.0,0.0,0.0,0.02,0.24,0.0,0.06,0.0
-0.201105,0.319347,-0.926053,-0.294819,0.20965,-0.932271,-0.261,0.277,255.0,257.3,261.6,265.4,266.5,264.5,259.9,256.1,251.1,253.6,257.3,262.0,266.7,270.0,272.0,268.9,264.8,260.4,256.4,253.2,259.0,260.6,262.4,263.3,262.9,261.3,259.5,258.5,309.0,311.4,315.8,319.8,320.9,318.6,314.1,309.9,305.3,307.6,311.0,316.0,321.6,326.1,329.0,325.2,320.5,315.8,311.2,307.5,313.2,314.8,316.7,317.7,317.2,315.6,313.7,312.7,179.6,175.6,174.4,176.8,181.3,185.7,186.5,184.1,180.8,178.7,177.8,177.7,179.2,181.6,184.8,185.7,185.6,185.2,184.3,182.9,182.0,183.0,182.5,180.8,178.9,177.9,178.4,180.1,184.1,179.8,178.4,180.6,185.3,189.6,191.0,189.1,187.2,184.0,181.9,181.3,183.2,186.0,189.8,191.8,192.3,192.1,191.0,189.7,186.6,187.5,186.9,185.1,183.2,182.3,182.9,184.6,-9.0,-6.7,-2.4,1.4,2.4,0.5,-4.1,-7.9,-13.0,-10.4,-6.7,-2.0,2.6,5.9,8.0,4.9,0.8,-3.6,-7.5,-10.8,-5.0,-3.4,-1.6,-0.7,-1.1,-2.7,-4.5,-5.5,39.7,41.8,45.6,48.9,49.8,47.7,43.9,40.3,36.6,38.5,41.2,45.5,50.3,54.4,57.3,53.7,49.4,45.2,41.4,38.3,43.3,44.7,46.3,47.1,46.8,45.4,43.8,42.9,-70.3,-74.3,-75.3,-72.8,-68.2,-64.0,-63.3,-65.7,-69.7,-71.3,-71.8,-71.7,-70.2,-68.0,-65.1,-64.0,-63.9,-64.4,-65.5,-67.3,-67.9,-66.8,-67.2,-68.9,-70.8,-71.9,-71.5,-69.8,-58.1,-61.9,-63.0,-60.8,-56.6,-52.8,-51.7,-53.6,-55.7,-58.2,-59.8,-60.0,-58.4,-56.2,-53.1,-51.0,-50.4,-50.6,-51.7,-53.2,-55.8,-54.9,-55.4,-57.0,-58.7,-59.6,-59.1,-57.6,466.2,465.7,464.6,463.6,463.2,463.9,464.8,465.8,470.3,467.2,464.2,462.3,462.5,463.9,465.5,464.4,463.3,463.5,465.1,467.7,466.0,465.6,465.1,464.9,465.0,465.5,465.9,466.1,411.2,411.3,410.4,409.1,408.0,407.9,408.8,410.5,413.9,411.8,409.5,407.8,407.9,409.2,411.3,409.2,408.0,407.9,409.1,411.6,410.6,410.0,409.7,409.7,410.1,410.7,411.1,411.0,22.4,-28.8,495.3,0.318,0.223,0.073,0.0,0.0,0.0,0.17,0.0,0.0,0.0,0.0,0.0,0.0,0.0,0.02,0.26,0.0,0.03,0.0
-0.223169,0.31959,-0.9209,-0.297298,0.210176,-0.931364,-0.274,0.279,254.4,256.7,260.8,264.6,265.6,263.7,259.2,255.5,251.0,253.2,256.7,261.3,265.9,269.3,271.5,268.4,264.3,259.9,256.0,252.9,258.4,260.0,261.7,262.7,262.2,260.6,258.9,257.9,308.6,310.9,315.3,319.1,320.2,317.9,313.5,309.4,305.1,307.2,310.4,315.4,320.9,325.4,328.3,324.4,319.8,315.1,310.8,307.2,312.7,314.3,316.1,317.1,316.7,315.0,313.2,312.2,179.3,175.3,174.2,176.6,181.1,185.4,186.2,183.8,180.4,178.4,177.6,177.5,179.0,181.3,184.4,185.4,185.4,185.0,184.1,182.5,181.7,182.8,182.3,180.6,178.7,177.7,178.1,179.8,183.7,179.5,178.2,180.6,185.3,189.5,190.8,188.7,186.7,183.6,181.7,181.3,183.2,185.9,189.5,191.7,192.4,192.1,191.0,189.4,186.2,187.3,186.7,184.9,182.9,181.9,182.5,184.3,-9.6,-7.4,-3.2,0.6,1.6,-0.3,-4.8,-8.5,-13.2,-10.8,-7.3,-2.7,1.9,5.3,7.6,4.4,0.3,-4.1,-8.0,-11.2,-5.6,-4.1,-2.3,-1.3,-1.8,-3.4,-5.2,-6.1,39.7,41.7,45.5,48.7,49.6,47.6,43.9,40.4,36.9,38.5,41.1,45.3,50.2,54.3,57.2,53.6,49.3,45.2,41.5,38.5,43.3,44.7,46.2,47.1,46.7,45.3,43.7,42.9,-71.0,-74.9,-75.8,-73.2,-68.7,-64.5,-63.9,-66.5,-70.6,-72.1,-72.4,-72.2,-70.7,-68.5,-65.7,-64.6,-64.5,-64.9,-66.1,-68.0,-68.6,-67.5,-67.9,-69.5,-71.4,-72.5,-72.1,-70.5,-59.0,-62.7,-63.6,-61.3,-57.1,-53.5,-52.5,-54.5,-56.7,-59.1,-60.5,-60.5,-58.9,-56.7,-53.8,-51.7,-50.9,-51.2,-52.3,-54.1,-56.7,-55.7,-56.1,-57.7,-59.5,-60.5,-60.0,-58.5,469.1,468.2,466.8,465.6,465.4,466.5,467.7,468.9,473.4,470.0,466.7,464.6,464.6,465.9,467.6,466.7,465.9,466.3,468.1,470.7,468.7,468.2,467.6,467.2,467.3,467.8,468.4,468.8,415.4,415.0,413.8,412.5,411.9,412.4,413.6,415.2,418.4,416.0,413.4,411.4,411.5,413.0,415.3,413.6,412.6,412.7,413.9,416.4,414.9,414.4,413.8,413.7,413.9,414.4,415.0,415.1,21.9,-28.9,496.0,0.319,0.232,0.07,0.05,0.0,0.0,0.33,0.0,0.02,0.0,0.0,0.0,0.0,0.0,0.0,0.24,0.02,0.04,0.0
-0.216138,0.323798,-0.921107,-0.297837,0.220698,-0.928755,-0.271,0.286,253.8,256.1,260.3,264.1,265.1,263.3,258.7,254.9,250.3,252.5,256.0,260.6,265.3,268.8,271.0,267.8,263.6,259.2,255.4,252.2,257.8,259.4,261.2,262.2,261.7,260.1,258.3,257.3,307.8,310.0,314.4,318.3,319.4,317.2,312.8,308.7,304.1,306.2,309.5,314.5,320.1,324.6,327.5,323.7,319.1,314.4,310.0,306.3,311.9,313.5,315.3,316.3,315.8,314.2,312.4,311.4,179.2,175.2,174.1,176.5,181.0,185.4,186.2,183.8,180.2,178.3,177.5,177.5,178.9,181.3,184.4,185.3,185.3,184.9,183.9,182.4,181.7,182.7,182.2,180.5,178.5,177.5,178.0,179.7,183.7,179.5,178.1,180.4,185.0,189.2,190.6,188.6,186.8,183.6,181.5,181.0,182.8,185.5,189.3,191.3,192.0,191.7,190.7,189.3,186.1,187.0,186.5,184.7,182.8,181.8,182.4,184.2,-10.1,-7.9,-3.7,0.1,1.1,-0.7,-5.3,-9.0,-13.8,-11.4,-7.9,-3.3,1.3,4.7,6.9,3.8,-0.4,-4.7,-8.6,-11.7,-6.2,-4.6,-2.7,-1.8,-2.3,-3.9,-5.7,-6.6,39.1,41.1,44.8,48.1,49.1,47.1,43.4,39.8,36.0,37.7,40.4,44.7,49.6,53.8,56.7,53.1,48.9,44.7,40.9,37.8,42.7,44.1,45.7,46.5,46.1,44.7,43.1,42.3,-70.4,-74.3,-75.1,-72.6,-68.1,-63.9,-63.3,-65.9,-70.1,-71.5,-71.8,-71.4,-70.0,-67.8,-65.1,-64.0,-63.9,-64.4,-65.6,-67.5,-67.9,-66.8,-67.2,-68.9,-70.8,-71.9,-71.5,-69.9,-59.1,-62.9,-64.0,-61.8,-57.6,-53.9,-52.8,-54.7,-56.8,-59.3,-60.8,-61.0,-59.5,-57.3,-54.2,-52.2,-51.5,-51.7,-52.7,-54.3,-56.9,-56.0,-56.5,-58.0,-59.8,-60.7,-60.3,-58.7,464.2,463.2,461.8,460.7,460.5,461.7,462.9,464.1,468.6,465.2,461.9,459.7,459.7,461.0,462.7,461.8,461.0,461.5,463.3,465.9,463.9,463.4,462.8,462.4,462.4,462.9,463.5,463.9,416.3,416.1,415.1,413.9,413.2,413.4,414.5,416.0,419.4,417.0,414.5,412.7,412.9,414.4,416.8,414.9,413.7,413.6,414.8,417.2,415.9,415.4,414.9,414.8,415.1,415.6,416.1,416.2,21.4,-29.0,495.0,0.324,0.237,0.064,0.07,0.0,0.0,0.3,0.0,0.03,0.0,0.0,0.0,0.0,0.0,0.03,0.11,0.08,0.09,0.0
-0.224946,0.345128,-0.9112,-0.230782,0.331393,-0.914833,-0.245,0.355,253.4,255.6,259.9,263.7,264.7,262.8,258.2,254.4,249.8,252.1,255.7,260.3,265.0,268.4,270.6,267.4,263.2,258.8,254.9,251.8,257.3,258.9,260.8,261.7,261.3,259.7,257.9,256.9,307.6,309.5,313.5,317.3,318.6,316.7,312.7,308.6,303.4,305.7,309.1,313.8,318.3,321.7,323.6,321.2,317.7,313.9,309.8,306.0,311.3,312.9,314.5,315.3,314.8,313.2,311.5,310.7,178.7,174.7,173.6,176.0,180.6,184.9,185.7,183.2,179.7,177.8,177.0,177.0,178.6,181.0,184.1,185.0,184.9,184.4,183.4,181.8,181.2,182.2,181.7,180.0,178.1,177.0,177.5,179.2,183.8,179.9,178.5,180.3,184.3,188.2,189.6,188.0,185.6,182.9,181.2,180.6,181.4,182.8,185.2,187.5,188.8,189.3,188.8,187.6,185.4,186.2,185.6,184.0,182.3,181.6,182.2,183.8,-10.6,-8.3,-4.1,-0.3,0.7,-1.2,-5.8,-9.5,-14.2,-11.8,-8.3,-3.6,1.0,4.4,6.5,3.3,-0.8,-5.1,-9.0,-12.2,-6.6,-5.0,-3.2,-2.3,-2.7,-4.3,-6.1,-7.1,44.7,46.6,50.7,54.7,56.2,54.3,50.2,45.9,40.6,42.8,46.1,50.8,55.7,59.5,62.0,59.2,55.4,51.3,47.0,43.2,48.7,50.3,52.1,52.8,52.2,50.6,48.9,48.1,-70.9,-74.7,-75.6,-73.0,-68.5,-64.3,-63.7,-66.3,-70.5,-71.9,-72.2,-71.8,-70.3,-68.1,-65.3,-64.3,-64.3,-64.8,-66.0,-68.0,-68.4,-67.3,-67.6,-69.3,-71.2,-72.3,-71.9,-70.3,-68.0,-71.7,-73.2,-71.5,-67.5,-63.7,-62.3,-63.9,-66.4,-68.9,-70.4,-70.8,-70.3,-69.3,-67.4,-64.7,-63.0,-62.4,-63.0,-64.3,-66.5,-65.8,-66.4,-68.0,-69.6,-70.3,-69.7,-68.1,463.8,462.9,461.5,460.3,460.2,461.3,462.5,463.6,468.1,464.8,461.5,459.4,459.4,460.7,462.5,461.5,460.7,461.1,462.8,465.5,463.5,463.0,462.4,462.0,462.1,462.5,463.2,463.5,478.8,477.9,477.9,478.7,480.0,480.9,481.0,480.4,481.3,478.8,476.9,476.3,478.2,481.4,485.2,483.2,481.1,479.9,479.7,480.6,480.5,480.8,480.8,480.4,479.9,479.5,479.6,480.0,21.1,-29.7,496.5,0.328,0.246,0.058,0.11,0.0,0.0,0.3,0.0,0.05,0.0,0.0,0.0,0.0,0.0,0.06,0.07,0.15,0.16,0.0
-0.217529,0.359349,-0.907496,-0.237459,0.325592,-0.915206,-0.245,0.359,253.3,255.5,259.6,263.2,264.3,262.4,258.0,254.3,249.7,252.0,255.4,259.8,264.3,267.6,269.7,266.7,262.7,258.4,254.7,251.6,257.1,258.7,260.4,261.3,260.9,259.3,257.6,256.7,307.2,309.2,313.4,317.2,318.5,316.5,312.4,308.2,303.0,305.5,309.0,313.8,318.3,321.5,323.3,320.9,317.6,313.7,309.6,305.7,311.0,312.6,314.3,315.2,314.6,313.0,311.2,310.4,178.0,174.1,173.0,175.3,179.7,183.9,184.7,182.3,178.8,176.9,176.0,176.0,177.4,179.7,182.7,183.7,183.8,183.5,182.5,180.9,180.3,181.3,180.8,179.2,177.4,176.4,176.8,178.5,183.0,179.1,177.6,179.5,183.6,187.5,189.0,187.3,185.0,182.2,180.4,179.9,180.7,182.1,184.5,186.8,188.2,188.7,188.1,186.9,184.7,185.5,184.9,183.2,181.5,180.7,181.3,183.0,-11.1,-8.8,-4.6,-0.8,0.3,-1.7,-6.2,-10.0,-14.9,-12.5,-8.9,-4.3,0.3,3.7,5.9,2.8,-1.4,-5.7,-9.6,-12.9,-7.1,-5.5,-3.7,-2.8,-3.2,-4.8,-6.6,-7.6,43.5,45.4,49.6,53.6,55.1,53.2,49.0,44.7,39.4,41.8,45.2,49.9,54.6,58.3,60.6,57.9,54.2,50.2,45.9,42.1,47.4,49.1,50.9,51.7,51.1,49.4,47.6,46.8,-74.6,-78.5,-79.4,-76.8,-72.3,-68.1,-67.5,-70.0,-74.4,-75.9,-76.2,-75.9,-74.5,-72.3,-69.5,-68.3,-68.1,-68.5,-69.8,-71.7,-72.1,-71.0,-71.4,-73.0,-75.0,-76.0,-75.7,-74.0,-67.4,-71.3,-72.8,-71.1,-67.1,-63.3,-61.7,-63.3,-65.7,-68.3,-69.7,-70.2,-69.7,-68.8,-66.9,-64.3,-62.6,-61.9,-62.4,-63.7,-66.0,-65.2,-65.9,-67.5,-69.2,-69.9,-69.3,-67.6,483.1,482.2,480.9,479.9,479.8,480.8,481.9,483.0,487.4,484.0,480.9,478.9,478.9,480.2,482.0,481.0,480.1,480.5,482.1,484.8,482.9,482.4,481.9,481.5,481.6,482.0,482.6,482.9,469.8,469.0,469.1,470.1,471.4,472.2,472.1,471.3,471.9,469.6,467.9,467.5,469.6,473.0,476.7,474.6,472.4,471.0,470.6,471.3,471.6,472.0,472.0,471.7,471.2,470.7,470.7,471.0,20.8,-30.7,497.2,0.32,0.255,0.059,0.11,0.0,0.0,0.08,0.0,0.08,0.0,0.0,0.0,0.0,0.0,0.18,0.11,0.19,0.16,0.0
-0.229905,0.364288,-0.902462,-0.233459,0.333686,-0.913318,-0.25,0.367,253.2,255.3,259.5,263.1,264.1,262.3,257.9,254.2,249.8,252.0,255.3,259.8,264.4,267.7,270.0,266.8,262.7,258.4,254.7,251.7,257.0,258.6,260.3,261.3,260.8,259.3,257.5,256.6,307.3,309.2,313.2,317.0,318.4,316.5,312.5,308.4,303.2,305.5,308.8,313.4,317.9,321.3,323.5,320.9,317.5,313.6,309.5,305.8,311.0,312.6,314.3,315.1,314.6,313.0,311.3,310.5,177.0,173.1,172.0,174.4,178.8,183.1,183.9,181.5,177.8,175.9,175.0,175.0,176.4,178.7,181.7,182.8,182.9,182.5,181.6,180.0,179.4,180.4,180.0,178.3,176.4,175.4,175.9,177.5,182.0,178.1,176.7,178.6,182.7,186.6,188.0,186.3,183.9,181.1,179.4,178.8,179.7,181.2,183.7,185.8,187.0,187.3,186.8,185.8,183.8,184.6,184.0,182.4,180.6,179.9,180.5,182.1,-11.1,-8.8,-4.6,-0.9,0.2,-1.7,-6.3,-10.0,-14.6,-12.3,-8.8,-4.3,0.4,3.8,6.1,2.9,-1.3,-5.7,-9.5,-12.6,-7.1,-5.5,-3.7,-2.8,-3.2,-4.8,-6.6,-7.5,44.9,46.8,51.0,55.0,56.5,54.6,50.4,46.1,40.8,43.0,46.3,51.0,55.8,59.7,62.4,59.5,55.6,51.4,47.2,43.4,48.9,50.6,52.4,53.2,52.5,50.8,49.1,48.3,-74.5,-78.4,-79.2,-76.6,-72.1,-67.9,-67.3,-70.0,-74.4,-75.8,-76.1,-75.8,-74.4,-72.3,-69.5,-68.3,-68.0,-68.5,-69.7,-71.7,-72.0,-70.9,-71.3,-72.9,-74.8,-75.9,-75.6,-74.0,-70.5,-74.4,-75.9,-74.0,-69.9,-66.0,-64.5,-66.2,-68.9,-71.5,-73.0,-73.5,-72.8,-71.7,-69.6,-67.1,-65.5,-65.0,-65.6,-66.8,-68.9,-68.1,-68.7,-70.3,-72.1,-72.8,-72.2,-70.6,476.5,475.5,474.0,472.8,472.7,473.8,475.2,476.4,480.9,477.4,474.1,471.9,471.8,473.0,474.7,473.8,473.0,473.6,475.4,478.2,476.1,475.6,475.0,474.5,474.6,475.1,475.8,476.2,484.0,483.3,483.2,483.8,484.7,485.4,485.5,485.2,486.5,484.1,482.2,481.5,483.0,486.0,489.4,487.3,485.2,484.1,484.2,485.4,485.4,485.6,485.6,485.3,484.9,484.7,484.7,485.0,20.6,-31.9,497.3,0.313,0.257,0.061,0.12,0.03,0.0,0.09,0.0,0.09,0.0,0.0,0.0,0.0,0.0,0.15,0.1,0.17,0.17,0.0
-0.229632,0.34796,-0.908952,-0.292359,0.265554,-0.918699,-0.278,0.324,253.1,255.2,259.3,262.9,264.0,262.2,257.7,254.1,249.7,251.9,255.2,259.6,264.2,267.5,269.7,266.6,262.5,258.3,254.5,251.5,256.9,258.5,260.2,261.1,260.6,259.1,257.4,256.5,306.8,309.3,313.8,317.7,318.7,316.2,311.7,307.6,303.2,305.4,308.7,313.6,318.9,323.3,326.3,322.5,317.9,313.2,308.8,305.2,310.9,312.6,314.5,315.6,315.1,313.4,311.5,310.5,175.7,171.8,170.7,173.1,177.5,181.7,182.5,180.1,176.3,174.5,173.8,173.8,175.2,177.4,180.3,181.4,181.6,181.2,180.2,178.6,178.0,179.0,178.6,177.0,175.1,174.1,174.6,176.2,180.5,176.3,174.9,177.1,181.7,185.9,187.3,185.5,183.0,179.9,177.9,177.4,179.1,181.9,185.7,187.3,187.6,187.3,186.3,185.2,183.1,184.0,183.4,181.6,179.6,178.7,179.3,181.1,-11.3,-9.0,-4.8,-1.1,-0.0,-1.9,-6.4,-10.2,-14.9,-12.5,-9.0,-4.4,0.2,3.6,5.9,2.7,-1.5,-5.9,-9.7,-12.9,-7.3,-5.7,-3.9,-3.0,-3.5,-5.0,-6.8,-7.7,38.7,40.9,44.9,48.2,49.0,46.7,42.8,39.3,35.7,37.5,40.3,44.4,49.1,53.2,56.1,52.4,48.2,44.0,40.2,37.3,42.3,43.7,45.4,46.4,46.0,44.6,42.9,41.9,-76.5,-80.3,-81.1,-78.5,-74.0,-69.9,-69.3,-71.9,-76.5,-77.8,-78.1,-77.7,-76.3,-74.2,-71.5,-70.2,-70.0,-70.4,-71.7,-73.7,-74.0,-72.9,-73.3,-74.9,-76.8,-77.9,-77.5,-75.9,-62.7,-66.6,-67.7,-65.5,-61.2,-57.3,-56.2,-58.1,-61.0,-63.4,-64.9,-65.1,-63.4,-61.1,-57.9,-56.2,-55.8,-56.1,-57.1,-58.5,-60.3,-59.4,-59.9,-61.5,-63.4,-64.3,-63.8,-62.2,480.2,479.2,477.7,476.6,476.5,477.8,479.1,480.2,484.6,481.1,477.8,475.7,475.7,476.9,478.7,477.8,477.0,477.5,479.3,481.9,479.9,479.4,478.8,478.4,478.4,478.9,479.5,479.9,421.5,421.7,420.8,419.2,417.9,417.6,418.5,420.4,424.3,422.3,420.0,418.1,417.8,418.7,420.4,418.4,417.4,417.4,418.9,421.7,420.6,419.9,419.5,419.6,420.2,420.9,421.3,421.2,20.5,-32.9,495.0,0.308,0.259,0.064,0.13,0.03,0.0,0.15,0.0,0.07,0.0,0.0,0.0,0.0,0.0,0.12,0.09,0.13,0.19,0.02
-0.228823,0.346597,-0.909676,-0.308717,0.239114,-0.920607,-0.286,0.31,253.0,255.2,259.3,263.0,264.0,262.1,257.6,254.0,249.4,251.8,255.3,259.7,264.2,267.5,269.6,266.6,262.5,258.3,254.5,251.4,256.8,258.4,260.1,261.0,260.6,259.1,257.3,256.4,306.6,309.0,313.4,317.3,318.3,315.9,311.5,307.3,302.9,305.1,308.5,313.4,318.9,323.4,326.4,322.5,317.8,313.1,308.6,305.0,310.7,312.3,314.1,315.1,314.7,313.1,311.3,310.3,174.8,170.9,169.8,172.1,176.6,180.8,181.5,179.2,175.6,173.6,172.8,172.8,174.2,176.5,179.4,180.5,180.5,180.1,179.2,177.7,177.2,178.1,177.7,176.1,174.2,173.2,173.7,175.3,179.1,174.8,173.5,175.8,180.4,184.7,186.0,184.0,181.8,178.7,176.7,176.2,178.1,180.9,184.7,186.4,186.8,186.4,185.4,184.1,181.6,182.5,182.0,180.2,178.3,177.3,177.9,179.6,-11.4,-9.1,-4.8,-1.0,0.0,-2.0,-6.6,-10.4,-15.2,-12.6,-9.0,-4.4,0.2,3.6,5.8,2.7,-1.5,-5.9,-9.8,-13.1,-7.4,-5.8,-4.0,-3.1,-3.5,-5.1,-6.9,-7.8,38.0,40.1,44.0,47.2,48.0,45.9,42.1,38.6,35.0,36.8,39.5,43.7,48.5,52.6,55.6,51.8,47.5,43.4,39.6,36.6,41.6,42.9,44.5,45.4,45.1,43.7,42.1,41.2,-77.9,-81.8,-82.7,-80.1,-75.6,-71.3,-70.7,-73.3,-77.8,-79.2,-79.6,-79.3,-77.9,-75.7,-72.9,-71.7,-71.5,-71.9,-73.2,-75.1,-75.4,-74.3,-74.7,-76.3,-78.3,-79.3,-79.0,-77.3,-63.3,-67.0,-68.1,-65.8,-61.5,-57.8,-56.7,-58.7,-61.3,-63.7,-65.1,-65.2,-63.6,-61.2,-58.1,-56.3,-55.9,-56.2,-57.3,-58.8,-60.9,-60.0,-60.4,-62.0,-63.8,-64.7,-64.3,-62.7,483.4,482.7,481.4,480.3,480.1,481.0,482.1,483.1,487.5,484.3,481.2,479.3,479.4,480.6,482.3,481.2,480.2,480.5,482.2,484.8,483.1,482.7,482.1,481.8,481.9,482.4,482.9,483.2,416.2,416.2,415.1,413.6,412.6,412.6,413.7,415.4,419.1,416.9,414.5,412.5,412.4,413.6,415.6,413.6,412.5,412.6,414.0,416.7,415.4,414.8,414.4,414.4,414.8,415.4,415.9,415.9,20.3,-34.1,495.2,0.302,0.26,0.064,0.17,0.05,0.0,0.33,0.0,0.02,0.0,0.0,0.0,0.0,0.0,0.06,0.02,0.08,0.25,0.04
-0.213109,0.337866,-0.91675,-0.298933,0.251985,-0.920403,-0.272,0.311,252.7,254.9,259.1,262.9,264.0,262.1,257.5,253.8,249.0,251.4,254.9,259.5,264.0,267.3,269.4,266.4,262.3,258.0,254.1,251.0,256.6,258.2,260.0,261.0,260.5,258.9,257.1,256.1,306.5,308.9,313.3,317.0,318.0,315.7,311.3,307.3,303.0,305.1,308.3,313.1,318.4,322.9,326.0,322.0,317.4,312.7,308.4,304.9,310.6,312.2,314.0,314.9,314.5,313.0,311.2,310.2,173.8,169.8,168.6,170.9,175.3,179.7,180.5,178.2,174.7,172.7,171.8,171.7,173.1,175.4,178.5,179.4,179.4,179.1,178.2,176.8,176.1,177.1,176.6,174.9,173.0,172.0,172.5,174.2,178.0,173.8,172.5,174.8,179.4,183.6,185.0,183.0,180.4,177.5,175.6,175.2,177.1,179.8,183.5,185.1,185.5,185.1,184.0,182.7,180.5,181.5,180.9,179.2,177.2,176.3,176.8,178.6,-11.5,-9.3,-4.9,-1.1,-0.0,-2.0,-6.6,-10.4,-15.5,-12.9,-9.2,-4.6,0.0,3.4,5.5,2.4,-1.7,-6.1,-10.0,-13.3,-7.5,-5.9,-4.1,-3.1,-3.6,-5.2,-7.1,-8.0,38.6,40.7,44.6,47.8,48.6,46.5,42.7,39.2,35.7,37.4,40.0,44.1,48.9,53.1,56.1,52.3,48.0,43.8,40.1,37.2,42.2,43.6,45.1,46.0,45.7,44.3,42.8,41.9,-77.8,-81.8,-82.8,-80.3,-75.7,-71.4,-70.7,-73.2,-77.5,-79.0,-79.4,-79.2,-77.8,-75.7,-72.9,-71.7,-71.5,-71.9,-73.1,-75.0,-75.3,-74.2,-74.7,-76.4,-78.3,-79.4,-79.0,-77.3,-65.3,-69.1,-70.1,-67.8,-63.5,-59.7,-58.7,-60.8,-63.7,-65.9,-67.3,-67.3,-65.5,-63.3,-60.2,-58.5,-58.0,-58.4,-59.6,-61.2,-63.0,-62.0,-62.4,-64.0,-65.8,-66.8,-66.4,-64.8,476.2,475.6,474.5,473.4,473.1,473.9,474.8,475.8,480.3,477.1,474.1,472.3,472.4,473.6,475.3,474.2,473.1,473.4,475.0,477.6,476.0,475.5,475.0,474.8,474.9,475.4,475.9,476.1,423.6,423.4,422.2,420.7,419.8,420.0,421.2,423.0,426.8,424.5,421.9,419.7,419.5,420.6,422.5,420.7,419.8,420.1,421.6,424.4,422.8,422.2,421.7,421.6,422.0,422.6,423.2,423.2,20.1,-35.2,495.1,0.299,0.262,0.061,0.24,0.04,0.0,0.51,0.0,0.14,0.0,0.0,0.0,0.0,0.0,0.08,0.02,0.04,0.3,0.12
-0.236354,0.350744,-0.906154,-0.288054,0.269112,-0.919023,-0.28,0.327,252.4,254.5,258.5,262.2,263.3,261.7,257.3,253.6,249.2,251.3,254.6,258.9,263.5,266.9,269.1,266.1,262.0,257.8,254.1,251.1,256.3,257.9,259.7,260.5,260.0,258.4,256.7,255.8,306.1,308.4,312.6,316.4,317.5,315.2,310.9,306.9,302.5,304.6,307.7,312.4,317.6,321.9,324.9,321.1,316.6,312.1,307.9,304.5,310.1,311.7,313.4,314.4,313.9,312.4,310.6,309.7,173.1,169.1,168.0,170.3,174.6,178.9,179.7,177.4,173.7,171.8,171.0,170.9,172.3,174.5,177.5,178.5,178.7,178.4,177.5,175.9,175.3,176.3,175.8,174.1,172.3,171.3,171.8,173.5,177.3,173.2,171.8,174.0,178.4,182.6,184.0,182.1,179.6,176.6,174.6,174.1,175.9,178.5,182.2,183.9,184.3,184.0,183.0,181.9,179.6,180.5,180.0,178.3,176.4,175.5,176.1,177.8,-11.9,-9.8,-5.7,-1.9,-0.7,-2.4,-6.9,-10.7,-15.3,-13.1,-9.7,-5.2,-0.5,2.9,5.3,2.1,-2.1,-6.4,-10.2,-13.3,-7.9,-6.2,-4.5,-3.6,-4.1,-5.7,-7.5,-8.4,39.4,41.5,45.4,48.8,49.7,47.5,43.7,40.1,36.3,38.1,40.8,44.9,49.8,53.9,56.9,53.2,48.9,44.7,40.9,37.9,43.1,44.5,46.1,47.0,46.6,45.2,43.6,42.8,-79.2,-83.1,-84.0,-81.5,-77.0,-72.9,-72.2,-74.7,-79.3,-80.7,-80.9,-80.6,-79.3,-77.2,-74.4,-73.2,-72.9,-73.3,-74.5,-76.6,-76.8,-75.8,-76.2,-77.8,-79.7,-80.8,-80.4,-78.8,-68.0,-71.9,-73.0,-70.8,-66.5,-62.6,-61.5,-63.5,-66.3,-68.8,-70.3,-70.5,-68.8,-66.5,-63.3,-61.5,-61.0,-61.3,-62.4,-63.9,-65.8,-64.8,-65.3,-66.9,-68.7,-69.6,-69.1,-67.5,480.6,479.5,477.8,476.6,476.6,478.0,479.5,480.6,485.0,481.5,478.1,475.8,475.7,476.9,478.7,477.9,477.3,477.9,479.7,482.4,480.3,479.8,479.1,478.6,478.6,479.1,479.8,480.3,436.9,436.9,435.8,434.4,433.4,433.4,434.4,436.2,440.0,437.7,435.3,433.3,433.1,434.2,436.1,434.2,433.2,433.3,434.7,437.5,436.2,435.6,435.1,435.1,435.5,436.1,436.6,436.6,19.8,-36.5,496.5,0.298,0.271,0.058,0.19,0.04,0.0,0.38,0.0,0.26,0.0,0.0,0.0,0.0,0.0,0.07,0.0,0.0,0.28,0.12
-0.222192,0.346446,-0.911376,-0.284314,0.24406,-0.927146,-0.269,0.311,252.2,254.3,258.4,262.0,263.0,261.2,256.8,253.2,248.8,250.9,254.1,258.6,263.2,266.7,269.0,265.7,261.5,257.1,253.4,250.5,256.1,257.6,259.2,260.1,259.7,258.2,256.6,255.7,305.4,307.8,312.1,316.0,317.1,314.8,310.4,306.3,301.7,303.9,307.1,312.0,317.2,321.5,324.4,320.8,316.4,311.8,307.5,303.8,309.5,311.1,312.9,313.9,313.4,311.8,310.0,309.0,172.5,168.5,167.3,169.6,174.1,178.5,179.3,177.0,173.5,171.4,170.3,170.2,171.8,174.2,177.4,178.3,178.2,177.8,176.9,175.6,174.9,175.8,175.3,173.7,171.8,170.9,171.4,173.0,176.2,172.0,170.7,172.9,177.4,181.6,182.9,181.0,178.9,175.8,173.8,173.3,175.0,177.6,181.2,183.0,183.5,183.2,182.3,181.1,178.6,179.5,179.0,177.2,175.3,174.4,175.0,176.7,-11.9,-9.7,-5.6,-2.0,-1.0,-2.8,-7.2,-10.8,-15.3,-13.2,-9.8,-5.4,-0.8,2.7,5.0,1.7,-2.5,-6.8,-10.6,-13.6,-7.9,-6.4,-4.7,-3.8,-4.3,-5.7,-7.4,-8.3,38.3,40.5,44.5,47.9,48.8,46.7,42.7,39.1,35.1,36.9,39.8,44.0,48.9,53.0,55.9,52.3,48.1,43.9,40.0,36.9,42.0,43.5,45.1,46.0,45.7,44.2,42.6,41.7,-77.7,-81.6,-82.5,-79.9,-75.3,-71.1,-70.5,-73.1,-77.4,-79.0,-79.5,-79.2,-77.5,-75.2,-72.3,-71.3,-71.3,-71.8,-73.0,-74.9,-75.2,-74.1,-74.5,-76.1,-78.0,-79.0,-78.7,-77.1,-68.3,-72.1,-73.3,-71.0,-66.7,-62.9,-61.7,-63.7,-66.2,-68.7,-70.2,-70.5,-68.9,-66.7,-63.7,-61.7,-61.1,-61.3,-62.4,-63.8,-66.0,-65.0,-65.5,-67.1,-68.9,-69.9,-69.4,-67.8,467.7,466.9,465.3,463.7,463.2,464.1,465.6,467.1,472.5,469.0,465.5,463.0,462.5,463.3,464.7,463.9,463.4,464.2,466.3,469.4,466.9,466.3,465.6,465.3,465.5,466.1,466.8,467.1,431.8,431.9,431.0,429.8,428.8,428.7,429.6,431.1,434.7,432.6,430.3,428.5,428.6,429.9,432.0,430.0,428.7,428.6,429.8,432.4,431.3,430.7,430.4,430.4,430.8,431.4,431.7,431.7,19.3,-37.2,495.4,0.293,0.266,0.056,0.11,0.03,0.0,0.2,0.0,0.38,0.0,0.0,0.0,0.0,0.0,0.1,0.0,0.0,0.29,0.15
-0.221996,0.338878,-0.914264,-0.317808,0.245147,-0.915916,-0.287,0.309,251.6,253.8,257.9,261.5,262.5,260.7,256.3,252.7,248.3,250.4,253.7,258.1,262.7,266.1,268.3,265.2,261.0,256.7,253.0,250.1,255.5,257.1,258.8,259.7,259.2,257.7,256.0,255.1,304.8,307.1,311.5,315.3,316.3,314.0,309.6,305.6,301.5,303.6,306.7,311.6,316.9,321.3,324.3,320.5,316.0,311.4,307.0,303.6,308.8,310.4,312.3,313.3,312.8,311.2,309.4,308.4,171.9,167.9,166.7,169.0,173.4,177.8,178.7,176.4,173.1,171.0,169.9,169.8,171.3,173.7,176.9,177.8,177.7,177.3,176.5,175.1,174.3,175.2,174.7,173.0,171.2,170.2,170.7,172.4,175.5,171.3,170.1,172.4,177.1,181.3,182.5,180.5,177.8,175.0,173.3,173.0,174.8,177.4,180.9,182.7,183.2,182.8,181.7,180.3,178.0,179.0,178.5,176.7,174.8,173.8,174.3,176.1,-12.5,-10.3,-6.2,-2.5,-1.5,-3.3,-7.8,-11.4,-16.0,-13.8,-10.4,-5.9,-1.3,2.1,4.4,1.2,-3.0,-7.3,-11.1,-14.2,-8.5,-7.0,-5.3,-4.4,-4.8,-6.3,-8.1,-9.0,37.3,39.4,43.2,46.5,47.3,45.3,41.5,38.0,34.5,36.2,38.8,43.0,47.8,52.0,55.0,51.3,47.1,42.9,39.1,36.2,40.9,42.3,43.9,44.8,44.4,43.0,41.4,40.5,-79.1,-83.0,-84.0,-81.4,-76.9,-72.6,-72.0,-74.5,-78.6,-80.3,-80.8,-80.5,-78.9,-76.6,-73.7,-72.6,-72.6,-73.1,-74.3,-76.1,-76.6,-75.5,-75.9,-77.6,-79.5,-80.6,-80.1,-78.5,-68.0,-71.8,-72.7,-70.3,-66.0,-62.3,-61.3,-63.4,-66.3,-68.5,-69.7,-69.6,-68.0,-65.8,-62.9,-61.1,-60.5,-60.9,-62.1,-63.8,-65.6,-64.6,-65.0,-66.6,-68.4,-69.4,-69.0,-67.5,472.7,472.0,470.5,469.0,468.4,469.3,470.7,472.2,477.3,473.9,470.5,468.2,467.8,468.7,470.1,469.3,468.7,469.4,471.4,474.4,472.0,471.4,470.7,470.4,470.7,471.3,472.0,472.3,426.1,425.7,424.4,423.0,422.3,422.7,424.0,425.8,429.0,426.6,424.0,421.9,421.8,423.2,425.4,423.7,422.7,422.8,424.2,426.8,425.5,424.9,424.3,424.1,424.4,425.0,425.6,425.7,18.9,-37.9,495.7,0.295,0.268,0.054,0.01,0.04,0.0,0.0,0.0,0.45,0.0,0.0,0.0,0.0,0.0,0.15,0.01,0.0,0.3,0.21
-0.217656,0.355004,-0.909174,-0.236016,0.344668,-0.908571,-0.245,0.367,251.0,253.2,257.3,261.1,262.1,260.3,255.8,252.0,247.6,249.7,253.0,257.5,262.2,265.7,268.0,264.8,260.5,256.1,252.3,249.4,255.0,256.5,258.3,259.2,258.8,257.2,255.4,254.5,304.5,306.4,310.5,314.4,315.7,313.7,309.6,305.4,300.3,302.8,306.3,310.9,315.2,318.5,320.5,318.1,314.7,310.9,306.8,303.0,308.2,309.8,311.5,312.4,311.8,310.2,308.5,307.6,171.5,167.3,166.0,168.3,172.8,177.3,178.3,176.0,172.7,170.6,169.5,169.3,170.8,173.3,176.5,177.3,177.1,176.7,175.9,174.6,173.9,174.8,174.3,172.5,170.6,169.6,170.2,171.9,175.5,171.6,170.1,172.1,176.2,180.2,181.6,179.9,176.9,174.4,172.9,172.5,173.4,174.8,177.1,179.0,180.1,180.4,179.9,178.8,177.3,178.1,177.5,175.9,174.1,173.3,173.9,175.6,-12.9,-10.7,-6.6,-2.9,-1.8,-3.6,-8.1,-11.8,-16.4,-14.2,-10.8,-6.4,-1.8,1.6,3.9,0.7,-3.4,-7.7,-11.5,-14.5,-8.9,-7.4,-5.6,-4.7,-5.1,-6.7,-8.5,-9.4,42.2,44.2,48.5,52.5,54.0,52.0,47.7,43.3,38.0,40.5,43.9,48.6,53.3,57.1,59.6,56.8,53.0,48.9,44.6,40.7,46.2,47.9,49.7,50.6,49.9,48.2,46.4,45.6,-77.7,-81.7,-82.8,-80.2,-75.6,-71.3,-70.6,-73.1,-77.2,-78.8,-79.3,-79.1,-77.5,-75.2,-72.2,-71.4,-71.4,-72.0,-73.1,-74.9,-75.2,-74.2,-74.6,-76.3,-78.3,-79.3,-78.9,-77.2,-77.6,-81.6,-83.1,-81.3,-77.1,-73.1,-71.6,-73.3,-76.5,-78.8,-80.0,-80.4,-79.8,-78.8,-76.9,-74.5,-73.0,-72.5,-73.1,-74.4,-76.0,-75.2,-75.8,-77.5,-79.3,-80.1,-79.4,-77.7,461.9,461.3,459.7,458.1,457.4,458.2,459.6,461.2,466.5,463.1,459.7,457.3,456.9,457.6,458.9,458.1,457.6,458.3,460.4,463.5,461.1,460.4,459.7,459.5,459.8,460.5,461.1,461.4,486.3,485.7,485.8,486.6,487.6,488.2,488.0,487.5,488.2,486.1,484.6,484.1,485.9,488.9,492.3,490.1,487.8,486.4,486.2,487.3,487.9,488.2,488.3,488.0,487.6,487.3,487.2,487.5,18.3,-38.4,495.5,0.295,0.267,0.047,0.04,0.07,0.0,0.0,0.0,0.47,0.0,0.0,0.0,0.0,0.0,0.17,0.01,0.0,0.39,0.51
-0.235142,0.356125,-0.904369,-0.241149,0.339601,-0.90913,-0.257,0.366,250.1,252.4,256.5,260.2,261.2,259.4,254.9,251.2,247.0,249.0,252.4,256.8,261.6,265.1,267.5,264.2,259.9,255.5,251.7,248.7,254.1,255.7,257.4,258.4,257.9,256.4,254.6,253.7,303.7,305.6,309.6,313.4,314.8,312.8,308.8,304.7,299.7,302.1,305.5,310.1,314.4,317.7,319.7,317.3,314.0,310.2,306.1,302.3,307.4,309.0,310.7,311.5,310.9,309.3,307.6,306.8,171.4,167.2,166.0,168.3,172.9,177.4,178.3,176.0,172.6,170.4,169.3,169.2,170.8,173.3,176.6,177.4,177.2,176.8,175.9,174.6,173.8,174.8,174.3,172.5,170.6,169.6,170.1,171.9,175.0,171.1,169.7,171.6,175.6,179.6,181.0,179.3,176.6,174.0,172.5,172.0,172.8,174.2,176.5,178.5,179.6,180.0,179.5,178.4,176.8,177.6,177.0,175.4,173.6,172.9,173.5,175.1,-13.6,-11.4,-7.3,-3.7,-2.7,-4.5,-8.9,-12.6,-16.9,-14.8,-11.4,-7.0,-2.3,1.1,3.4,0.2,-4.0,-8.3,-12.1,-15.1,-9.7,-8.2,-6.4,-5.5,-5.9,-7.5,-9.2,-10.1,41.5,43.5,47.7,51.8,53.3,51.4,47.1,42.7,37.5,39.9,43.3,48.0,52.8,56.6,59.1,56.3,52.5,48.4,44.1,40.2,45.6,47.3,49.1,49.9,49.3,47.6,45.8,45.0,-77.4,-81.3,-82.3,-79.7,-75.1,-70.9,-70.2,-72.7,-76.9,-78.5,-79.0,-78.7,-77.1,-74.7,-71.7,-70.8,-70.9,-71.5,-72.7,-74.5,-74.8,-73.7,-74.1,-75.8,-77.8,-78.8,-78.4,-76.8,-78.5,-82.5,-84.1,-82.2,-78.1,-74.1,-72.5,-74.2,-77.2,-79.5,-80.9,-81.4,-80.8,-79.8,-78.0,-75.5,-74.0,-73.4,-73.9,-75.1,-76.9,-76.1,-76.8,-78.5,-80.2,-81.0,-80.3,-78.7,459.2,458.5,456.8,455.1,454.4,455.3,456.8,458.5,463.7,460.3,456.8,454.4,453.9,454.7,456.0,455.2,454.7,455.5,457.6,460.7,458.3,457.6,456.9,456.6,456.8,457.6,458.3,458.6,488.9,488.3,488.4,489.1,490.0,490.6,490.5,490.1,490.8,488.7,487.1,486.7,488.5,491.5,494.9,492.7,490.4,489.0,488.8,489.9,490.4,490.7,490.7,490.5,490.1,489.8,489.8,490.0,17.9,-38.3,494.6,0.298,0.264,0.04,0.06,0.2,0.0,0.03,0.0,0.56,0.0,0.0,0.0,0.0,0.0,0.14,0.04,0.0,0.45,0.78
-0.225989,0.366586,-0.902521,-0.224189,0.331659,-0.916374,-0.243,0.367,249.6,251.7,255.9,259.5,260.6,258.7,254.3,250.6,246.5,248.4,251.6,255.9,260.7,264.3,266.8,263.4,259.0,254.6,250.9,248.1,253.6,255.1,256.8,257.7,257.3,255.8,254.1,253.2,303.3,305.1,309.2,313.0,314.4,312.5,308.5,304.3,299.1,301.5,304.9,309.4,313.8,317.2,319.3,316.8,313.4,309.6,305.5,301.7,307.0,308.6,310.3,311.1,310.5,308.9,307.2,306.4,171.5,167.3,166.0,168.3,172.9,177.5,178.4,176.1,172.7,170.4,169.2,169.0,170.5,173.1,176.3,177.2,177.2,176.8,176.0,174.7,173.9,174.9,174.3,172.6,170.7,169.7,170.2,172.0,174.9,170.9,169.4,171.3,175.4,179.4,180.9,179.2,176.7,174.0,172.3,171.8,172.6,174.1,176.5,178.5,179.6,180.0,179.5,178.5,176.7,177.4,176.8,175.2,173.4,172.6,173.3,174.9,-14.1,-11.9,-7.9,-4.3,-3.3,-5.1,-9.4,-13.0,-17.3,-15.3,-12.1,-7.8,-3.2,0.3,2.7,-0.5,-4.8,-9.1,-12.8,-15.6,-10.1,-8.7,-7.0,-6.1,-6.5,-8.0,-9.7,-10.6,40.9,42.8,47.0,51.1,52.6,50.7,46.5,42.1,36.7,39.0,42.4,47.1,51.8,55.7,58.2,55.4,51.6,47.5,43.2,39.4,44.9,46.6,48.4,49.2,48.6,46.9,45.1,44.3,-76.6,-80.6,-81.6,-79.0,-74.4,-70.2,-69.5,-72.0,-76.3,-78.0,-78.5,-78.2,-76.6,-74.3,-71.3,-70.3,-70.3,-70.9,-72.0,-73.8,-74.1,-73.1,-73.5,-75.1,-77.0,-78.1,-77.7,-76.1,-78.2,-82.3,-83.9,-82.0,-77.9,-73.8,-72.2,-73.9,-76.7,-79.2,-80.6,-81.1,-80.5,-79.5,-77.5,-75.0,-73.5,-72.9,-73.4,-74.7,-76.6,-75.8,-76.5,-78.2,-79.9,-80.7,-80.1,-78.4,455.7,454.9,453.1,451.3,450.5,451.4,453.1,454.9,460.5,457.0,453.4,450.7,449.9,450.5,451.6,451.0,450.7,451.7,454.0,457.3,454.6,453.9,453.1,452.8,453.1,453.8,454.6,454.9,486.0,485.5,485.7,486.3,487.1,487.6,487.5,487.1,488.1,486.0,484.3,483.8,485.5,488.5,491.8,489.6,487.4,486.0,486.0,487.1,487.5,487.7,487.8,487.6,487.3,487.0,486.9,487.1,17.2,-38.3,494.2,0.299,0.268,0.037,0.05,0.16,0.0,0.04,0.0,0.49,0.0,0.0,0.0,0.0,0.0,0.12,0.03,0.0,0.54,0.89
-0.227299,0.375641,-0.898459,-0.207803,0.331493,-0.920288,-0.235,0.371,249.1,251.2,255.3,258.9,260.1,258.4,254.0,250.3,246.0,248.0,251.2,255.6,260.2,263.8,266.2,263.0,258.8,254.4,250.6,247.7,253.1,254.7,256.4,257.2,256.8,255.2,253.5,252.6,302.9,304.8,308.8,312.7,314.1,312.1,308.1,303.9,298.4,300.9,304.3,309.0,313.4,316.7,318.6,316.2,312.9,309.0,304.9,301.1,306.6,308.2,309.9,310.7,310.1,308.5,306.8,306.0,171.7,167.6,166.3,168.6,173.2,177.6,178.5,176.2,172.4,170.4,169.4,169.3,170.8,173.2,176.3,177.3,177.3,176.9,176.0,174.5,174.0,175.0,174.4,172.7,170.8,169.9,170.4,172.1,175.0,171.0,169.5,171.3,175.5,179.5,181.0,179.3,177.0,174.3,172.5,172.0,172.8,174.2,176.5,178.6,179.7,180.1,179.6,178.7,176.7,177.5,176.9,175.2,173.5,172.7,173.3,175.0,-14.9,-12.8,-8.7,-5.0,-3.9,-5.6,-10.0,-13.7,-18.2,-16.1,-12.7,-8.4,-3.7,-0.2,2.2,-1.0,-5.2,-9.5,-13.3,-16.3,-10.9,-9.3,-7.6,-6.7,-7.2,-8.8,-10.5,-11.3,40.1,42.0,46.2,50.3,51.8,49.9,45.6,41.2,35.6,38.0,41.5,46.2,50.9,54.7,57.1,54.4,50.6,46.5,42.2,38.4,44.1,45.8,47.5,48.3,47.7,46.0,44.3,43.4,-78.3,-82.2,-83.1,-80.6,-76.0,-71.9,-71.2,-73.7,-78.3,-79.8,-80.1,-79.8,-78.3,-76.0,-73.2,-72.1,-72.1,-72.6,-73.8,-75.7,-75.9,-74.8,-75.2,-76.8,-78.7,-79.8,-79.4,-77.8,-77.4,-81.4,-83.0,-81.3,-77.1,-73.1,-71.5,-73.1,-75.7,-78.1,-79.6,-80.2,-79.6,-78.7,-76.8,-74.3,-72.8,-72.2,-72.6,-73.8,-75.8,-75.1,-75.8,-77.4,-79.2,-79.9,-79.3,-77.6,466.5,465.5,463.7,462.2,461.9,463.1,464.7,466.2,471.2,467.6,464.0,461.5,461.1,462.0,463.5,462.8,462.4,463.1,465.2,468.3,465.8,465.2,464.4,464.0,464.1,464.7,465.5,465.9,481.3,480.9,481.2,482.1,483.0,483.4,483.1,482.5,483.5,481.4,479.8,479.4,481.2,484.4,487.8,485.5,483.2,481.8,481.6,482.6,483.0,483.4,483.5,483.3,482.9,482.5,482.4,482.6,16.8,-38.3,494.7,0.303,0.264,0.036,0.02,0.22,0.0,0.04,0.0,0.52,0.01,0.0,0.0,0.0,0.0,0.14,0.03,0.0,0.54,0.77
-0.22082,0.382297,-0.897267,-0.213676,0.340142,-0.915776,-0.235,0.379,248.7,250.9,255.1,258.8,259.9,258.0,253.5,249.8,245.4,247.5,250.8,255.3,260.0,263.5,265.8,262.6,258.4,254.0,250.1,247.2,252.7,254.3,256.0,256.9,256.5,254.9,253.2,252.2,302.4,304.3,308.4,312.1,313.5,311.6,307.6,303.5,298.2,300.6,304.0,308.5,312.8,316.1,318.1,315.7,312.3,308.5,304.5,300.8,306.1,307.7,309.4,310.2,309.6,308.1,306.4,305.6,171.7,167.6,166.3,168.6,173.2,177.6,178.6,176.2,172.7,170.6,169.5,169.4,170.9,173.4,176.5,177.3,177.2,176.8,176.0,174.6,174.1,175.0,174.5,172.8,170.9,169.9,170.4,172.2,174.9,171.0,169.6,171.5,175.5,179.4,180.9,179.2,176.7,174.1,172.5,172.0,172.8,174.2,176.5,178.4,179.5,179.9,179.4,178.4,176.7,177.5,176.9,175.3,173.5,172.8,173.4,175.0,-15.2,-13.0,-8.9,-5.2,-4.1,-5.9,-10.4,-14.1,-18.7,-16.5,-13.0,-8.6,-4.0,-0.5,1.8,-1.4,-5.6,-9.9,-13.7,-16.8,-11.2,-9.7,-7.9,-7.0,-7.5,-9.0,-10.8,-11.7,40.7,42.7,46.9,51.0,52.5,50.6,46.3,41.9,36.4,38.8,42.2,46.9,51.6,55.4,58.0,55.1,51.3,47.2,42.9,39.1,44.7,46.5,48.3,49.1,48.5,46.7,44.9,44.1,-77.9,-81.9,-82.9,-80.3,-75.7,-71.5,-70.8,-73.3,-77.7,-79.3,-79.7,-79.4,-77.9,-75.6,-72.7,-71.7,-71.8,-72.3,-73.5,-75.3,-75.4,-74.4,-74.8,-76.5,-78.4,-79.5,-79.1,-77.4,-79.5,-83.5,-85.1,-83.2,-79.0,-75.0,-73.4,-75.1,-78.0,-80.4,-81.8,-82.2,-81.6,-80.7,-78.8,-76.4,-74.8,-74.3,-74.8,-76.0,-77.8,-77.1,-77.7,-79.4,-81.2,-81.9,-81.3,-79.6,464.4,463.7,462.1,460.6,460.0,460.9,462.4,463.9,469.0,465.6,462.1,459.8,459.4,460.2,461.6,460.8,460.2,460.9,463.0,466.0,463.7,463.1,462.4,462.1,462.3,462.9,463.6,463.9,494.1,493.6,493.8,494.5,495.4,495.9,495.8,495.3,496.4,494.2,492.6,492.1,493.7,496.7,499.9,497.8,495.6,494.3,494.2,495.4,495.7,496.0,496.1,495.8,495.5,495.1,495.1,495.3,16.5,-38.4,495.4,0.311,0.266,0.034,0.0,0.13,0.0,0.02,0.0,0.5,0.01,0.0,0.0,0.0,0.0,0.13,0.0,0.0,0.51,0.56
-0.199026,0.383281,-0.901934,-0.20895,0.34677,-0.91438,-0.221,0.382,249.0,251.2,255.4,259.1,260.1,258.2,253.7,250.0,245.4,247.6,250.9,255.4,260.0,263.5,265.8,262.6,258.4,254.0,250.2,247.2,252.9,254.5,256.2,257.1,256.7,255.2,253.4,252.5,302.5,304.4,308.4,312.2,313.5,311.6,307.6,303.5,298.2,300.6,304.0,308.5,312.8,316.1,318.1,315.7,312.3,308.5,304.5,300.8,306.1,307.7,309.4,310.2,309.7,308.1,306.4,305.6,171.8,167.7,166.4,168.7,173.3,177.7,178.6,176.3,172.7,170.6,169.6,169.4,171.0,173.5,176.7,177.5,177.3,176.9,176.0,174.7,174.1,175.1,174.6,172.9,171.0,170.0,170.6,172.2,175.0,171.2,169.8,171.6,175.7,179.6,181.0,179.3,176.5,174.0,172.5,172.0,172.9,174.3,176.5,178.5,179.6,179.9,179.4,178.3,176.8,177.6,177.0,175.4,173.7,172.9,173.5,175.1,-15.1,-12.8,-8.6,-4.9,-3.9,-5.7,-10.3,-14.0,-18.8,-16.5,-13.0,-8.6,-4.0,-0.5,1.8,-1.4,-5.6,-9.9,-13.8,-16.9,-11.1,-9.5,-7.8,-6.9,-7.3,-8.8,-10.6,-11.5,40.8,42.8,47.1,51.2,52.7,50.7,46.4,42.0,36.5,38.9,42.3,47.0,51.7,55.5,58.1,55.2,51.4,47.2,42.9,39.1,44.9,46.6,48.4,49.2,48.6,46.9,45.1,44.2,-78.4,-82.3,-83.3,-80.8,-76.2,-71.9,-71.2,-73.8,-78.2,-79.7,-80.2,-79.9,-78.4,-76.0,-73.1,-72.1,-72.2,-72.7,-73.9,-75.7,-75.9,-74.8,-75.3,-76.9,-78.8,-79.9,-79.5,-77.8,-79.5,-83.5,-85.0,-83.2,-79.0,-75.0,-73.5,-75.2,-78.3,-80.6,-82.0,-82.3,-81.7,-80.8,-78.9,-76.4,-74.9,-74.3,-74.9,-76.2,-77.9,-77.1,-77.7,-79.4,-81.2,-82.0,-81.3,-79.6,467.4,466.8,465.3,463.9,463.4,464.1,465.4,466.8,472.1,468.8,465.4,463.1,462.7,463.6,465.0,464.1,463.4,464.1,466.1,469.1,466.8,466.2,465.6,465.3,465.5,466.1,466.7,467.0,495.1,494.5,494.6,495.4,496.3,496.9,496.8,496.4,497.4,495.2,493.5,492.9,494.6,497.5,500.8,498.7,496.5,495.2,495.2,496.4,496.7,497.0,497.0,496.8,496.4,496.1,496.0,496.3,16.5,-38.7,496.4,0.312,0.265,0.034,0.0,0.15,0.0,0.0,0.0,0.57,0.03,0.0,0.0,0.0,0.0,0.09,0.06,0.0,0.42,0.4
-0.210915,0.376608,-0.902043,-0.219122,0.349799,-0.910838,-0.233,0.381,249.5,251.7,255.9,259.6,260.7,258.8,254.3,250.6,245.9,248.2,251.6,256.2,260.8,264.2,266.4,263.3,259.1,254.8,250.9,247.8,253.5,255.0,256.8,257.7,257.2,255.7,254.0,253.0,303.0,304.9,309.0,312.8,314.2,312.2,308.2,304.0,298.7,301.2,304.6,309.1,313.5,316.8,318.8,316.4,313.0,309.2,305.1,301.3,306.7,308.3,310.0,310.8,310.3,308.6,306.9,306.1,171.3,167.3,166.0,168.2,172.7,177.1,178.0,175.8,172.6,170.3,169.2,168.9,170.4,172.8,176.0,176.8,176.7,176.3,175.6,174.4,173.6,174.6,174.1,172.4,170.5,169.6,170.1,171.8,175.0,171.0,169.5,171.4,175.5,179.4,180.9,179.3,176.5,173.9,172.4,171.9,172.7,174.0,176.2,178.3,179.5,179.9,179.4,178.3,176.7,177.5,176.9,175.2,173.5,172.7,173.3,175.0,-14.6,-12.4,-8.1,-4.4,-3.3,-5.2,-9.7,-13.5,-18.5,-16.1,-12.5,-7.9,-3.2,0.2,2.4,-0.7,-4.9,-9.3,-13.2,-16.4,-10.6,-9.0,-7.3,-6.4,-6.8,-8.4,-10.1,-11.1,40.8,42.7,47.0,51.1,52.6,50.7,46.4,42.0,36.4,38.9,42.3,47.0,51.7,55.5,58.0,55.2,51.5,47.3,43.0,39.1,44.8,46.5,48.3,49.1,48.5,46.8,45.0,44.2,-79.5,-83.5,-84.6,-82.1,-77.5,-73.2,-72.4,-74.9,-79.0,-80.7,-81.3,-81.2,-79.7,-77.4,-74.5,-73.5,-73.5,-73.9,-75.0,-76.6,-77.0,-76.0,-76.5,-78.1,-80.0,-81.1,-80.6,-79.0,-78.5,-82.5,-84.0,-82.2,-78.1,-74.1,-72.5,-74.2,-77.2,-79.5,-80.9,-81.3,-80.8,-79.9,-78.1,-75.6,-74.0,-73.4,-73.9,-75.2,-76.9,-76.1,-76.8,-78.5,-80.2,-81.0,-80.3,-78.6,471.5,471.0,469.7,468.4,467.8,468.4,469.5,470.8,475.8,472.6,469.5,467.4,467.2,468.2,469.6,468.5,467.7,468.2,470.0,472.9,470.9,470.3,469.8,469.6,469.9,470.4,471.0,471.2,488.0,487.3,487.5,488.3,489.4,490.0,489.8,489.3,490.1,487.9,486.3,485.9,487.6,490.6,494.0,491.8,489.6,488.3,488.1,489.2,489.6,490.0,490.0,489.8,489.3,489.0,488.9,489.2,17.1,-39.3,497.1,0.308,0.264,0.04,0.01,0.07,0.0,0.06,0.0,0.64,0.02,0.0,0.0,0.0,0.0,0.12,0.12,0.0,0.33,0.33
-0.209145,0.392111,-0.895828,-0.230275,0.331444,-0.914941,-0.238,0.38,250.6,252.7,256.8,260.5,261.6,259.9,255.4,251.7,247.3,249.3,252.5,256.9,261.5,265.1,267.5,264.3,260.0,255.7,252.0,249.1,254.6,256.1,257.8,258.7,258.2,256.7,255.0,254.1,304.1,306.1,310.1,313.9,315.2,313.2,309.2,305.1,300.0,302.4,305.8,310.3,314.7,318.1,320.3,317.7,314.2,310.3,306.2,302.5,307.8,309.4,311.1,311.9,311.4,309.8,308.1,307.3,171.1,167.1,165.8,168.2,172.7,177.0,177.9,175.6,171.9,169.9,168.9,168.8,170.2,172.5,175.6,176.6,176.7,176.4,175.5,174.1,173.4,174.4,173.9,172.2,170.3,169.4,169.9,171.6,174.4,170.5,169.2,171.1,175.3,179.1,180.5,178.7,176.0,173.5,172.0,171.6,172.5,174.1,176.5,178.4,179.4,179.6,179.0,177.9,176.3,177.1,176.5,174.9,173.2,172.4,172.9,174.5,-13.4,-11.3,-7.2,-3.5,-2.4,-4.1,-8.6,-12.3,-16.9,-14.8,-11.5,-7.1,-2.5,1.0,3.5,0.3,-4.0,-8.3,-12.1,-15.1,-9.4,-7.9,-6.2,-5.3,-5.8,-7.3,-9.0,-9.9,42.0,44.1,48.3,52.3,53.7,51.7,47.5,43.2,38.0,40.3,43.7,48.3,53.1,57.0,59.6,56.6,52.7,48.5,44.2,40.5,46.1,47.8,49.5,50.4,49.8,48.1,46.3,45.5,-79.2,-83.1,-84.1,-81.5,-77.0,-72.8,-72.1,-74.7,-79.2,-80.7,-81.0,-80.8,-79.3,-77.1,-74.3,-73.1,-73.0,-73.4,-74.6,-76.6,-76.8,-75.7,-76.1,-77.7,-79.7,-80.7,-80.3,-78.7,-79.3,-83.3,-84.7,-82.7,-78.5,-74.5,-73.1,-74.9,-78.0,-80.3,-81.6,-81.9,-81.1,-79.9,-77.9,-75.5,-74.1,-73.7,-74.4,-75.8,-77.5,-76.7,-77.3,-78.9,-80.7,-81.5,-80.9,-79.3,468.7,467.8,466.1,464.7,464.3,465.5,467.0,468.4,473.5,469.9,466.4,464.0,463.6,464.4,465.9,465.2,464.7,465.5,467.6,470.6,468.1,467.5,466.8,466.4,466.5,467.1,467.8,468.2,489.4,488.8,488.8,489.2,489.8,490.4,490.5,490.3,491.7,489.5,487.7,487.0,488.4,491.2,494.4,492.3,490.2,489.1,489.2,490.6,490.6,490.8,490.7,490.5,490.2,490.1,490.1,490.3,18.0,-39.8,497.4,0.305,0.263,0.043,0.07,0.04,0.0,0.12,0.0,0.64,0.02,0.0,0.0,0.0,0.0,0.11,0.13,0.0,0.35,0.27
-0.204473,0.354669,-0.91236,-0.276158,0.251632,-0.927587,-0.256,0.318,251.7,253.9,258.2,261.9,263.0,261.1,256.5,252.7,248.2,250.4,253.8,258.3,262.9,266.4,268.7,265.5,261.2,256.9,253.1,250.0,255.7,257.3,259.1,260.0,259.6,258.0,256.2,255.2,305.3,307.6,312.0,315.8,316.8,314.4,310.1,306.0,301.8,303.9,307.0,311.6,316.8,321.2,324.3,320.5,315.9,311.3,307.1,303.7,309.3,310.9,312.7,313.7,313.3,311.7,309.9,308.9,170.8,166.6,165.3,167.6,172.2,176.7,177.6,175.3,172.0,169.8,168.7,168.5,170.0,172.5,175.8,176.6,176.5,176.1,175.3,173.9,173.2,174.2,173.6,171.9,169.9,169.0,169.5,171.3,173.8,169.6,168.2,170.5,175.1,179.4,180.7,178.8,176.1,173.4,171.6,171.4,173.1,175.6,179.1,180.5,180.7,180.3,179.3,178.1,176.3,177.3,176.7,174.9,172.9,172.0,172.6,174.3,-12.2,-10.0,-5.7,-2.0,-1.0,-2.9,-7.4,-11.2,-15.8,-13.5,-10.1,-5.6,-1.0,2.4,4.6,1.4,-2.7,-7.0,-10.8,-13.9,-8.2,-6.7,-4.9,-3.9,-4.4,-6.0,-7.7,-8.7,38.2,40.3,44.2,47.5,48.3,46.2,42.3,38.8,35.2,36.9,39.6,43.6,48.4,52.5,55.6,51.8,47.5,43.4,39.6,36.8,41.8,43.2,44.9,45.8,45.4,44.0,42.4,41.4,-78.7,-82.7,-83.7,-81.2,-76.6,-72.3,-71.5,-74.0,-78.2,-79.9,-80.4,-80.2,-78.6,-76.3,-73.2,-72.3,-72.3,-72.8,-73.9,-75.8,-76.2,-75.1,-75.5,-77.2,-79.2,-80.2,-79.8,-78.1,-70.5,-74.3,-75.4,-73.0,-68.6,-64.7,-63.7,-65.8,-68.9,-71.0,-72.2,-72.0,-70.4,-68.2,-65.4,-63.8,-63.5,-63.9,-65.0,-66.6,-68.0,-67.0,-67.5,-69.1,-71.0,-72.0,-71.5,-69.9,463.4,462.9,461.5,459.9,459.2,459.9,461.2,462.7,467.8,464.5,461.2,459.0,458.7,459.5,460.7,459.9,459.2,459.9,461.9,464.8,462.7,462.0,461.4,461.2,461.5,462.2,462.8,463.0,431.6,431.4,430.1,428.5,427.5,427.7,429.0,430.9,434.7,432.3,429.7,427.5,427.1,428.1,429.9,428.3,427.4,427.7,429.3,432.2,430.7,430.0,429.5,429.4,429.8,430.5,431.0,431.1,19.3,-39.5,495.5,0.3,0.257,0.048,0.07,0.07,0.0,0.12,0.0,0.55,0.0,0.0,0.0,0.0,0.0,0.15,0.11,0.0,0.34,0.29
-0.192712,0.363689,-0.911369,-0.231981,0.325757,-0.916552,-0.228,0.361,253.0,255.3,259.6,263.4,264.5,262.6,258.0,254.1,249.5,251.6,255.0,259.5,264.2,267.8,270.1,266.8,262.6,258.2,254.3,251.3,257.1,258.7,260.6,261.5,261.0,259.4,257.5,256.6,306.5,308.5,312.6,316.4,317.7,315.8,311.7,307.6,302.5,304.9,308.4,312.9,317.2,320.6,322.8,320.2,316.7,312.8,308.7,305.0,310.3,311.9,313.6,314.4,313.9,312.3,310.6,309.7,170.7,166.5,165.2,167.5,172.1,176.7,177.6,175.3,171.9,169.7,168.7,168.5,170.0,172.6,175.8,176.7,176.6,176.2,175.3,173.9,173.1,174.1,173.6,171.8,169.8,168.7,169.3,171.1,174.4,170.5,169.1,171.0,175.2,179.1,180.5,178.8,175.9,173.5,172.0,171.6,172.5,174.0,176.4,178.4,179.4,179.6,179.0,177.9,176.3,177.1,176.5,174.9,173.1,172.3,172.9,174.5,-10.7,-8.5,-4.3,-0.6,0.5,-1.4,-5.9,-9.6,-14.3,-12.1,-8.8,-4.4,0.2,3.6,5.9,2.7,-1.4,-5.7,-9.4,-12.5,-6.8,-5.2,-3.4,-2.4,-2.9,-4.5,-6.3,-7.3,44.5,46.5,50.7,54.7,56.2,54.2,50.0,45.6,40.4,42.8,46.2,50.8,55.6,59.4,62.1,59.1,55.2,51.0,46.7,43.0,48.5,50.2,52.0,52.8,52.2,50.5,48.7,47.9,-77.6,-81.6,-82.6,-80.1,-75.5,-71.2,-70.5,-73.0,-77.2,-78.7,-79.2,-78.9,-77.4,-75.1,-72.1,-71.2,-71.2,-71.7,-72.9,-74.7,-75.1,-74.0,-74.4,-76.2,-78.1,-79.2,-78.8,-77.1,-79.0,-83.0,-84.5,-82.5,-78.3,-74.3,-72.8,-74.6,-77.8,-80.0,-81.3,-81.6,-80.9,-79.8,-77.8,-75.4,-73.9,-73.5,-74.2,-75.6,-77.3,-76.4,-77.0,-78.7,-80.5,-81.3,-80.7,-79.0,456.4,455.8,454.3,452.8,452.2,453.0,454.4,455.8,461.0,457.7,454.3,452.0,451.6,452.4,453.8,453.0,452.4,453.1,455.2,458.1,455.8,455.1,454.5,454.2,454.5,455.1,455.7,456.0,487.8,487.3,487.2,487.7,488.4,488.9,488.9,488.7,490.0,487.8,486.1,485.5,487.0,489.8,493.0,490.8,488.7,487.5,487.6,488.8,489.0,489.2,489.2,489.0,488.7,488.5,488.5,488.8,20.5,-39.7,496.7,0.307,0.254,0.048,0.05,0.06,0.0,0.06,0.0,0.37,0.0,0.0,0.0,0.0,0.0,0.13,0.05,0.0,0.35,0.32
-0.209972,0.375938,-0.902542,-0.249102,0.309122,-0.917819,-0.247,0.36,253.9,256.0,260.0,263.7,264.9,263.1,258.8,255.1,250.3,252.6,256.0,260.5,264.9,268.2,270.3,267.4,263.4,259.2,255.5,252.4,257.8,259.3,261.0,261.9,261.4,259.9,258.2,257.3,307.5,309.5,313.6,317.4,318.6,316.6,312.5,308.4,303.4,305.8,309.2,313.9,318.5,322.1,324.2,321.4,317.7,313.6,309.5,305.8,311.3,312.8,314.5,315.4,314.9,313.3,311.6,310.8,171.1,167.2,165.9,168.1,172.4,176.6,177.6,175.4,172.2,170.1,169.1,168.8,170.0,172.2,175.1,176.3,176.5,176.3,175.6,174.2,173.3,174.2,173.7,172.0,170.2,169.3,169.9,171.5,174.5,170.7,169.5,171.5,175.7,179.5,180.8,178.9,176.4,173.8,172.2,171.8,173.0,174.9,177.6,179.9,181.0,181.1,180.3,178.8,176.5,177.4,176.9,175.3,173.5,172.7,173.2,174.8,-10.6,-8.4,-4.1,-0.3,0.9,-0.9,-5.5,-9.4,-14.5,-12.0,-8.3,-3.7,0.9,4.4,6.6,3.5,-0.6,-5.0,-8.9,-12.3,-6.5,-4.9,-3.1,-2.2,-2.7,-4.3,-6.1,-7.0,43.9,45.9,50.0,53.8,55.1,53.1,49.0,44.9,40.0,42.2,45.4,50.0,54.8,58.8,61.4,58.3,54.3,50.1,45.9,42.3,47.8,49.4,51.1,51.9,51.4,49.8,48.1,47.3,-82.9,-86.9,-88.0,-85.6,-81.0,-76.7,-75.9,-78.3,-82.4,-84.1,-84.7,-84.6,-83.4,-81.3,-78.6,-77.1,-76.7,-76.9,-78.0,-79.8,-80.5,-79.5,-80.0,-81.7,-83.6,-84.6,-84.1,-82.4,-76.1,-79.9,-81.1,-79.0,-74.9,-71.2,-70.0,-71.8,-74.7,-76.9,-78.2,-78.4,-77.4,-76.0,-73.8,-71.1,-69.7,-69.5,-70.4,-72.1,-74.3,-73.4,-73.9,-75.5,-77.2,-78.1,-77.6,-76.0,490.2,489.7,488.5,487.5,487.2,487.9,488.9,489.9,494.2,491.1,488.1,486.3,486.4,487.6,489.3,488.2,487.1,487.4,489.0,491.6,490.0,489.6,489.1,488.8,489.0,489.4,489.9,490.1,470.7,470.1,469.8,470.0,470.5,471.2,471.5,471.6,473.5,471.1,469.0,468.0,469.4,472.2,475.5,473.5,471.7,470.8,471.0,472.4,471.7,471.8,471.6,471.4,471.1,471.1,471.2,471.5,21.5,-39.2,496.7,0.321,0.254,0.046,0.0,0.06,0.0,0.0,0.0,0.31,0.0,0.0,0.0,0.0,0.0,0.09,0.04,0.0,0.31,0.44
-0.199544,0.374887,-0.905341,-0.240303,0.339683,-0.909324,-0.238,0.375,254.5,256.5,260.6,264.4,265.6,263.9,259.5,255.7,250.7,253.1,256.6,261.1,265.6,268.8,270.9,268.0,264.1,259.9,256.1,252.8,258.4,260.0,261.7,262.6,262.1,260.5,258.7,257.9,308.2,310.2,314.3,318.0,319.2,317.1,313.1,309.1,304.3,306.6,309.8,314.3,318.8,322.5,324.8,321.9,318.2,314.2,310.2,306.6,312.0,313.5,315.1,316.0,315.5,314.0,312.3,311.5,171.3,167.3,166.0,168.1,172.4,176.7,177.7,175.6,172.5,170.4,169.3,169.0,170.2,172.4,175.3,176.4,176.6,176.5,175.7,174.5,173.5,174.4,173.8,172.1,170.3,169.4,170.0,171.7,174.9,171.2,170.0,172.1,176.2,179.9,181.1,179.3,176.7,174.1,172.6,172.2,173.3,175.0,177.6,179.6,180.6,180.7,180.0,178.7,176.9,177.7,177.3,175.7,174.0,173.2,173.7,175.2,-9.9,-7.8,-3.5,0.4,1.7,-0.1,-4.7,-8.7,-14.1,-11.4,-7.7,-3.0,1.6,5.0,7.2,4.2,0.1,-4.3,-8.3,-11.7,-5.9,-4.2,-2.4,-1.5,-2.0,-3.7,-5.5,-6.4,46.1,48.1,52.3,56.1,57.4,55.4,51.3,47.1,42.3,44.4,47.6,52.1,56.9,61.0,63.8,60.6,56.5,52.2,48.1,44.6,50.1,51.7,53.4,54.2,53.7,52.1,50.4,49.6,-82.4,-86.4,-87.7,-85.3,-80.8,-76.4,-75.5,-77.8,-81.8,-83.5,-84.1,-84.2,-83.0,-80.9,-78.2,-76.8,-76.4,-76.5,-77.5,-79.3,-80.1,-79.1,-79.6,-81.3,-83.3,-84.3,-83.7,-82.0,-78.3,-82.0,-83.2,-81.1,-76.9,-73.1,-71.9,-73.9,-76.9,-79.2,-80.4,-80.6,-79.6,-78.3,-76.1,-73.7,-72.4,-72.1,-73.0,-74.6,-76.4,-75.5,-76.0,-77.5,-79.2,-80.1,-79.6,-78.1,488.4,488.0,487.2,486.3,485.9,486.4,487.1,488.0,492.3,489.3,486.5,484.8,485.2,486.5,488.2,486.9,485.7,485.7,487.2,489.7,488.3,487.9,487.6,487.4,487.6,488.0,488.3,488.5,486.5,485.7,485.2,485.3,486.0,486.8,487.3,487.5,489.4,486.9,484.7,483.5,484.6,487.2,490.3,488.4,486.7,486.0,486.5,488.1,487.4,487.5,487.2,486.9,486.7,486.6,486.8,487.2,22.1,-38.7,495.8,0.323,0.25,0.047,0.0,0.0,0.0,0.0,0.0,0.23,0.0,0.0,0.0,0.0,0.0,0.05,0.0,0.0,0.29,0.42
-0.206898,0.353641,-0.912212,-0.258934,0.253998,-0.9319,-0.247,0.318,254.9,256.9,261.0,264.8,266.0,264.2,259.8,256.1,251.3,253.6,257.0,261.4,265.9,269.2,271.5,268.5,264.5,260.3,256.5,253.4,258.8,260.4,262.1,263.0,262.5,260.9,259.2,258.3,308.6,310.8,315.0,318.8,319.9,317.6,313.4,309.4,304.7,306.9,310.1,314.8,319.9,323.9,326.5,323.2,318.9,314.6,310.4,306.9,312.5,314.0,315.8,316.7,316.2,314.7,313.0,312.1,171.7,167.7,166.3,168.4,172.8,177.1,178.1,176.0,172.8,170.8,169.7,169.5,170.7,172.8,175.7,176.8,177.0,176.9,176.1,174.8,173.9,174.8,174.2,172.5,170.7,169.8,170.3,172.0,174.8,170.8,169.5,171.7,176.0,180.0,181.3,179.5,177.8,174.7,172.7,172.2,173.9,176.4,180.0,181.7,182.1,181.9,181.0,179.8,177.1,178.0,177.5,175.8,174.1,173.2,173.7,175.3,-9.5,-7.4,-3.1,0.8,2.0,0.3,-4.3,-8.2,-13.3,-10.8,-7.2,-2.7,1.9,5.4,7.7,4.6,0.5,-3.9,-7.8,-11.1,-5.4,-3.7,-1.9,-1.1,-1.6,-3.2,-5.0,-5.9,42.8,45.0,49.0,52.4,53.4,51.2,47.3,43.5,39.4,41.3,44.2,48.5,53.4,57.4,60.2,56.7,52.5,48.3,44.4,41.3,46.6,48.0,49.6,50.5,50.1,48.7,47.1,46.2,-81.4,-85.5,-86.7,-84.3,-79.7,-75.4,-74.5,-76.9,-80.9,-82.5,-83.1,-83.0,-81.8,-79.8,-77.1,-75.7,-75.4,-75.6,-76.6,-78.4,-79.1,-78.1,-78.6,-80.3,-82.2,-83.3,-82.8,-81.0,-72.3,-76.1,-77.2,-75.0,-70.7,-66.8,-65.7,-67.7,-69.8,-72.5,-74.1,-74.3,-72.7,-70.5,-67.4,-65.5,-64.9,-65.1,-66.1,-67.5,-70.0,-69.1,-69.5,-71.1,-72.9,-73.8,-73.3,-71.8,485.2,484.7,483.5,482.3,481.9,482.6,483.6,484.7,489.2,486.1,483.0,481.1,481.2,482.3,483.9,482.8,481.8,482.1,483.8,486.5,484.8,484.3,483.8,483.6,483.8,484.3,484.8,485.0,448.5,448.7,448.0,446.9,446.0,445.9,446.6,447.9,451.3,449.2,447.0,445.4,445.6,447.1,449.2,447.2,445.9,445.6,446.8,449.1,448.2,447.7,447.4,447.5,447.9,448.3,448.6,448.5,22.6,-38.6,496.7,0.315,0.241,0.051,0.0,0.0,0.0,0.0,0.0,0.28,0.02,0.0,0.02,0.0,0.0,0.08,0.05,0.0,0.19,0.36
-0.188555,0.360921,-0.913336,-0.231736,0.345632,-0.909306,-0.227,0.37,255.2,257.3,261.4,265.1,266.3,264.6,260.1,256.4,251.5,253.9,257.3,261.7,266.1,269.3,271.5,268.5,264.6,260.4,256.7,253.6,259.1,260.7,262.4,263.3,262.8,261.2,259.5,258.6,308.9,310.8,314.8,318.7,320.0,318.2,314.1,310.0,304.9,307.2,310.6,315.1,319.6,323.1,325.4,322.8,319.2,315.2,311.1,307.4,312.7,314.3,316.0,316.8,316.2,314.6,312.9,312.1,171.1,167.2,165.9,168.0,172.2,176.5,177.5,175.4,172.3,170.4,169.4,169.2,170.4,172.4,175.2,176.3,176.5,176.3,175.5,174.2,173.4,174.2,173.7,172.0,170.2,169.3,169.8,171.5,175.0,171.1,169.7,171.6,175.8,179.7,181.1,179.4,176.8,174.2,172.6,172.1,173.0,174.6,177.0,178.8,179.8,180.0,179.5,178.5,176.9,177.7,177.1,175.5,173.8,173.0,173.6,175.2,-9.3,-7.1,-2.8,1.2,2.4,0.6,-4.1,-8.0,-13.3,-10.7,-7.0,-2.5,2.2,5.6,7.8,4.7,0.6,-3.7,-7.7,-11.0,-5.2,-3.5,-1.6,-0.7,-1.3,-2.9,-4.8,-5.7,47.0,48.9,53.1,57.1,58.6,56.7,52.5,48.2,43.0,45.2,48.5,53.1,58.0,62.0,64.8,61.7,57.7,53.5,49.2,45.5,51.0,52.7,54.5,55.3,54.7,53.0,51.2,50.4,-83.1,-87.2,-88.4,-86.0,-81.4,-77.0,-76.1,-78.5,-82.5,-84.0,-84.5,-84.5,-83.3,-81.3,-78.7,-77.3,-77.0,-77.2,-78.2,-80.0,-80.7,-79.7,-80.2,-82.0,-83.9,-84.9,-84.4,-82.7,-78.4,-82.4,-83.8,-81.9,-77.6,-73.6,-72.1,-73.9,-76.9,-79.2,-80.6,-81.0,-80.3,-79.1,-77.1,-74.8,-73.5,-73.1,-73.7,-74.9,-76.6,-75.7,-76.3,-78.0,-79.8,-80.6,-80.0,-78.3,491.5,491.2,490.2,489.2,488.7,489.3,490.0,491.0,495.4,492.4,489.6,487.9,488.0,489.2,490.8,489.6,488.5,488.6,490.2,492.8,491.3,490.9,490.5,490.3,490.6,491.0,491.4,491.6,487.9,487.4,487.2,487.5,488.0,488.4,488.6,488.7,490.3,488.1,486.3,485.4,486.8,489.4,492.5,490.2,488.2,487.2,487.4,488.9,488.9,489.0,488.9,488.7,488.5,488.4,488.5,488.7,23.1,-39.3,497.8,0.306,0.232,0.05,0.0,0.0,0.0,0.0,0.0,0.36,0.02,0.0,0.03,0.0,0.05,0.1,0.05,0.0,0.09,0.22
-0.202119,0.339283,-0.918714,-0.286083,0.261541,-0.92182,-0.259,0.316,255.3,257.3,261.4,265.2,266.4,264.7,260.2,256.5,251.8,254.0,257.3,261.8,266.3,269.8,272.1,269.0,264.9,260.6,256.8,253.7,259.2,260.8,262.6,263.5,262.9,261.3,259.6,258.7,309.3,311.6,315.7,319.4,320.3,318.0,313.8,310.0,306.0,308.0,311.1,315.6,320.8,325.1,328.1,324.3,319.8,315.3,311.1,307.8,313.2,314.7,316.4,317.3,316.9,315.5,313.8,312.8,170.7,166.6,165.2,167.4,171.8,176.2,177.2,175.1,171.9,169.9,168.8,168.6,169.8,172.0,174.8,176.0,176.1,176.0,175.2,173.9,172.9,173.8,173.2,171.5,169.6,168.7,169.3,171.0,173.8,169.8,168.5,170.7,175.2,179.3,180.6,178.7,176.1,173.4,171.6,171.3,173.1,175.6,179.1,180.5,180.7,180.3,179.3,178.2,176.2,177.2,176.6,175.0,173.1,172.2,172.7,174.4,-8.9,-6.8,-2.6,1.2,2.4,0.7,-3.8,-7.7,-12.6,-10.3,-6.8,-2.3,2.4,5.9,8.2,5.1,0.9,-3.4,-7.3,-10.5,-4.9,-3.2,-1.4,-0.6,-1.1,-2.7,-4.5,-5.4,42.7,44.9,48.7,51.9,52.6,50.5,46.7,43.3,39.9,41.6,44.2,48.3,53.0,57.2,60.3,56.5,52.1,48.0,44.2,41.4,46.3,47.7,49.2,50.1,49.8,48.5,46.9,46.0,-81.0,-85.1,-86.2,-83.8,-79.3,-74.9,-74.1,-76.4,-80.4,-82.0,-82.5,-82.4,-81.2,-79.1,-76.5,-75.2,-74.8,-75.1,-76.1,-77.9,-78.6,-77.6,-78.1,-79.9,-81.8,-82.8,-82.3,-80.6,-71.9,-75.7,-76.7,-74.3,-69.9,-66.1,-65.1,-67.3,-70.2,-72.4,-73.7,-73.6,-71.9,-69.6,-66.7,-65.1,-64.8,-65.2,-66.4,-67.9,-69.5,-68.5,-68.9,-70.5,-72.3,-73.3,-72.9,-71.3,476.6,476.1,474.8,473.5,472.9,473.6,474.7,476.0,480.8,477.6,474.5,472.4,472.3,473.3,474.8,473.7,472.9,473.3,475.2,477.9,476.1,475.5,475.0,474.8,475.0,475.6,476.1,476.3,440.6,440.3,438.9,437.3,436.3,436.6,438.0,439.9,443.6,441.2,438.5,436.3,436.0,437.0,438.9,437.2,436.3,436.6,438.3,441.1,439.6,439.0,438.4,438.3,438.7,439.4,439.9,440.0,23.4,-40.1,498.2,0.291,0.226,0.055,0.0,0.0,0.0,0.0,0.0,0.44,0.02,0.0,0.1,0.0,0.05,0.13,0.05,0.0,0.0,0.31
-0.189343,0.352944,-0.916286,-0.218022,0.321871,-0.921339,-0.218,0.352,255.5,257.6,261.7,265.5,266.6,264.8,260.4,256.7,251.8,254.2,257.6,262.0,266.5,269.8,271.9,268.9,264.9,260.8,257.0,253.9,259.4,261.0,262.8,263.7,263.2,261.6,259.8,258.9,309.5,311.4,315.5,319.4,320.7,318.8,314.7,310.6,305.5,307.8,311.1,315.6,320.1,323.6,326.0,323.3,319.7,315.7,311.6,308.0,313.3,314.9,316.6,317.4,316.9,315.3,313.6,312.7,170.2,166.2,164.9,167.0,171.3,175.6,176.6,174.5,171.5,169.4,168.3,168.0,169.3,171.6,174.7,175.6,175.7,175.4,174.7,173.4,172.5,173.4,172.8,171.1,169.2,168.3,168.9,170.6,173.4,169.5,168.1,170.0,174.2,178.2,179.6,177.8,175.3,172.9,171.3,170.8,171.7,173.2,175.5,177.2,178.1,178.3,177.8,177.0,175.4,176.2,175.6,173.9,172.2,171.4,171.9,173.6,-8.8,-6.6,-2.3,1.5,2.7,0.9,-3.7,-7.6,-12.7,-10.2,-6.6,-2.0,2.6,6.0,8.2,5.1,1.0,-3.3,-7.3,-10.5,-4.8,-3.1,-1.3,-0.3,-0.9,-2.5,-4.4,-5.3,47.6,49.6,53.9,57.9,59.4,57.4,53.1,48.8,43.6,45.9,49.1,53.7,58.6,62.6,65.5,62.4,58.4,54.1,49.8,46.2,51.7,53.4,55.2,56.1,55.5,53.8,52.0,51.1,-82.7,-86.8,-88.0,-85.6,-81.0,-76.6,-75.7,-78.1,-82.0,-83.7,-84.3,-84.3,-82.9,-80.7,-77.9,-76.7,-76.5,-76.8,-77.8,-79.6,-80.3,-79.3,-79.8,-81.5,-83.5,-84.5,-84.0,-82.3,-80.2,-84.3,-85.7,-83.7,-79.4,-75.3,-73.8,-75.7,-78.6,-80.8,-82.2,-82.5,-81.8,-80.7,-78.8,-76.6,-75.3,-74.9,-75.5,-76.6,-78.3,-77.5,-78.1,-79.8,-81.6,-82.5,-81.8,-80.1,483.6,483.4,482.3,481.1,480.4,480.9,481.7,482.9,487.6,484.6,481.6,479.8,479.8,480.9,482.3,481.2,480.2,480.5,482.2,484.8,483.2,482.7,482.3,482.1,482.4,483.0,483.4,483.5,488.7,488.3,488.1,488.3,488.7,489.1,489.3,489.4,491.1,489.0,487.2,486.3,487.5,490.1,493.0,490.8,488.8,487.8,488.2,489.7,489.7,489.7,489.7,489.5,489.4,489.3,489.3,489.5,23.7,-40.8,499.1,0.291,0.219,0.053,0.0,0.0,0.0,0.0,0.0,0.45,0.0,0.0,0.09,0.0,0.05,0.12,0.0,0.0,0.0,0.36
-0.196708,0.36167,-0.911318,-0.226394,0.328515,-0.916964,-0.227,0.361,255.7,257.8,262.0,265.7,266.9,265.1,260.7,256.9,252.1,254.5,258.0,262.5,267.0,270.2,272.3,269.3,265.4,261.2,257.3,254.1,259.6,261.2,263.0,263.9,263.4,261.8,260.0,259.1,309.8,311.7,315.8,319.6,321.0,319.1,315.0,310.9,305.8,308.2,311.6,316.2,320.6,324.0,326.2,323.7,320.3,316.4,312.3,308.5,313.6,315.2,316.9,317.7,317.1,315.5,313.8,313.0,170.3,166.3,165.0,167.1,171.5,175.8,176.7,174.6,171.5,169.4,168.4,168.2,169.5,171.7,174.7,175.8,175.9,175.7,174.9,173.5,172.5,173.4,172.9,171.2,169.3,168.4,169.0,170.7,173.5,169.6,168.1,170.0,174.2,178.1,179.6,177.9,175.3,172.9,171.4,170.8,171.7,173.0,175.3,177.1,178.1,178.4,178.0,177.0,175.3,176.1,175.5,173.9,172.2,171.4,172.0,173.6,-8.6,-6.4,-2.1,1.8,3.0,1.1,-3.5,-7.4,-12.5,-9.9,-6.2,-1.6,3.0,6.4,8.6,5.5,1.4,-2.9,-6.9,-10.2,-4.5,-2.9,-1.0,-0.1,-0.6,-2.3,-4.1,-5.1,47.7,49.7,53.9,58.0,59.5,57.6,53.3,48.9,43.7,46.0,49.4,54.1,58.9,62.9,65.5,62.6,58.8,54.6,50.2,46.4,51.8,53.5,55.3,56.1,55.4,53.8,52.0,51.2,-82.6,-86.7,-87.8,-85.4,-80.9,-76.5,-75.6,-78.0,-82.0,-83.6,-84.2,-84.1,-82.8,-80.7,-77.9,-76.6,-76.2,-76.5,-77.6,-79.4,-80.2,-79.2,-79.7,-81.4,-83.4,-84.4,-83.9,-82.2,-79.7,-83.7,-85.2,-83.3,-79.1,-75.1,-73.6,-75.3,-78.1,-80.3,-81.7,-82.1,-81.5,-80.6,-78.7,-76.4,-75.0,-74.5,-75.0,-76.2,-78.0,-77.2,-77.8,-79.5,-81.2,-82.0,-81.4,-79.7,483.4,483.1,482.1,481.0,480.5,481.1,481.8,482.9,487.3,484.3,481.4,479.7,479.9,481.2,482.8,481.6,480.4,480.6,482.1,484.6,483.2,482.7,482.3,482.2,482.4,482.8,483.3,483.4,486.2,485.8,485.8,486.3,487.0,487.5,487.4,487.2,488.3,486.3,484.6,484.1,485.7,488.6,491.8,489.5,487.3,486.0,486.0,487.2,487.5,487.8,487.8,487.6,487.3,487.1,487.1,487.3,23.9,-40.2,497.5,0.304,0.218,0.053,0.0,0.0,0.0,0.03,0.0,0.41,0.0,0.0,0.08,0.0,0.0,0.13,0.0,0.0,0.08,0.6
-0.191359,0.367044,-0.910308,-0.232712,0.295113,-0.92669,-0.227,0.346,255.7,257.8,261.9,265.6,266.8,265.0,260.6,256.8,252.1,254.4,257.9,262.3,266.7,270.0,272.2,269.2,265.2,261.0,257.2,254.1,259.5,261.2,262.9,263.8,263.3,261.7,259.9,259.0,309.9,312.0,316.2,319.9,321.1,318.9,314.8,310.7,305.8,308.6,312.3,317.1,321.4,324.4,326.0,323.5,320.2,316.4,312.3,308.3,313.5,315.1,316.8,317.7,317.2,315.7,313.9,313.0,171.2,167.2,165.9,168.1,172.4,176.7,177.7,175.5,172.4,170.4,169.4,169.1,170.4,172.6,175.5,176.6,176.8,176.6,175.8,174.4,173.5,174.4,173.8,172.1,170.2,169.3,169.9,171.6,173.8,169.9,168.7,170.7,174.9,178.8,180.1,178.3,175.5,173.1,171.7,171.4,172.5,174.1,176.6,179.2,180.6,180.8,179.9,178.2,175.8,176.7,176.1,174.5,172.7,171.9,172.4,174.0,-8.7,-6.5,-2.2,1.7,2.9,1.0,-3.5,-7.4,-12.5,-10.0,-6.4,-1.8,2.8,6.2,8.5,5.4,1.3,-3.1,-7.0,-10.3,-4.6,-3.0,-1.1,-0.2,-0.7,-2.4,-4.2,-5.2,45.4,47.5,51.7,55.5,56.7,54.6,50.4,46.3,41.5,44.1,47.6,52.4,56.9,60.3,62.3,59.6,56.0,52.0,47.9,44.0,49.2,50.8,52.5,53.4,52.9,51.3,49.5,48.7,-81.9,-86.0,-87.1,-84.7,-80.1,-75.8,-74.9,-77.3,-81.4,-82.9,-83.5,-83.4,-82.1,-80.1,-77.3,-76.0,-75.6,-75.8,-76.9,-78.8,-79.5,-78.5,-79.0,-80.7,-82.7,-83.7,-83.2,-81.5,-75.4,-79.2,-80.5,-78.6,-74.6,-70.8,-69.4,-71.2,-74.0,-76.0,-77.2,-77.5,-76.8,-75.7,-73.8,-70.9,-69.2,-68.6,-69.4,-71.2,-73.7,-72.9,-73.5,-75.0,-76.7,-77.5,-77.0,-75.4,485.1,484.7,483.6,482.5,482.0,482.7,483.6,484.7,489.1,486.0,483.1,481.3,481.4,482.5,484.1,483.0,482.0,482.2,483.8,486.4,484.9,484.4,483.9,483.7,483.9,484.4,484.9,485.1,461.8,461.4,461.8,462.7,463.6,464.0,463.6,463.0,463.5,461.6,460.2,460.2,462.5,465.9,469.6,467.3,464.9,463.2,462.5,463.1,463.5,463.9,464.0,463.9,463.5,463.1,463.0,463.1,23.8,-38.8,496.0,0.322,0.219,0.046,0.0,0.0,0.0,0.13,0.0,0.43,0.0,0.0,0.02,0.0,0.0,0.17,0.01,0.0,0.11,0.75
-0.170078,0.360525,-0.917112,-0.276815,0.26278,-0.924294,-0.238,0.326,255.2,257.2,261.3,265.3,266.6,265.0,260.5,256.6,251.4,253.8,257.3,261.7,266.3,269.6,271.8,268.9,265.0,260.8,256.9,253.6,259.1,260.9,262.7,263.6,263.0,261.3,259.4,258.5,309.3,311.5,315.8,319.6,320.7,318.4,314.1,310.1,306.0,308.2,311.6,316.3,321.3,325.4,328.0,324.6,320.3,316.0,311.7,308.1,313.2,314.8,316.6,317.5,317.1,315.5,313.7,312.8,173.0,168.9,167.5,169.6,174.0,178.3,179.4,177.3,174.0,172.2,171.3,171.0,172.1,174.0,176.7,178.1,178.6,178.6,177.8,176.2,175.2,176.1,175.5,173.7,171.7,170.8,171.4,173.2,174.7,170.7,169.4,171.6,176.0,180.1,181.4,179.4,176.9,174.3,172.6,172.3,174.0,176.5,179.8,181.6,182.2,181.9,180.8,179.4,177.1,178.0,177.5,175.8,173.9,173.0,173.5,175.2,-9.1,-7.0,-2.7,1.3,2.7,1.0,-3.6,-7.7,-13.1,-10.5,-6.9,-2.3,2.3,5.7,8.0,5.0,1.0,-3.3,-7.3,-10.7,-5.0,-3.2,-1.3,-0.4,-1.0,-2.8,-4.7,-5.6,43.0,45.1,49.1,52.5,53.5,51.3,47.4,43.7,40.1,42.0,45.0,49.3,54.1,58.1,60.9,57.4,53.2,49.0,45.1,41.9,46.7,48.1,49.8,50.7,50.3,48.9,47.2,46.3,-79.2,-83.2,-84.5,-82.2,-77.7,-73.4,-72.4,-74.7,-78.8,-80.1,-80.5,-80.5,-79.6,-77.8,-75.4,-73.7,-73.0,-73.1,-74.1,-76.1,-77.0,-75.9,-76.5,-78.3,-80.3,-81.3,-80.7,-78.9,-71.5,-75.4,-76.4,-74.1,-69.8,-66.0,-64.9,-66.9,-69.8,-72.0,-73.2,-73.2,-71.6,-69.6,-66.7,-64.7,-64.0,-64.3,-65.4,-67.1,-69.2,-68.2,-68.7,-70.3,-72.1,-73.1,-72.6,-71.0,479.6,478.9,477.9,477.2,477.2,478.2,478.9,479.6,483.5,480.4,477.5,475.9,476.3,477.8,479.7,478.6,477.5,477.6,479.0,481.2,479.8,479.5,479.0,478.7,478.7,479.0,479.5,479.8,443.2,443.2,442.3,441.1,440.3,440.4,441.3,442.7,445.7,443.5,441.3,439.7,440.0,441.6,443.9,441.9,440.5,440.2,441.2,443.6,442.8,442.3,441.9,441.9,442.3,442.8,443.1,443.2,23.9,-37.0,494.5,0.323,0.203,0.037,0.0,0.0,0.0,0.15,0.0,0.57,0.0,0.0,0.0,0.0,0.06,0.19,0.05,0.0,0.11,0.88
-0.161439,0.356928,-0.920076,-0.18763,0.359631,-0.914035,-0.188,0.372,254.7,256.8,261.0,264.8,266.1,264.4,259.9,256.0,251.0,253.2,256.7,261.3,265.9,269.3,271.6,268.6,264.5,260.2,256.3,253.1,258.7,260.4,262.2,263.1,262.5,260.9,259.0,258.2,308.8,310.7,314.7,318.6,320.0,318.1,314.1,309.9,304.9,307.3,310.7,315.2,319.5,322.8,324.8,322.4,319.1,315.3,311.3,307.6,312.6,314.2,315.9,316.7,316.1,314.5,312.8,312.0,174.0,169.9,168.5,170.6,175.0,179.5,180.6,178.4,175.5,173.4,172.2,171.9,173.1,175.4,178.3,179.4,179.6,179.4,178.7,177.4,176.3,177.2,176.6,174.8,172.9,172.0,172.6,174.4,176.2,172.3,170.8,172.6,176.7,180.6,182.0,180.4,177.8,175.4,174.0,173.5,174.2,175.4,177.4,179.4,180.6,181.0,180.6,179.5,177.9,178.7,178.0,176.4,174.7,173.9,174.5,176.2,-9.4,-7.3,-3.1,0.8,2.1,0.4,-4.2,-8.1,-13.3,-10.9,-7.3,-2.7,1.9,5.4,7.7,4.6,0.5,-3.8,-7.8,-11.1,-5.3,-3.7,-1.8,-0.9,-1.5,-3.2,-5.0,-5.9,47.4,49.3,53.6,57.7,59.3,57.4,53.1,48.7,43.4,45.8,49.2,53.9,58.6,62.4,65.1,62.2,58.5,54.3,50.0,46.2,51.5,53.3,55.1,55.9,55.2,53.4,51.6,50.8,-76.8,-80.9,-82.1,-79.8,-75.3,-70.9,-70.0,-72.3,-76.1,-77.7,-78.3,-78.3,-77.1,-75.1,-72.4,-71.1,-70.8,-71.0,-71.9,-73.6,-74.5,-73.5,-74.1,-75.8,-77.8,-78.8,-78.2,-76.5,-78.0,-82.0,-83.6,-81.8,-77.7,-73.7,-72.1,-73.7,-76.7,-78.8,-80.1,-80.5,-80.0,-79.3,-77.7,-75.2,-73.6,-73.0,-73.4,-74.7,-76.5,-75.7,-76.4,-78.1,-79.8,-80.6,-79.9,-78.2,472.0,471.6,470.5,469.4,468.9,469.5,470.4,471.6,476.2,473.1,470.1,468.2,468.3,469.4,471.0,469.9,468.9,469.2,470.9,473.5,471.7,471.3,470.8,470.6,470.8,471.3,471.8,471.9,493.3,492.6,492.6,493.4,494.4,495.1,495.1,494.6,495.4,493.1,491.5,491.0,492.8,495.8,499.2,497.1,494.9,493.5,493.4,494.4,494.9,495.2,495.2,494.9,494.5,494.1,494.1,494.4,24.5,-36.3,495.2,0.318,0.187,0.008,0.0,0.0,0.0,0.12,0.0,0.78,0.0,0.0,0.01,0.0,0.11,0.23,0.05,0.0,0.03,0.63
-0.163117,0.347361,-0.923436,-0.186428,0.350468,-0.917833,-0.188,0.362,253.7,255.6,259.8,263.8,265.1,263.5,259.0,255.0,250.0,252.2,255.6,260.2,265.0,268.5,270.9,267.8,263.6,259.3,255.3,252.1,257.7,259.4,261.3,262.1,261.5,259.8,258.0,257.1,307.8,309.6,313.5,317.4,318.9,317.2,313.2,309.1,304.0,306.1,309.3,313.8,318.2,321.7,324.0,321.6,318.2,314.3,310.3,306.6,311.7,313.3,314.9,315.6,315.0,313.4,311.7,311.0,174.5,170.3,168.9,171.0,175.5,180.0,181.1,178.9,175.7,173.7,172.8,172.5,173.7,175.9,178.8,179.9,180.1,180.0,179.2,177.8,176.7,177.6,177.0,175.2,173.3,172.3,172.9,174.8,176.5,172.5,171.0,172.7,176.7,180.6,182.2,180.7,178.5,176.0,174.3,173.7,174.3,175.5,177.6,179.6,180.8,181.3,180.9,180.1,178.1,178.8,178.2,176.5,174.9,174.2,174.8,176.4,-10.3,-8.3,-4.1,-0.2,1.1,-0.5,-5.0,-8.9,-14.1,-11.8,-8.3,-3.7,1.0,4.5,6.8,3.7,-0.4,-4.7,-8.6,-11.9,-6.2,-4.5,-2.7,-1.8,-2.4,-4.1,-6.0,-6.8,46.5,48.2,52.4,56.5,58.2,56.4,52.3,47.9,42.5,44.6,47.9,52.5,57.3,61.4,64.2,61.4,57.5,53.3,49.0,45.2,50.6,52.4,54.1,54.8,54.1,52.4,50.7,49.9,-75.0,-79.0,-80.2,-77.9,-73.5,-69.2,-68.3,-70.6,-74.5,-75.9,-76.4,-76.3,-75.1,-73.2,-70.6,-69.4,-69.0,-69.2,-70.2,-72.0,-72.8,-71.8,-72.3,-74.1,-76.0,-77.0,-76.5,-74.7,-77.9,-82.0,-83.6,-81.8,-77.7,-73.6,-72.0,-73.6,-76.1,-78.4,-79.9,-80.5,-80.1,-79.3,-77.5,-75.1,-73.5,-72.8,-73.2,-74.2,-76.4,-75.6,-76.3,-78.0,-79.7,-80.5,-79.8,-78.1,463.7,462.9,461.6,460.5,460.4,461.4,462.5,463.5,468.2,464.8,461.5,459.5,459.6,460.8,462.6,461.6,460.8,461.2,462.9,465.5,463.5,463.0,462.4,462.1,462.2,462.6,463.2,463.6,494.5,493.9,493.7,494.2,494.9,495.5,495.6,495.5,496.9,494.6,492.7,492.0,493.4,496.2,499.5,497.3,495.3,494.2,494.4,495.7,495.7,495.9,495.8,495.6,495.3,495.1,495.1,495.4,23.7,-35.8,494.6,0.319,0.189,-0.001,0.02,0.0,0.0,0.02,0.0,1.02,0.0,0.0,0.01,0.0,0.11,0.3,0.04,0.0,0.0,0.31
-0.192653,0.336256,-0.921855,-0.192597,0.344052,-0.918986,-0.206,0.354,252.4,254.4,258.6,262.4,263.7,262.0,257.5,253.7,248.9,251.1,254.6,259.2,264.0,267.5,269.9,266.8,262.6,258.2,254.2,251.0,256.4,258.1,259.8,260.7,260.1,258.5,256.8,255.9,306.6,308.2,312.2,316.1,317.7,316.0,312.1,307.9,302.7,304.8,308.0,312.5,317.0,320.6,322.9,320.5,317.0,313.1,309.0,305.3,310.4,312.1,313.7,314.4,313.7,312.1,310.5,309.8,174.4,170.3,168.9,171.1,175.6,180.0,181.1,178.9,175.9,173.8,172.7,172.4,173.7,176.0,179.0,179.9,180.1,179.9,179.1,177.9,176.7,177.6,177.0,175.3,173.4,172.4,173.0,174.8,176.5,172.5,170.9,172.6,176.7,180.7,182.3,180.8,179.1,176.3,174.4,173.6,174.2,175.5,177.7,179.6,180.8,181.3,181.1,180.4,178.2,178.9,178.2,176.6,174.9,174.2,174.8,176.5,-11.6,-9.5,-5.4,-1.6,-0.3,-2.0,-6.4,-10.3,-15.1,-12.9,-9.3,-4.7,0.0,3.5,5.8,2.7,-1.4,-5.8,-9.7,-13.0,-7.5,-5.9,-4.1,-3.3,-3.8,-5.4,-7.2,-8.1,44.6,46.3,50.4,54.6,56.3,54.6,50.4,46.0,40.7,42.8,46.0,50.6,55.4,59.5,62.4,59.5,55.6,51.4,47.2,43.4,48.8,50.5,52.2,52.9,52.2,50.5,48.8,48.1,-75.2,-79.2,-80.4,-78.0,-73.5,-69.3,-68.4,-70.7,-74.5,-76.1,-76.6,-76.6,-75.3,-73.2,-70.5,-69.4,-69.1,-69.4,-70.4,-72.1,-72.9,-71.9,-72.4,-74.1,-76.0,-77.0,-76.5,-74.9,-76.9,-81.1,-82.8,-81.0,-76.9,-72.7,-71.0,-72.6,-74.7,-77.2,-78.9,-79.6,-79.2,-78.4,-76.5,-74.1,-72.6,-71.9,-72.2,-73.0,-75.4,-74.7,-75.4,-77.1,-78.8,-79.5,-78.8,-77.1,464.7,464.0,462.6,461.3,460.9,461.8,463.0,464.3,469.1,465.7,462.4,460.3,460.2,461.4,463.1,462.1,461.3,461.7,463.5,466.3,464.2,463.7,463.1,462.8,462.9,463.5,464.1,464.4,488.8,488.3,488.3,488.6,489.2,489.7,489.7,489.7,491.2,489.0,487.2,486.4,487.8,490.6,493.7,491.6,489.5,488.4,488.6,490.0,490.0,490.1,490.1,489.9,489.6,489.5,489.5,489.7,22.7,-35.7,494.4,0.315,0.192,-0.006,0.02,0.0,0.0,0.0,0.0,0.91,0.0,0.0,0.01,0.0,0.04,0.31,0.0,0.0,0.0,0.18
-0.190782,0.327871,-0.925258,-0.180792,0.362087,-0.914444,-0.199,0.359,251.3,253.2,257.3,261.1,262.5,260.9,256.4,252.6,247.7,250.0,253.5,258.1,262.8,266.2,268.4,265.4,261.3,257.0,253.1,249.9,255.3,256.9,258.6,259.5,258.9,257.3,255.6,254.7,305.7,307.4,311.3,315.1,316.6,315.0,311.1,306.9,301.6,303.7,307.0,311.5,316.0,319.4,321.4,319.2,315.9,312.1,308.0,304.3,309.5,311.0,312.6,313.3,312.7,311.1,309.6,308.9,174.0,169.9,168.5,170.6,174.9,179.3,180.4,178.4,175.5,173.4,172.3,172.0,173.2,175.4,178.3,179.3,179.5,179.3,178.6,177.4,176.1,177.0,176.4,174.7,172.8,172.0,172.6,174.3,176.3,172.3,170.7,172.4,176.4,180.3,181.9,180.5,178.6,175.9,174.1,173.3,173.8,175.0,177.2,179.2,180.4,180.9,180.7,180.0,177.8,178.5,177.8,176.2,174.6,173.9,174.6,176.2,-13.0,-11.0,-6.8,-2.9,-1.5,-3.2,-7.7,-11.6,-16.7,-14.3,-10.7,-6.0,-1.2,2.2,4.5,1.4,-2.7,-7.0,-11.1,-14.4,-8.8,-7.2,-5.4,-4.6,-5.2,-6.8,-8.6,-9.4,44.1,45.8,49.9,54.1,55.8,54.0,49.9,45.5,39.9,42.0,45.3,50.0,54.9,58.8,61.5,58.8,55.0,50.9,46.6,42.7,48.2,49.9,51.6,52.3,51.6,49.9,48.2,47.5,-77.3,-81.3,-82.6,-80.3,-75.8,-71.5,-70.5,-72.8,-76.5,-78.1,-78.7,-78.6,-77.4,-75.4,-72.7,-71.6,-71.3,-71.5,-72.5,-74.1,-75.1,-74.1,-74.7,-76.4,-78.2,-79.2,-78.7,-77.0,-77.9,-82.0,-83.7,-82.1,-78.0,-73.9,-72.2,-73.6,-75.8,-78.3,-80.0,-80.7,-80.4,-79.7,-77.9,-75.4,-73.8,-73.0,-73.2,-74.1,-76.5,-75.9,-76.6,-78.2,-79.9,-80.5,-79.8,-78.2,474.7,474.1,472.9,471.7,471.4,472.2,473.2,474.4,478.9,475.6,472.5,470.6,470.7,472.1,473.8,472.7,471.7,472.0,473.6,476.2,474.4,473.9,473.4,473.1,473.3,473.8,474.3,474.6,493.1,492.6,492.8,493.5,494.4,495.0,494.8,494.3,495.5,493.3,491.6,491.0,492.8,495.9,499.3,497.1,494.8,493.5,493.4,494.5,494.7,495.0,495.1,494.8,494.5,494.2,494.1,494.3,21.7,-35.8,494.0,0.319,0.195,-0.01,0.02,0.02,0.0,0.0,0.0,0.79,0.0,0.0,0.0,0.0,0.05,0.28,0.0,0.0,0.0,0.26
-0.205641,0.359727,-0.910115,-0.193866,0.341947,-0.919504,-0.215,0.366,250.3,252.4,256.5,260.3,261.5,259.7,255.3,251.5,246.8,249.1,252.6,257.2,261.9,265.3,267.5,264.5,260.4,256.0,252.1,248.9,254.3,255.9,257.6,258.5,258.0,256.4,254.7,253.8,304.8,306.6,310.5,314.3,315.7,313.9,310.0,305.9,300.5,302.7,306.0,310.6,315.1,318.4,320.5,318.1,314.8,311.0,306.9,303.2,308.5,310.0,311.7,312.4,311.8,310.3,308.6,307.9,173.1,169.1,167.8,170.0,174.4,178.7,179.7,177.5,174.4,172.3,171.2,171.0,172.4,174.7,177.7,178.7,178.8,178.5,177.7,176.4,175.3,176.2,175.7,174.0,172.2,171.3,171.8,173.5,175.3,171.4,169.9,171.7,175.6,179.5,181.0,179.5,177.7,175.0,173.3,172.6,173.2,174.4,176.5,178.6,179.8,180.3,180.0,179.2,176.9,177.6,177.0,175.4,173.8,173.1,173.7,175.3,-13.8,-11.7,-7.6,-3.8,-2.5,-4.3,-8.8,-12.6,-17.5,-15.2,-11.5,-6.8,-2.1,1.3,3.6,0.5,-3.7,-8.0,-12.0,-15.4,-9.8,-8.2,-6.5,-5.6,-6.1,-7.7,-9.4,-10.3,42.8,44.6,48.8,52.9,54.4,52.6,48.5,44.1,38.5,40.7,44.0,48.7,53.6,57.5,60.1,57.3,53.6,49.4,45.1,41.3,46.9,48.5,50.3,51.0,50.4,48.7,47.0,46.2,-77.8,-81.8,-82.8,-80.4,-76.0,-71.7,-70.9,-73.3,-77.2,-78.8,-79.3,-79.2,-77.8,-75.7,-73.0,-71.8,-71.6,-71.9,-73.0,-74.7,-75.5,-74.5,-75.0,-76.6,-78.5,-79.5,-79.0,-77.4,-78.4,-82.4,-84.0,-82.3,-78.3,-74.3,-72.7,-74.2,-76.4,-78.8,-80.3,-81.0,-80.6,-79.9,-78.1,-75.6,-74.0,-73.3,-73.6,-74.6,-77.0,-76.3,-77.0,-78.6,-80.3,-81.0,-80.3,-78.7,472.2,471.4,470.1,469.0,468.7,469.6,470.7,471.9,476.4,473.1,469.9,467.9,468.0,469.3,471.1,470.0,469.1,469.4,471.1,473.7,471.8,471.3,470.8,470.5,470.6,471.1,471.6,471.9,490.2,489.5,489.6,490.4,491.5,492.1,492.0,491.5,492.7,490.4,488.6,488.0,489.8,492.9,496.4,494.3,492.1,490.8,490.7,491.8,491.8,492.1,492.1,491.9,491.4,491.1,491.1,491.3,19.7,-36.4,492.4,0.331,0.215,0.009,0.0,0.02,0.0,0.0,0.0,0.63,0.0,0.0,0.0,0.0,0.1,0.21,0.0,0.02,0.0,0.35
-0.208158,0.360151,-0.909374,-0.196765,0.354098,-0.914275,-0.218,0.373,249.6,251.7,255.8,259.7,260.9,259.2,254.7,250.8,246.2,248.5,252.0,256.5,261.2,264.7,267.0,263.9,259.7,255.4,251.4,248.2,253.7,255.3,257.0,257.8,257.3,255.8,254.1,253.2,303.7,305.5,309.5,313.4,314.9,313.1,309.1,304.9,299.3,301.7,305.1,309.7,314.2,317.6,319.7,317.3,314.0,310.1,305.9,302.1,307.5,309.1,310.8,311.5,310.9,309.3,307.6,306.9,172.2,168.1,166.7,168.9,173.4,177.8,178.9,176.7,173.5,171.4,170.4,170.1,171.5,173.8,176.8,177.8,177.8,177.5,176.8,175.5,174.5,175.4,174.8,173.1,171.2,170.3,170.9,172.6,174.5,170.5,168.9,170.6,174.6,178.6,180.2,178.8,176.5,173.8,172.1,171.3,171.9,173.2,175.3,177.4,178.6,179.1,178.8,178.1,176.1,176.8,176.1,174.5,172.8,172.1,172.7,174.4,-14.4,-12.3,-8.1,-4.3,-3.1,-4.8,-9.3,-13.2,-18.0,-15.6,-12.0,-7.4,-2.8,0.7,3.0,-0.1,-4.2,-8.6,-12.6,-15.9,-10.3,-8.7,-7.0,-6.2,-6.7,-8.2,-10.0,-10.8,41.1,42.9,47.1,51.2,52.8,51.1,46.9,42.5,36.8,39.1,42.4,47.2,52.0,55.8,58.4,55.7,52.0,47.8,43.5,39.6,45.2,46.9,48.6,49.4,48.7,47.0,45.3,44.5,-78.1,-82.1,-83.2,-80.8,-76.3,-72.0,-71.1,-73.5,-77.5,-79.0,-79.5,-79.4,-78.1,-76.0,-73.2,-72.1,-71.9,-72.2,-73.3,-75.0,-75.8,-74.8,-75.2,-76.9,-78.8,-79.8,-79.3,-77.6,-78.2,-82.3,-84.0,-82.3,-78.3,-74.2,-72.5,-74.0,-76.5,-78.9,-80.5,-81.2,-80.8,-80.1,-78.4,-75.9,-74.2,-73.5,-73.8,-74.7,-76.8,-76.2,-76.9,-78.5,-80.2,-80.9,-80.2,-78.5,468.5,467.9,466.5,465.1,464.6,465.4,466.6,468.0,472.6,469.4,466.1,464.1,464.0,465.1,466.7,465.7,464.8,465.2,467.0,469.8,467.9,467.4,466.8,466.5,466.7,467.3,467.9,468.1,483.4,482.8,483.0,483.9,484.9,485.5,485.3,484.7,485.7,483.5,481.8,481.4,483.2,486.4,489.9,487.6,485.3,483.9,483.7,484.7,485.1,485.4,485.5,485.2,484.8,484.5,484.4,484.6,18.8,-37.5,492.4,0.324,0.214,0.015,0.02,0.02,0.0,0.0,0.0,0.8,0.0,0.0,0.0,0.0,0.14,0.18,0.0,0.04,0.0,0.35
-0.206782,0.369273,-0.906024,-0.208255,0.339955,-0.917093,-0.224,0.371,249.0,251.0,255.1,258.9,260.2,258.6,254.1,250.3,245.5,247.9,251.4,255.9,260.5,263.8,266.0,263.1,259.1,254.8,250.9,247.7,253.0,254.6,256.4,257.2,256.6,255.0,253.3,252.5,303.3,305.1,309.2,313.0,314.5,312.6,308.6,304.4,299.1,301.5,304.9,309.5,313.9,317.3,319.4,317.0,313.7,309.8,305.7,301.9,307.1,308.7,310.4,311.1,310.5,308.9,307.2,306.5,171.3,167.3,165.9,167.9,172.3,176.6,177.7,175.6,172.5,170.5,169.4,169.1,170.4,172.6,175.5,176.6,176.7,176.6,175.8,174.5,173.4,174.3,173.7,172.0,170.2,169.3,169.9,171.6,173.1,169.1,167.6,169.4,173.5,177.5,179.0,177.4,175.2,172.7,171.1,170.4,171.1,172.3,174.3,176.4,177.6,178.1,177.7,176.8,174.8,175.6,174.9,173.3,171.6,170.8,171.4,173.1,-15.4,-13.4,-9.1,-5.2,-3.9,-5.6,-10.1,-14.1,-19.2,-16.7,-12.9,-8.2,-3.6,-0.2,2.1,-1.0,-5.0,-9.4,-13.4,-16.9,-11.3,-9.6,-7.9,-7.0,-7.6,-9.2,-11.0,-11.9,40.8,42.7,46.9,51.0,52.6,50.7,46.5,42.1,36.7,39.0,42.3,47.0,51.8,55.7,58.3,55.5,51.8,47.6,43.3,39.4,44.9,46.6,48.4,49.1,48.5,46.8,45.0,44.2,-81.1,-85.1,-86.4,-84.1,-79.6,-75.2,-74.3,-76.6,-80.5,-82.1,-82.7,-82.6,-81.4,-79.4,-76.6,-75.4,-75.0,-75.2,-76.2,-78.0,-78.8,-77.9,-78.4,-80.1,-82.0,-83.0,-82.5,-80.8,-79.9,-83.9,-85.5,-83.8,-79.7,-75.6,-74.0,-75.6,-78.0,-80.3,-81.7,-82.3,-81.9,-81.2,-79.6,-77.1,-75.5,-74.8,-75.1,-76.2,-78.3,-77.6,-78.3,-80.0,-81.7,-82.4,-81.8,-80.1,480.9,480.3,479.1,478.1,477.7,478.5,479.5,480.5,484.8,481.7,478.6,476.8,477.1,478.4,480.2,479.0,478.0,478.1,479.6,482.2,480.6,480.2,479.7,479.4,479.6,480.0,480.5,480.8,484.8,484.2,484.3,485.0,486.0,486.6,486.5,486.0,487.0,484.8,483.2,482.6,484.4,487.4,490.8,488.6,486.4,485.1,485.0,486.1,486.3,486.6,486.7,486.4,486.0,485.7,485.7,485.9,18.3,-38.8,493.2,0.326,0.22,0.016,0.02,0.0,0.0,0.0,0.0,0.78,0.0,0.0,0.0,0.0,0.15,0.25,0.0,0.06,0.0,0.43
-0.203085,0.364895,-0.90863,-0.201195,0.343962,-0.917176,-0.218,0.37,249.4,251.3,255.4,259.1,260.4,258.8,254.4,250.7,246.1,248.1,251.5,255.9,260.6,264.1,266.4,263.3,259.2,255.0,251.1,248.0,253.4,255.0,256.7,257.5,256.9,255.4,253.7,252.8,303.3,305.2,309.1,313.0,314.4,312.5,308.5,304.4,299.3,301.5,304.7,309.2,313.6,317.0,319.3,316.8,313.3,309.5,305.5,301.8,307.1,308.7,310.4,311.1,310.6,308.9,307.3,306.5,170.4,166.3,164.9,167.0,171.4,175.8,176.9,174.8,171.7,169.6,168.5,168.2,169.4,171.6,174.6,175.7,175.9,175.7,175.0,173.7,172.6,173.4,172.8,171.1,169.3,168.4,169.0,170.7,172.4,168.5,167.1,168.9,173.0,176.8,178.3,176.7,174.1,171.7,170.2,169.8,170.5,171.8,173.9,175.9,177.0,177.4,176.9,175.9,174.2,174.9,174.3,172.7,171.0,170.2,170.8,172.5,-14.9,-12.9,-8.8,-4.9,-3.6,-5.3,-9.7,-13.6,-18.4,-16.2,-12.7,-8.1,-3.5,0.1,2.5,-0.7,-4.8,-9.1,-13.1,-16.3,-10.8,-9.2,-7.4,-6.6,-7.2,-8.8,-10.5,-11.3,41.8,43.7,48.0,52.1,53.7,51.8,47.5,43.1,37.8,39.9,43.2,47.9,52.7,56.6,59.4,56.5,52.6,48.4,44.1,40.4,46.0,47.7,49.5,50.3,49.6,47.9,46.1,45.3,-81.0,-85.1,-86.2,-83.9,-79.4,-75.1,-74.2,-76.5,-80.4,-82.0,-82.6,-82.5,-81.2,-79.2,-76.5,-75.2,-74.9,-75.1,-76.1,-77.9,-78.8,-77.8,-78.3,-80.0,-81.9,-82.9,-82.4,-80.7,-82.6,-86.6,-88.1,-86.2,-82.1,-78.1,-76.5,-78.2,-81.2,-83.4,-84.6,-85.0,-84.4,-83.5,-81.8,-79.4,-77.8,-77.3,-77.8,-79.1,-80.9,-80.1,-80.8,-82.5,-84.2,-85.0,-84.4,-82.7,475.2,474.5,473.1,471.7,471.3,472.2,473.4,474.8,479.6,476.2,472.9,470.7,470.6,471.7,473.3,472.3,471.6,472.1,473.9,476.7,474.7,474.1,473.5,473.2,473.4,474.0,474.6,474.9,496.7,496.0,495.8,496.3,497.2,497.9,498.0,497.8,499.2,496.9,495.0,494.2,495.5,498.3,501.5,499.5,497.6,496.6,496.7,498.1,498.0,498.2,498.1,497.8,497.5,497.3,497.3,497.6,18.2,-40.2,495.5,0.318,0.226,0.021,0.03,0.0,0.0,0.0,0.0,0.85,0.0,0.0,0.0,0.0,0.13,0.25,0.0,0.04,0.01,0.47
-0.196143,0.369206,-0.908413,-0.214032,0.350299,-0.911856,-0.222,0.376,249.6,251.6,255.7,259.4,260.7,259.0,254.6,250.9,246.2,248.4,251.8,256.1,260.7,264.1,266.4,263.4,259.3,255.1,251.3,248.2,253.6,255.2,256.9,257.7,257.2,255.6,253.9,253.1,303.5,305.3,309.3,313.0,314.3,312.5,308.6,304.6,299.6,301.8,305.0,309.4,313.8,317.3,319.5,317.0,313.5,309.6,305.6,302.0,307.3,308.8,310.4,311.1,310.6,309.1,307.5,306.7,170.0,165.9,164.6,166.6,171.0,175.3,176.4,174.3,171.2,169.2,168.1,167.9,169.1,171.3,174.1,175.2,175.3,175.1,174.4,173.1,172.1,173.0,172.4,170.7,168.9,168.0,168.6,170.3,172.0,168.2,166.9,168.7,172.7,176.5,177.9,176.2,173.6,171.2,169.7,169.2,170.1,171.5,173.7,175.6,176.6,176.8,176.3,175.3,173.8,174.5,174.0,172.4,170.8,170.0,170.6,172.1,-14.8,-12.8,-8.6,-4.7,-3.4,-5.1,-9.7,-13.6,-18.5,-16.2,-12.6,-8.0,-3.4,0.1,2.5,-0.6,-4.8,-9.2,-13.1,-16.4,-10.7,-9.1,-7.3,-6.5,-7.0,-8.6,-10.4,-11.3,42.5,44.4,48.6,52.7,54.2,52.3,48.1,43.8,38.5,40.7,43.9,48.6,53.4,57.5,60.3,57.3,53.3,49.0,44.8,41.0,46.7,48.3,50.1,50.8,50.2,48.6,46.8,46.1,-82.7,-86.8,-88.0,-85.6,-81.1,-76.7,-75.8,-78.1,-82.2,-83.7,-84.2,-84.1,-82.9,-80.8,-78.2,-76.9,-76.6,-76.9,-77.9,-79.7,-80.4,-79.4,-79.9,-81.6,-83.5,-84.5,-84.0,-82.3,-84.0,-87.9,-89.3,-87.4,-83.2,-79.2,-77.8,-79.6,-82.7,-84.9,-86.1,-86.5,-85.8,-84.7,-82.8,-80.5,-79.1,-78.7,-79.3,-80.6,-82.3,-81.5,-82.0,-83.7,-85.4,-86.2,-85.6,-84.0,482.3,481.8,480.5,479.2,478.7,479.4,480.5,481.8,486.5,483.3,480.1,478.1,478.0,479.1,480.6,479.6,478.7,479.2,480.9,483.7,481.9,481.3,480.8,480.5,480.7,481.3,481.8,482.1,502.3,501.7,501.4,501.7,502.4,503.0,503.3,503.3,505.0,502.6,500.6,499.7,500.9,503.6,506.8,504.7,502.7,501.8,502.1,503.6,503.4,503.6,503.4,503.2,502.9,502.8,502.9,503.2,18.3,-41.1,497.0,0.311,0.23,0.023,0.01,0.0,0.0,0.0,0.0,0.82,0.0,0.0,0.0,0.0,0.11,0.31,0.0,0.02,0.09,0.35
-0.196488,0.357617,-0.912964,-0.253253,0.271549,-0.928506,-0.24,0.329,251.0,253.1,257.2,260.9,262.1,260.3,255.9,252.2,247.6,249.8,253.1,257.5,262.0,265.5,267.9,264.8,260.7,256.4,252.6,249.5,255.0,256.6,258.3,259.1,258.7,257.1,255.4,254.5,304.8,307.0,311.1,314.8,315.8,313.6,309.5,305.6,301.3,303.2,306.2,310.7,315.7,320.0,323.1,319.3,314.9,310.5,306.4,303.2,308.7,310.2,311.9,312.8,312.4,310.9,309.2,308.3,170.1,166.0,164.6,166.7,171.1,175.5,176.6,174.5,171.5,169.4,168.3,168.0,169.2,171.5,174.3,175.3,175.3,175.0,174.4,173.2,172.3,173.2,172.6,170.9,169.1,168.2,168.8,170.5,171.7,167.7,166.4,168.6,173.0,177.0,178.3,176.4,174.0,171.3,169.5,169.2,170.8,173.3,176.6,178.1,178.5,178.2,177.3,176.1,174.0,175.0,174.4,172.7,170.9,170.0,170.5,172.2,-13.3,-11.1,-6.9,-3.1,-1.9,-3.7,-8.2,-12.1,-16.9,-14.5,-11.1,-6.6,-2.0,1.6,4.0,0.8,-3.4,-7.7,-11.7,-14.9,-9.2,-7.6,-5.8,-5.0,-5.4,-7.0,-8.8,-9.7,39.2,41.3,45.1,48.4,49.3,47.2,43.4,39.9,36.1,37.8,40.3,44.4,49.2,53.4,56.6,52.8,48.5,44.3,40.5,37.7,42.8,44.2,45.8,46.7,46.3,44.9,43.3,42.5,-81.7,-85.9,-87.1,-84.7,-80.1,-75.7,-74.8,-77.1,-81.1,-82.7,-83.3,-83.2,-81.9,-79.7,-77.0,-75.9,-75.8,-76.1,-77.1,-78.8,-79.4,-78.4,-78.9,-80.6,-82.5,-83.5,-83.0,-81.3,-75.2,-79.0,-80.0,-77.7,-73.4,-69.5,-68.5,-70.6,-73.5,-75.7,-77.0,-76.9,-75.3,-73.2,-70.3,-68.6,-68.1,-68.4,-69.5,-71.1,-72.8,-71.8,-72.3,-73.9,-75.7,-76.7,-76.2,-74.6,477.6,477.3,475.9,474.4,473.5,474.0,475.2,476.7,481.9,478.7,475.5,473.3,473.0,473.8,475.1,474.0,473.3,473.8,475.8,478.8,476.8,476.2,475.6,475.5,475.8,476.5,477.0,477.2,448.1,447.9,446.6,445.2,444.3,444.6,445.8,447.6,451.5,449.0,446.3,444.1,443.8,444.9,446.9,445.2,444.4,444.6,446.2,449.0,447.4,446.8,446.3,446.2,446.5,447.1,447.7,447.8,19.5,-41.3,497.7,0.31,0.24,0.028,0.01,0.0,0.0,0.0,0.0,0.81,0.0,0.0,0.0,0.0,0.05,0.27,0.0,0.0,0.14,0.2
-0.188629,0.361289,-0.913175,-0.269473,0.266354,-0.92544,-0.244,0.329,252.0,254.1,258.2,261.9,263.1,261.3,256.9,253.2,248.6,250.8,254.1,258.4,263.0,266.4,268.8,265.7,261.6,257.3,253.5,250.5,256.0,257.5,259.2,260.1,259.6,258.1,256.4,255.5,305.5,307.7,311.8,315.4,316.4,314.2,310.1,306.2,302.2,304.1,307.1,311.6,316.7,320.9,323.9,320.2,315.8,311.4,307.3,304.1,309.3,310.8,312.5,313.5,313.0,311.5,309.8,308.9,170.9,166.8,165.4,167.4,171.7,176.1,177.2,175.2,172.4,170.3,169.1,168.8,170.0,172.3,175.1,175.9,175.9,175.6,175.0,174.0,173.1,173.9,173.3,171.6,169.8,169.0,169.6,171.3,172.4,168.4,167.1,169.3,173.7,177.7,179.0,177.1,174.6,172.1,170.5,170.2,171.9,174.3,177.5,178.8,179.0,178.6,177.7,176.6,174.7,175.6,175.1,173.4,171.6,170.7,171.2,172.9,-12.3,-10.2,-5.9,-2.1,-1.0,-2.8,-7.3,-11.1,-16.0,-13.6,-10.1,-5.7,-1.1,2.5,4.9,1.7,-2.4,-6.8,-10.7,-13.9,-8.3,-6.7,-4.9,-4.0,-4.5,-6.1,-7.8,-8.7,40.1,42.2,46.0,49.3,50.2,48.1,44.3,40.8,37.2,38.9,41.5,45.6,50.4,54.6,57.8,54.0,49.7,45.5,41.7,38.8,43.7,45.1,46.7,47.6,47.2,45.8,44.2,43.4,-81.5,-85.7,-86.9,-84.5,-80.0,-75.5,-74.5,-76.9,-80.6,-82.3,-82.9,-82.9,-81.6,-79.5,-76.8,-75.7,-75.6,-76.0,-76.9,-78.4,-79.1,-78.1,-78.7,-80.4,-82.3,-83.3,-82.8,-81.0,-75.0,-78.9,-79.9,-77.5,-73.1,-69.3,-68.3,-70.4,-73.4,-75.4,-76.5,-76.4,-74.8,-72.7,-69.9,-68.4,-68.0,-68.4,-69.6,-71.1,-72.7,-71.7,-72.1,-73.7,-75.5,-76.5,-76.1,-74.5,480.6,480.5,479.3,477.7,476.6,476.9,478.0,479.6,484.8,481.7,478.6,476.5,476.2,476.9,478.1,477.0,476.2,476.8,478.7,481.7,479.8,479.1,478.6,478.6,479.0,479.7,480.2,480.3,451.0,450.7,449.4,447.9,447.1,447.4,448.7,450.5,454.2,451.7,449.0,446.8,446.6,447.8,449.9,448.1,447.2,447.5,449.0,451.8,450.3,449.6,449.1,449.0,449.3,449.9,450.5,450.6,20.3,-40.7,498.1,0.315,0.234,0.029,0.0,0.0,0.0,0.0,0.0,0.71,0.0,0.0,0.0,0.0,0.02,0.28,0.0,0.0,0.13,0.06
-0.190185,0.358072,-0.914119,-0.201475,0.334756,-0.920514,-0.21,0.361,252.5,254.5,258.6,262.4,263.5,261.8,257.3,253.6,249.0,251.1,254.4,258.9,263.5,267.0,269.4,266.3,262.1,257.8,253.9,250.8,256.4,258.0,259.7,260.6,260.1,258.5,256.8,255.9,306.4,308.1,312.0,315.7,317.1,315.4,311.5,307.5,302.4,304.5,307.7,312.0,316.4,319.9,322.1,319.6,316.2,312.4,308.4,304.9,310.1,311.6,313.2,314.0,313.4,311.8,310.2,309.5,171.6,167.5,166.1,168.1,172.4,176.9,178.0,176.0,173.5,171.2,169.9,169.5,170.8,173.1,176.0,176.9,176.8,176.7,176.1,175.2,173.8,174.7,174.0,172.3,170.5,169.7,170.3,172.0,173.8,170.0,168.6,170.3,174.3,178.1,179.5,177.9,175.7,173.1,171.5,170.9,171.7,173.1,175.4,177.4,178.5,178.9,178.4,177.4,175.5,176.2,175.6,174.0,172.4,171.6,172.2,173.8,-11.7,-9.6,-5.4,-1.7,-0.5,-2.3,-6.7,-10.5,-15.4,-13.1,-9.7,-5.1,-0.5,3.0,5.4,2.3,-1.9,-6.3,-10.2,-13.4,-7.7,-6.1,-4.4,-3.5,-4.0,-5.5,-7.3,-8.2,45.6,47.4,51.5,55.6,57.2,55.4,51.2,46.9,41.5,43.6,46.8,51.4,56.3,60.3,63.1,60.2,56.2,52.0,47.8,44.1,49.7,51.4,53.1,53.9,53.2,51.5,49.8,49.0,-79.4,-83.5,-84.7,-82.4,-77.9,-73.5,-72.5,-74.8,-78.2,-80.0,-80.8,-80.8,-79.5,-77.3,-74.6,-73.5,-73.4,-73.7,-74.6,-76.0,-77.0,-76.1,-76.6,-78.3,-80.2,-81.2,-80.6,-78.9,-82.0,-86.0,-87.4,-85.6,-81.5,-77.5,-76.0,-77.7,-80.3,-82.7,-84.2,-84.6,-84.0,-82.9,-81.0,-78.5,-77.0,-76.4,-77.0,-78.3,-80.4,-79.6,-80.2,-81.9,-83.6,-84.4,-83.7,-82.1,472.6,472.5,471.3,469.7,468.6,468.9,470.0,471.6,477.0,473.9,470.7,468.5,468.2,469.0,470.1,469.1,468.3,468.9,470.9,473.9,471.8,471.1,470.6,470.6,471.0,471.7,472.2,472.2,501.9,501.3,501.0,501.4,502.1,502.8,503.0,503.0,504.7,502.3,500.3,499.3,500.6,503.4,506.5,504.6,502.7,501.8,502.0,503.5,503.1,503.2,503.1,502.9,502.6,502.4,502.5,502.8,21.0,-39.9,499.1,0.329,0.233,0.024,0.0,0.0,0.0,0.0,0.0,0.49,0.0,0.0,0.0,0.0,0.0,0.2,0.0,0.0,0.12,0.02
-0.195372,0.365182,-0.910205,-0.23672,0.271808,-0.932783,-0.23,0.333,253.3,255.3,259.3,263.1,264.3,262.7,258.3,254.6,249.8,252.0,255.4,259.8,264.4,267.9,270.2,267.2,263.1,258.8,254.9,251.8,257.3,258.9,260.6,261.4,260.9,259.3,257.6,256.8,307.2,309.3,313.4,317.1,318.2,316.1,311.9,308.0,303.5,305.5,308.5,313.0,318.1,322.4,325.4,321.7,317.3,312.9,308.7,305.5,311.1,312.6,314.3,315.2,314.7,313.2,311.5,310.7,172.5,168.5,167.1,169.2,173.6,177.9,179.0,176.9,173.7,171.8,170.8,170.5,171.8,173.9,176.7,177.7,177.8,177.6,176.9,175.6,174.7,175.5,175.0,173.3,171.5,170.6,171.1,172.8,174.4,170.3,168.9,170.9,175.3,179.3,180.7,179.0,177.0,174.2,172.2,171.7,173.3,175.8,179.2,180.6,180.9,180.6,179.8,178.9,176.6,177.4,176.8,175.1,173.4,172.6,173.1,174.8,-11.0,-8.9,-4.8,-0.9,0.3,-1.3,-5.8,-9.7,-14.7,-12.4,-8.8,-4.3,0.4,4.0,6.4,3.2,-0.9,-5.3,-9.3,-12.6,-6.9,-5.3,-3.5,-2.7,-3.2,-4.8,-6.6,-7.4,41.6,43.6,47.5,50.9,51.8,49.7,45.9,42.3,38.4,40.0,42.7,46.8,51.7,55.9,59.0,55.2,50.9,46.7,42.9,40.0,45.3,46.7,48.2,49.1,48.7,47.3,45.7,44.9,-79.6,-83.6,-84.8,-82.4,-77.9,-73.6,-72.7,-75.1,-79.1,-80.5,-81.0,-80.9,-79.6,-77.6,-75.0,-73.9,-73.6,-73.9,-74.9,-76.6,-77.3,-76.3,-76.8,-78.5,-80.4,-81.4,-80.9,-79.2,-72.8,-76.7,-77.9,-75.7,-71.4,-67.5,-66.3,-68.2,-70.8,-73.2,-74.6,-74.8,-73.2,-71.0,-68.1,-66.4,-66.0,-66.3,-67.3,-68.6,-70.6,-69.7,-70.2,-71.8,-73.5,-74.4,-74.0,-72.4,479.3,478.6,477.2,476.0,475.6,476.5,477.6,478.9,483.7,480.4,477.1,475.0,475.0,476.1,477.7,476.7,475.9,476.3,478.1,480.9,478.8,478.3,477.7,477.4,477.6,478.1,478.7,479.0,449.3,449.3,448.3,446.8,445.7,445.7,446.8,448.6,452.7,450.4,447.8,445.7,445.4,446.5,448.4,446.5,445.6,445.8,447.4,450.2,448.6,448.0,447.5,447.5,448.0,448.6,449.0,449.0,21.9,-39.0,499.3,0.331,0.228,0.027,0.0,0.0,0.0,0.0,0.0,0.35,0.0,0.0,0.0,0.0,0.0,0.18,0.0,0.0,0.12,0.06
-0.186396,0.379158,-0.906364,-0.201536,0.352997,-0.913661,-0.21,0.382,253.5,255.5,259.7,263.5,264.8,263.1,258.7,254.8,249.9,252.1,255.6,260.1,264.7,268.1,270.5,267.5,263.4,259.0,255.2,252.0,257.6,259.2,260.9,261.8,261.2,259.6,257.9,257.0,307.7,309.4,313.3,317.0,318.4,316.7,312.8,308.8,303.8,305.9,309.1,313.3,317.6,321.1,323.4,320.9,317.4,313.6,309.7,306.2,311.4,312.9,314.6,315.3,314.7,313.1,311.5,310.8,171.3,167.2,165.7,167.7,172.0,176.4,177.6,175.6,173.0,170.7,169.4,168.9,170.1,172.2,175.0,176.1,176.2,176.1,175.6,174.6,173.4,174.3,173.6,171.9,170.1,169.3,169.9,171.6,173.6,169.8,168.3,170.1,174.1,177.9,179.3,177.8,175.2,172.8,171.3,170.9,171.6,172.9,175.1,176.9,177.9,178.2,177.8,176.9,175.3,176.1,175.5,173.9,172.2,171.5,172.1,173.7,-10.7,-8.6,-4.4,-0.5,0.8,-0.9,-5.4,-9.3,-14.6,-12.2,-8.6,-4.0,0.7,4.2,6.6,3.5,-0.6,-5.0,-9.0,-12.4,-6.6,-4.9,-3.1,-2.3,-2.8,-4.5,-6.3,-7.1,47.9,49.7,53.9,58.1,59.7,57.8,53.6,49.2,43.9,46.0,49.2,53.8,58.6,62.7,65.6,62.6,58.6,54.3,50.1,46.4,52.0,53.8,55.5,56.3,55.6,53.9,52.2,51.4,-80.5,-84.7,-86.1,-83.8,-79.3,-74.8,-73.7,-76.0,-79.5,-81.3,-82.1,-82.3,-81.1,-79.1,-76.5,-75.2,-74.9,-75.0,-75.8,-77.3,-78.3,-77.3,-77.9,-79.7,-81.6,-82.5,-81.9,-80.2,-83.8,-87.8,-89.4,-87.5,-83.2,-79.1,-77.6,-79.3,-82.4,-84.6,-86.0,-86.3,-85.7,-84.7,-82.8,-80.5,-79.1,-78.6,-79.1,-80.4,-82.1,-81.2,-81.9,-83.6,-85.4,-86.2,-85.5,-83.8,477.5,477.4,476.4,475.1,474.2,474.5,475.3,476.6,481.6,478.6,475.7,473.8,473.7,474.7,476.0,474.8,473.8,474.1,475.9,478.7,477.0,476.4,476.0,475.9,476.3,476.9,477.3,477.3,511.6,511.0,510.7,511.0,511.6,512.2,512.4,512.5,514.2,511.9,510.0,509.0,510.1,512.7,515.6,513.6,511.8,510.9,511.3,512.8,512.7,512.8,512.6,512.4,512.1,512.0,512.2,512.4,22.3,-40.2,499.4,0.328,0.228,0.026,0.0,0.0,0.0,0.01,0.0,0.27,0.0,0.0,0.0,0.0,0.0,0.15,0.0,0.0,0.19,0.1
-0.186074,0.37961,-0.906241,-0.194197,0.352161,-0.915571,-0.206,0.382,253.6,255.6,259.7,263.5,264.8,263.1,258.7,254.9,250.1,252.2,255.5,260.0,264.7,268.2,270.6,267.5,263.3,258.9,255.1,252.0,257.7,259.2,260.9,261.7,261.2,259.7,258.0,257.2,307.8,309.5,313.4,317.2,318.6,316.8,312.9,308.9,303.9,306.0,309.1,313.4,317.7,321.1,323.5,320.9,317.5,313.6,309.7,306.2,311.5,313.0,314.7,315.4,314.8,313.3,311.7,310.9,171.2,167.1,165.7,167.8,172.1,176.6,177.7,175.6,172.7,170.6,169.4,169.0,170.2,172.3,175.1,176.3,176.5,176.4,175.8,174.6,173.4,174.2,173.6,171.9,170.1,169.3,169.9,171.6,173.6,169.8,168.4,170.2,174.2,178.0,179.4,177.8,175.2,172.8,171.3,170.9,171.7,173.0,175.2,177.0,178.0,178.3,177.8,176.9,175.3,176.1,175.5,173.9,172.3,171.5,172.1,173.7,-10.5,-8.5,-4.3,-0.5,0.8,-0.9,-5.4,-9.2,-14.2,-12.0,-8.6,-4.0,0.7,4.2,6.7,3.5,-0.7,-5.1,-9.0,-12.2,-6.4,-4.8,-3.1,-2.3,-2.8,-4.4,-6.1,-6.9,47.9,49.8,54.0,58.2,59.7,57.9,53.6,49.2,43.9,46.0,49.2,53.8,58.6,62.7,65.6,62.6,58.5,54.3,50.0,46.4,52.1,53.8,55.6,56.4,55.7,54.0,52.2,51.4,-79.8,-83.8,-85.1,-82.7,-78.2,-73.8,-72.9,-75.2,-79.0,-80.7,-81.3,-81.3,-80.1,-78.1,-75.5,-74.2,-73.8,-74.0,-75.0,-76.6,-77.5,-76.6,-77.1,-78.7,-80.6,-81.6,-81.1,-79.4,-83.7,-87.7,-89.2,-87.3,-83.0,-79.0,-77.5,-79.2,-82.3,-84.6,-85.9,-86.2,-85.5,-84.5,-82.5,-80.3,-78.9,-78.4,-79.0,-80.3,-81.9,-81.1,-81.7,-83.4,-85.2,-86.0,-85.4,-83.7,472.6,472.1,470.8,469.4,468.8,469.4,470.6,472.0,477.1,473.8,470.6,468.4,468.2,469.2,470.6,469.6,468.8,469.3,471.2,474.1,472.0,471.4,470.9,470.7,470.9,471.5,472.1,472.3,511.0,510.4,510.2,510.4,511.0,511.6,511.8,511.9,513.6,511.3,509.4,508.4,509.5,512.0,515.0,513.0,511.1,510.2,510.7,512.3,512.1,512.2,512.1,511.8,511.6,511.5,511.6,511.8,22.2,-40.2,499.1,0.328,0.229,0.026,0.0,0.0,0.0,0.03,0.0,0.2,0.0,0.0,0.0,0.0,0.0,0.16,0.02,0.0,0.23,0.19
-0.18261,0.367166,-0.912054,-0.199467,0.335193,-0.920792,-0.206,0.366,254.3,256.3,260.4,264.2,265.3,263.6,259.2,255.5,250.8,252.9,256.2,260.6,265.2,268.6,271.0,267.9,263.7,259.4,255.7,252.7,258.2,259.8,261.5,262.4,261.9,260.3,258.6,257.7,307.9,309.7,313.6,317.4,318.8,317.1,313.2,309.1,303.9,306.0,309.2,313.5,318.0,321.5,323.9,321.3,317.8,313.9,309.9,306.3,311.7,313.3,314.9,315.6,315.0,313.4,311.8,311.1,169.3,165.2,163.8,165.9,170.2,174.7,175.7,173.6,170.8,168.6,167.4,167.0,168.2,170.4,173.2,174.3,174.5,174.4,173.7,172.6,171.5,172.4,171.8,170.1,168.2,167.3,167.9,169.6,171.6,167.8,166.3,168.1,172.0,175.9,177.4,175.8,173.5,171.0,169.4,168.7,169.5,170.8,173.0,174.9,176.1,176.4,176.0,175.2,173.3,174.1,173.4,171.8,170.2,169.5,170.1,171.7,-9.9,-7.8,-3.6,0.2,1.3,-0.4,-4.9,-8.7,-13.6,-11.4,-8.0,-3.5,1.2,4.7,7.1,4.0,-0.3,-4.6,-8.5,-11.6,-5.9,-4.3,-2.5,-1.6,-2.1,-3.7,-5.5,-6.4,47.2,49.0,53.1,57.2,58.8,57.0,52.9,48.5,43.0,45.1,48.3,52.9,57.8,61.9,64.8,61.8,57.8,53.5,49.3,45.6,51.3,53.0,54.7,55.5,54.8,53.1,51.4,50.6,-82.3,-86.4,-87.6,-85.2,-80.7,-76.3,-75.4,-77.7,-81.5,-83.2,-83.9,-83.9,-82.6,-80.6,-77.9,-76.6,-76.3,-76.6,-77.5,-79.2,-80.0,-79.0,-79.5,-81.2,-83.1,-84.1,-83.6,-81.9,-84.1,-88.2,-89.7,-87.9,-83.7,-79.6,-78.1,-79.7,-82.5,-84.8,-86.3,-86.8,-86.2,-85.3,-83.4,-80.9,-79.4,-78.9,-79.4,-80.5,-82.5,-81.7,-82.4,-84.0,-85.8,-86.5,-85.9,-84.2,475.9,475.5,474.2,472.7,472.0,472.5,473.6,475.1,480.3,477.1,473.9,471.7,471.4,472.2,473.5,472.5,471.7,472.4,474.3,477.3,475.2,474.6,474.0,473.9,474.2,474.8,475.4,475.5,500.8,500.3,500.1,500.5,501.1,501.6,501.8,501.8,503.6,501.3,499.3,498.4,499.6,502.3,505.4,503.3,501.3,500.4,500.7,502.2,502.0,502.1,502.0,501.8,501.6,501.4,501.5,501.7,22.5,-42.2,499.4,0.307,0.231,0.032,0.0,0.0,0.0,0.03,0.0,0.14,0.0,0.0,0.0,0.0,0.0,0.12,0.04,0.0,0.39,0.21
-0.169736,0.362141,-0.916539,-0.195023,0.309605,-0.930651,-0.195,0.349,254.9,256.9,261.0,264.7,266.0,264.3,259.9,256.1,251.0,253.3,256.7,261.1,265.5,268.9,271.1,268.2,264.3,260.1,256.3,253.1,258.8,260.4,262.1,262.9,262.4,260.8,259.1,258.2,308.8,310.6,314.4,318.1,319.4,317.6,313.7,309.8,304.8,306.9,309.9,314.2,318.6,322.0,324.2,321.7,318.2,314.4,310.5,307.1,312.5,313.9,315.5,316.2,315.7,314.2,312.7,311.9,167.7,163.7,162.3,164.2,168.5,172.8,173.9,171.9,169.3,167.2,166.1,165.7,166.7,168.7,171.3,172.3,172.4,172.2,171.7,170.8,169.8,170.6,170.0,168.3,166.6,165.7,166.3,168.0,169.8,166.1,164.8,166.6,170.5,174.2,175.5,173.9,171.9,169.5,168.0,167.6,168.5,169.9,172.1,174.0,175.0,175.2,174.7,173.6,171.5,172.3,171.8,170.2,168.6,167.9,168.4,169.9,-9.7,-7.5,-3.2,0.8,2.1,0.3,-4.4,-8.3,-13.8,-11.3,-7.6,-3.1,1.6,5.1,7.5,4.4,0.3,-4.1,-8.1,-11.5,-5.5,-3.8,-2.0,-1.1,-1.7,-3.3,-5.2,-6.1,49.1,51.0,55.2,59.2,60.7,58.8,54.6,50.3,45.0,47.0,50.2,54.8,59.6,63.7,66.5,63.5,59.4,55.2,51.0,47.4,53.2,54.9,56.6,57.3,56.7,55.1,53.4,52.6,-87.0,-91.2,-92.6,-90.3,-85.7,-81.2,-80.1,-82.4,-86.0,-87.6,-88.4,-88.5,-87.4,-85.5,-82.9,-81.7,-81.5,-81.6,-82.4,-83.9,-84.7,-83.7,-84.3,-86.1,-88.0,-89.0,-88.4,-86.6,-87.9,-91.9,-93.3,-91.3,-87.1,-83.1,-81.7,-83.5,-86.1,-88.3,-89.6,-89.9,-89.1,-88.0,-86.0,-83.6,-82.3,-81.9,-82.6,-84.0,-86.2,-85.3,-85.9,-87.5,-89.3,-90.1,-89.5,-87.9,493.1,493.2,492.4,491.2,490.3,490.5,491.1,492.3,497.1,494.2,491.4,489.7,489.8,490.8,492.1,490.8,489.7,489.8,491.5,494.2,492.8,492.3,491.9,491.9,492.3,492.8,493.1,493.1,511.4,510.9,510.7,510.9,511.4,511.9,512.2,512.3,514.4,512.0,510.0,508.9,510.0,512.6,515.6,513.7,511.9,511.1,511.5,513.1,512.4,512.5,512.4,512.2,512.0,511.9,512.0,512.2,22.9,-44.5,501.3,0.293,0.24,0.038,0.02,0.0,0.0,0.01,0.0,0.49,0.09,0.0,0.01,0.0,0.01,0.13,0.04,0.0,0.51,0.29
-0.12262,0.445281,-0.886955,-0.26123,0.408654,-0.874506,-0.215,0.451,256.4,257.9,261.5,265.1,266.5,265.2,261.3,257.8,252.2,254.7,257.8,261.5,265.2,268.3,270.6,268.3,265.0,261.2,257.7,254.6,259.9,261.4,263.0,263.7,263.1,261.5,259.9,259.3,308.5,310.5,314.3,317.6,318.6,316.6,312.8,309.2,305.5,307.6,310.5,314.4,318.5,322.0,324.8,321.8,318.1,314.2,310.4,307.4,312.0,313.4,315.0,315.8,315.4,314.0,312.4,311.6,168.3,164.7,163.2,164.8,168.4,172.2,173.4,171.9,169.6,168.3,167.3,166.8,167.1,168.0,169.4,170.2,170.3,170.5,170.5,170.3,170.1,170.7,170.1,168.5,166.9,166.3,166.9,168.5,170.8,167.2,166.1,168.0,171.9,175.4,176.6,174.9,171.5,170.6,170.0,170.0,171.0,172.4,174.0,174.4,174.2,173.7,173.1,172.7,172.9,173.7,173.2,171.7,170.1,169.3,169.8,171.3,-9.4,-7.5,-3.0,1.3,3.1,1.5,-3.3,-7.6,-14.6,-11.5,-7.6,-3.1,1.5,5.3,8.1,5.2,1.2,-3.4,-7.7,-11.6,-5.1,-3.2,-1.2,-0.4,-1.1,-3.1,-5.0,-5.8,51.8,54.1,58.4,62.1,63.1,60.8,56.5,52.5,48.5,50.7,53.9,58.2,62.9,67.2,70.7,66.9,62.5,58.0,53.7,50.4,55.7,57.3,59.1,60.1,59.7,58.1,56.3,55.3,-100.5,-105.0,-106.9,-104.9,-100.2,-95.3,-93.9,-95.8,-99.5,-100.7,-101.5,-102.0,-101.6,-100.7,-99.4,-98.0,-97.5,-97.3,-97.4,-98.1,-98.3,-97.4,-98.2,-100.2,-102.2,-103.1,-102.3,-100.3,-92.1,-96.2,-97.4,-95.0,-90.3,-86.2,-85.0,-87.1,-91.7,-92.4,-92.7,-92.3,-91.2,-89.9,-88.3,-87.5,-87.5,-88.0,-88.9,-89.9,-89.6,-88.5,-89.0,-90.8,-92.8,-93.8,-93.3,-91.5,573.8,574.6,574.8,574.0,572.9,572.2,571.9,572.6,577.2,574.7,572.6,571.6,572.0,573.4,575.1,572.9,571.1,570.6,571.9,574.2,573.9,573.6,573.6,574.0,574.5,574.8,574.7,574.4,542.5,542.6,541.8,540.5,539.4,539.3,540.1,541.7,545.2,542.8,540.4,538.9,539.1,540.5,542.7,540.3,538.8,538.6,539.9,542.5,541.9,541.4,541.0,541.1,541.6,542.1,542.5,542.4,23.5,-46.2,504.5,0.291,0.233,0.043,0.02,0.0,0.0,0.0,0.0,1.05,0.2,0.0,0.05,0.0,0.07,0.13,0.05,0.0,0.61,0.33
-0.126408,0.440178,-0.888968,-0.270448,0.395964,-0.877537,-0.221,0.442,255.9,257.4,261.0,264.5,266.0,264.8,260.9,257.3,251.7,254.1,257.2,260.9,264.7,267.8,270.1,267.8,264.4,260.7,257.2,254.1,259.4,261.0,262.6,263.2,262.6,261.0,259.4,258.8,308.2,310.2,313.9,317.2,318.0,315.9,312.2,308.8,305.3,307.3,310.2,313.9,317.9,321.4,324.1,321.1,317.5,313.7,310.0,307.1,311.5,312.9,314.5,315.3,315.0,313.6,312.0,311.2,166.4,162.8,161.3,162.7,166.3,170.2,171.4,169.9,167.8,166.4,165.4,164.8,165.1,166.0,167.2,168.1,168.3,168.5,168.6,168.4,168.1,168.7,168.1,166.5,164.9,164.3,165.0,166.5,168.4,164.9,163.8,165.7,169.5,172.9,174.1,172.5,169.3,168.2,167.6,167.6,168.7,170.2,171.9,172.3,172.0,171.4,170.8,170.3,170.5,171.3,170.8,169.4,167.8,167.0,167.4,168.9,-10.0,-8.1,-3.7,0.7,2.5,1.0,-3.8,-8.1,-15.2,-12.2,-8.3,-3.8,0.8,4.6,7.5,4.6,0.5,-4.0,-8.3,-12.2,-5.6,-3.7,-1.8,-1.0,-1.8,-3.7,-5.6,-6.4,52.1,54.5,58.8,62.4,63.2,60.8,56.5,52.7,48.9,51.1,54.2,58.4,63.1,67.3,70.8,66.9,62.5,58.1,54.0,50.7,55.9,57.5,59.3,60.3,60.0,58.4,56.6,55.6,-102.4,-107.0,-108.9,-107.0,-102.4,-97.5,-95.9,-97.8,-101.2,-102.5,-103.4,-103.9,-103.7,-102.8,-101.6,-100.1,-99.6,-99.3,-99.4,-99.9,-100.3,-99.5,-100.3,-102.3,-104.3,-105.1,-104.3,-102.3,-96.2,-100.3,-101.5,-99.0,-94.3,-90.2,-89.0,-91.2,-95.6,-96.4,-96.8,-96.4,-95.1,-93.6,-91.9,-91.2,-91.3,-91.9,-92.9,-93.9,-93.6,-92.5,-93.0,-94.8,-96.7,-97.8,-97.3,-95.6,571.3,572.3,572.5,571.8,570.6,569.8,569.4,570.2,574.9,572.3,570.2,569.2,569.7,571.1,572.7,570.5,568.7,568.2,569.5,571.8,571.4,571.1,571.2,571.6,572.1,572.5,572.4,572.0,550.1,550.4,549.5,548.0,546.7,546.3,547.2,549.0,552.7,550.3,547.9,546.3,546.2,547.5,549.5,547.2,545.8,545.7,547.2,549.9,549.3,548.6,548.3,548.4,549.0,549.6,550.0,549.9,23.1,-48.1,503.6,0.285,0.247,0.041,0.02,0.0,0.0,0.0,0.0,1.52,0.35,0.0,0.07,0.0,0.12,0.18,0.03,0.0,0.58,0.41
-0.12413,0.450307,-0.884203,-0.262236,0.403063,-0.876797,-0.216,0.451,255.9,257.4,261.0,264.6,266.0,264.8,261.0,257.4,251.6,254.0,257.2,260.9,264.7,267.8,270.1,267.8,264.5,260.8,257.2,254.0,259.4,261.0,262.6,263.2,262.6,261.0,259.4,258.8,308.2,310.3,314.0,317.3,318.1,316.1,312.3,308.8,305.2,307.3,310.2,314.0,317.9,321.3,324.1,321.1,317.5,313.7,310.0,307.0,311.6,313.0,314.5,315.4,315.1,313.7,312.1,311.2,166.4,162.7,161.2,162.7,166.3,170.2,171.4,169.9,167.8,166.4,165.4,164.8,165.0,165.9,167.2,168.1,168.3,168.5,168.6,168.4,168.1,168.7,168.1,166.5,164.9,164.3,164.9,166.5,168.4,165.0,163.9,165.7,169.5,172.9,174.0,172.4,169.3,168.3,167.6,167.7,168.7,170.2,172.0,172.2,171.9,171.4,170.8,170.3,170.5,171.3,170.8,169.4,167.8,167.0,167.5,168.9,-9.9,-8.1,-3.7,0.7,2.5,1.0,-3.7,-8.1,-15.3,-12.2,-8.3,-3.7,0.8,4.6,7.4,4.6,0.6,-3.9,-8.3,-12.2,-5.6,-3.7,-1.8,-1.0,-1.8,-3.7,-5.6,-6.4,52.3,54.7,59.1,62.8,63.6,61.1,56.8,52.9,48.9,51.2,54.4,58.7,63.3,67.5,71.0,67.1,62.7,58.3,54.1,50.8,56.2,57.7,59.6,60.6,60.3,58.7,56.9,55.8,-102.3,-106.9,-108.8,-106.9,-102.3,-97.4,-95.9,-97.7,-101.2,-102.5,-103.3,-103.9,-103.7,-102.8,-101.6,-100.1,-99.6,-99.2,-99.3,-99.9,-100.3,-99.4,-100.3,-102.3,-104.3,-105.1,-104.3,-102.3,-96.5,-100.6,-101.8,-99.3,-94.7,-90.5,-89.3,-91.5,-95.9,-96.7,-97.1,-96.7,-95.4,-93.9,-92.2,-91.5,-91.6,-92.2,-93.2,-94.1,-93.8,-92.8,-93.3,-95.1,-97.1,-98.1,-97.6,-95.8,570.8,571.7,571.9,571.4,570.4,569.7,569.3,569.8,574.4,571.8,569.8,568.8,569.4,570.9,572.7,570.5,568.5,568.0,569.1,571.4,571.1,570.9,571.0,571.4,571.8,572.0,571.9,571.6,551.6,552.2,551.5,550.0,548.5,548.0,548.7,550.5,554.2,551.9,549.6,548.1,548.1,549.4,551.4,549.0,547.6,547.4,548.8,551.4,550.9,550.3,550.0,550.2,550.8,551.5,551.8,551.5,23.1,-48.2,502.8,0.298,0.245,0.041,0.0,0.0,0.0,0.0,0.0,1.38,0.37,0.0,0.06,0.0,0.12,0.15,0.03,0.0,0.56,0.48
-0.125931,0.42041,-0.898553,-0.230883,0.339106,-0.911976,-0.195,0.397,255.4,257.0,260.6,264.2,265.7,264.3,260.5,256.8,250.6,253.3,256.8,260.8,264.6,267.4,269.2,267.1,264.0,260.4,256.7,253.3,258.8,260.4,262.0,262.7,262.0,260.5,258.9,258.2,307.7,309.8,313.8,317.3,318.4,316.4,312.4,308.5,303.9,306.4,309.7,313.8,317.8,321.0,323.3,320.7,317.3,313.6,309.7,306.3,311.2,312.7,314.5,315.4,314.9,313.4,311.6,310.7,164.7,161.0,159.6,161.2,165.0,169.0,170.1,168.5,166.0,164.5,163.6,163.2,163.7,165.0,166.7,167.6,167.8,167.9,167.7,167.1,166.5,167.3,166.6,165.0,163.4,162.7,163.3,164.9,166.5,163.2,162.3,164.1,167.7,171.0,172.0,170.4,168.7,167.0,165.8,165.7,167.0,168.9,171.1,171.2,170.8,170.2,169.7,169.4,168.8,169.6,169.2,167.8,166.2,165.4,165.8,167.2,-10.2,-8.4,-4.0,0.2,2.0,0.4,-4.2,-8.5,-16.0,-12.7,-8.5,-3.7,0.7,4.0,6.2,3.7,0.0,-4.3,-8.6,-12.7,-6.1,-4.3,-2.4,-1.6,-2.3,-4.2,-6.1,-6.9,49.1,51.6,56.2,60.1,61.1,58.6,54.0,49.8,45.0,47.6,51.3,55.8,60.3,64.1,67.0,63.7,59.6,55.3,51.1,47.4,53.0,54.7,56.7,57.8,57.4,55.6,53.6,52.5,-101.1,-105.6,-107.4,-105.5,-101.0,-96.2,-94.7,-96.6,-100.1,-101.4,-102.2,-102.7,-102.3,-101.2,-99.5,-98.0,-97.3,-97.0,-97.4,-98.4,-99.1,-98.3,-99.1,-101.1,-103.0,-103.9,-103.0,-101.1,-93.9,-97.9,-99.1,-96.8,-92.3,-88.4,-87.2,-89.1,-91.6,-93.3,-94.3,-94.4,-93.1,-91.2,-89.0,-88.4,-88.6,-89.1,-89.7,-90.3,-91.2,-90.2,-90.7,-92.5,-94.4,-95.4,-94.9,-93.1,553.1,553.8,554.6,554.9,554.6,554.1,553.1,552.8,555.8,553.7,552.1,551.9,553.2,555.3,557.5,555.2,552.8,551.6,552.1,553.6,554.2,554.4,554.7,555.0,555.1,555.0,554.7,554.4,524.5,526.5,527.1,526.0,523.9,521.9,521.3,522.5,525.5,524.3,523.1,522.5,523.2,524.8,526.7,523.8,521.6,520.7,521.3,523.2,524.1,523.6,523.9,524.8,525.7,526.2,525.9,525.0,22.2,-48.5,499.8,0.299,0.256,0.042,0.0,0.0,0.0,0.0,0.0,1.09,0.29,0.0,0.02,0.0,0.08,0.1,0.0,0.0,0.69,0.63
-0.148058,0.391959,-0.907991,-0.227524,0.303436,-0.925289,-0.202,0.363,254.3,256.0,259.7,263.2,264.5,263.1,259.1,255.6,249.7,252.2,255.6,259.7,263.6,266.4,268.3,266.0,262.7,259.0,255.4,252.1,257.8,259.3,260.9,261.6,261.0,259.5,257.9,257.2,306.8,308.9,312.8,316.1,317.0,314.9,311.1,307.5,303.0,305.1,308.2,312.3,316.5,319.8,322.0,319.1,315.6,311.8,308.1,305.0,310.2,311.6,313.3,314.2,313.8,312.3,310.7,309.8,163.6,160.0,158.6,160.3,164.1,168.0,169.1,167.4,164.7,163.3,162.5,162.1,162.8,164.2,166.0,167.1,167.4,167.4,167.0,166.2,165.4,166.1,165.6,164.0,162.4,161.6,162.2,163.8,165.7,162.3,161.3,163.3,167.2,170.6,171.6,169.9,168.1,166.1,164.9,164.9,166.3,168.2,170.6,171.7,171.8,171.4,170.5,169.6,167.9,168.8,168.4,166.9,165.2,164.4,164.8,166.3,-11.5,-9.5,-5.1,-0.9,0.6,-1.1,-5.7,-9.9,-16.9,-13.9,-9.8,-5.0,-0.5,2.9,5.1,2.4,-1.5,-5.9,-10.1,-14.0,-7.4,-5.6,-3.7,-2.9,-3.5,-5.3,-7.2,-8.0,48.0,50.4,54.6,58.3,59.2,56.8,52.6,48.6,43.9,46.1,49.4,53.8,58.5,62.5,65.2,61.7,57.5,53.2,49.2,45.9,51.7,53.3,55.1,56.2,55.8,54.2,52.4,51.3,-101.8,-106.1,-107.8,-105.7,-101.3,-96.7,-95.3,-97.3,-101.1,-102.3,-102.9,-103.2,-102.6,-101.3,-99.5,-97.9,-97.2,-97.0,-97.6,-99.0,-99.8,-99.0,-99.7,-101.5,-103.4,-104.3,-103.6,-101.8,-94.4,-98.3,-99.4,-97.0,-92.5,-88.6,-87.5,-89.6,-92.2,-94.0,-95.0,-94.9,-93.4,-91.6,-89.2,-87.7,-87.3,-87.6,-88.7,-90.1,-91.9,-90.9,-91.3,-93.0,-94.9,-96.0,-95.5,-93.8,549.9,550.1,550.2,550.2,550.1,550.2,549.8,549.8,553.4,550.8,548.7,547.8,548.8,550.7,552.8,550.9,549.0,548.3,549.1,551.0,550.8,550.8,550.8,550.9,550.9,550.9,550.9,550.8,522.7,523.1,522.9,522.1,521.2,520.8,521.0,522.1,525.2,523.3,521.2,520.0,520.5,522.3,524.6,522.3,520.7,520.1,521.0,523.2,522.7,522.3,522.2,522.4,522.8,523.1,523.2,523.0,20.8,-48.5,498.6,0.306,0.282,0.042,0.0,0.0,0.0,0.0,0.0,0.78,0.15,0.0,0.0,0.0,0.08,0.02,0.0,0.0,0.9,0.78
-0.176407,0.367014,-0.913335,-0.234471,0.295966,-0.925974,-0.22,0.346,253.0,254.7,258.5,262.2,263.5,262.0,257.9,254.3,248.4,251.1,254.6,258.9,262.9,265.8,267.7,265.3,262.0,258.1,254.4,251.0,256.6,258.1,259.7,260.4,259.9,258.4,256.8,256.0,305.9,308.0,311.8,315.2,316.2,314.1,310.2,306.6,302.1,304.1,307.0,311.2,315.6,319.2,321.6,318.5,314.7,310.8,307.1,304.0,309.4,310.8,312.4,313.3,312.9,311.5,309.9,309.0,163.1,159.4,158.0,159.8,163.7,167.7,168.8,167.0,164.4,162.9,162.0,161.6,162.4,163.9,165.9,167.1,167.5,167.6,167.1,166.1,164.9,165.7,165.1,163.6,161.9,161.1,161.7,163.3,165.5,161.9,160.8,162.9,166.9,170.5,171.5,169.8,167.8,165.7,164.4,164.3,165.7,167.7,170.2,171.4,171.6,171.3,170.4,169.4,167.7,168.5,168.1,166.6,164.9,164.1,164.5,166.0,-12.5,-10.5,-6.2,-2.1,-0.6,-2.3,-6.9,-11.0,-17.8,-14.7,-10.6,-5.7,-1.2,2.1,4.2,1.5,-2.3,-6.6,-10.9,-14.8,-8.5,-6.7,-4.9,-4.0,-4.7,-6.4,-8.2,-9.1,45.6,47.9,52.1,55.7,56.6,54.3,50.2,46.3,41.8,43.7,46.7,51.1,55.9,60.0,62.9,59.3,55.0,50.8,46.8,43.7,49.4,51.0,52.7,53.6,53.2,51.7,50.0,49.1,-98.6,-102.8,-104.3,-102.3,-97.9,-93.4,-92.1,-94.1,-97.7,-98.9,-99.5,-99.8,-99.2,-97.9,-95.9,-94.2,-93.4,-93.2,-93.9,-95.4,-96.6,-95.8,-96.4,-98.2,-100.1,-100.9,-100.3,-98.5,-92.1,-96.0,-97.0,-94.6,-90.2,-86.3,-85.2,-87.4,-90.1,-92.0,-93.0,-92.8,-91.3,-89.5,-87.1,-85.5,-85.0,-85.4,-86.5,-88.0,-89.7,-88.7,-89.1,-90.8,-92.6,-93.6,-93.2,-91.5,529.2,529.2,529.3,529.3,529.3,529.6,529.3,529.3,532.6,530.0,527.9,527.1,528.2,530.3,532.5,530.7,528.7,527.9,528.6,530.4,530.1,530.1,530.1,530.1,530.1,530.1,530.1,530.1,508.5,508.6,508.0,507.0,506.3,506.3,506.9,508.1,511.7,509.4,507.1,505.4,505.6,507.2,509.5,507.5,506.2,506.0,507.1,509.5,508.4,508.0,507.7,507.8,508.0,508.4,508.7,508.7,19.6,-48.5,497.8,0.3,0.294,0.043,0.0,0.0,0.0,0.0,0.0,0.58,0.04,0.0,0.0,0.0,0.07,0.0,0.0,0.0,1.11,0.83
-0.191956,0.357812,-0.913851,-0.251625,0.280192,-0.926379,-0.237,0.334,252.3,254.2,258.1,261.7,263.0,261.4,257.2,253.6,248.3,250.7,254.0,258.2,262.4,265.5,267.7,265.0,261.4,257.4,253.7,250.5,256.0,257.6,259.2,260.0,259.5,257.9,256.3,255.5,305.0,307.1,311.0,314.4,315.3,313.2,309.3,305.7,301.4,303.3,306.2,310.4,314.9,318.6,321.1,318.0,314.1,310.1,306.3,303.2,308.6,310.0,311.6,312.5,312.1,310.7,309.0,308.2,163.0,159.2,157.9,159.8,163.8,167.9,168.9,167.0,164.2,162.7,161.9,161.6,162.4,164.0,166.2,167.3,167.6,167.6,167.0,165.9,165.0,165.8,165.2,163.6,161.9,161.1,161.7,163.3,165.5,161.9,160.8,162.9,167.0,170.6,171.7,169.8,167.8,165.7,164.4,164.4,165.8,167.8,170.4,171.6,171.9,171.5,170.6,169.5,167.7,168.6,168.1,166.6,164.9,164.1,164.5,166.0,-13.0,-11.0,-6.6,-2.5,-1.1,-2.9,-7.5,-11.6,-17.6,-14.9,-11.1,-6.4,-1.8,1.7,4.1,1.1,-2.9,-7.3,-11.4,-15.1,-8.9,-7.2,-5.3,-4.4,-5.0,-6.8,-8.6,-9.5,43.9,46.1,50.1,53.7,54.6,52.4,48.4,44.6,40.2,42.1,45.0,49.3,54.1,58.3,61.2,57.6,53.3,49.1,45.2,42.1,47.7,49.1,50.8,51.7,51.3,49.9,48.2,47.3,-96.9,-101.1,-102.5,-100.3,-95.7,-91.3,-90.2,-92.4,-96.3,-97.5,-97.9,-97.9,-97.1,-95.6,-93.6,-92.0,-91.4,-91.4,-92.3,-93.9,-94.8,-93.8,-94.4,-96.2,-98.1,-99.1,-98.5,-96.7,-90.4,-94.2,-95.2,-92.8,-88.3,-84.5,-83.5,-85.7,-88.6,-90.3,-91.2,-91.0,-89.4,-87.6,-85.3,-83.6,-83.2,-83.5,-84.7,-86.3,-88.0,-87.0,-87.4,-89.0,-90.8,-91.9,-91.4,-89.8,520.1,519.8,519.2,518.6,518.3,518.8,519.2,519.8,523.9,521.0,518.4,517.0,517.4,518.9,520.8,519.3,517.9,517.7,519.1,521.4,520.3,520.0,519.8,519.7,519.8,520.0,520.3,520.4,499.2,498.9,498.0,497.1,496.6,496.9,497.8,499.1,502.6,500.1,497.6,495.7,495.9,497.5,499.9,498.1,496.9,496.8,498.1,500.5,499.0,498.6,498.3,498.1,498.3,498.7,499.1,499.2,18.7,-48.6,498.7,0.286,0.305,0.046,0.0,0.0,0.0,0.0,0.0,0.39,0.03,0.0,0.0,0.0,0.07,0.0,0.0,0.0,1.07,0.73
-0.190444,0.361288,-0.912799,-0.244617,0.273991,-0.930103,-0.232,0.332,251.9,253.8,257.6,261.2,262.5,260.9,256.8,253.2,247.9,250.2,253.6,257.7,261.8,264.9,267.0,264.4,260.8,256.9,253.2,250.1,255.6,257.1,258.8,259.5,259.0,257.5,255.9,255.1,304.5,306.5,310.4,313.9,314.9,312.9,309.0,305.2,300.5,302.7,305.9,310.2,314.5,317.8,319.9,317.1,313.6,309.8,306.0,302.6,308.0,309.4,311.1,311.9,311.5,310.0,308.4,307.5,163.3,159.6,158.3,160.2,164.1,168.2,169.2,167.3,164.4,162.9,162.0,161.8,162.6,164.3,166.5,167.6,167.9,167.9,167.3,166.2,165.3,166.1,165.5,163.9,162.3,161.5,162.0,163.6,165.9,162.4,161.3,163.3,167.3,170.9,172.0,170.2,168.2,166.1,164.8,164.7,166.1,168.0,170.6,171.9,172.3,172.0,171.1,170.0,168.1,168.9,168.5,167.0,165.3,164.5,164.9,166.4,-13.6,-11.5,-7.2,-3.1,-1.7,-3.5,-8.1,-12.2,-18.3,-15.5,-11.7,-7.0,-2.4,1.1,3.4,0.4,-3.6,-8.0,-12.1,-15.7,-9.4,-7.7,-5.9,-5.0,-5.6,-7.3,-9.2,-10.0,44.2,46.4,50.7,54.4,55.5,53.2,49.0,44.9,40.0,42.3,45.6,50.2,54.9,58.8,61.3,58.1,54.0,49.8,45.7,42.2,48.0,49.6,51.4,52.3,51.9,50.3,48.5,47.6,-97.4,-101.6,-103.0,-100.7,-96.2,-91.8,-90.7,-92.9,-96.9,-98.1,-98.6,-98.6,-97.7,-96.1,-94.0,-92.5,-91.9,-92.0,-92.8,-94.5,-95.3,-94.3,-94.9,-96.7,-98.6,-99.5,-99.0,-97.2,-91.7,-95.7,-96.8,-94.5,-90.1,-86.2,-85.0,-87.1,-89.7,-91.6,-92.7,-92.6,-91.3,-89.5,-87.2,-85.3,-84.6,-84.8,-85.9,-87.4,-89.4,-88.5,-89.0,-90.6,-92.5,-93.4,-92.9,-91.3,524.7,524.4,523.8,523.2,523.0,523.5,523.9,524.4,528.6,525.7,523.0,521.6,522.1,523.6,525.4,524.0,522.6,522.5,523.8,526.1,524.9,524.7,524.4,524.3,524.4,524.7,524.9,525.0,509.1,509.3,509.2,508.9,508.4,508.2,508.3,508.9,511.7,509.7,507.8,506.8,507.7,509.8,512.4,510.2,508.3,507.5,508.1,509.9,509.5,509.4,509.3,509.4,509.6,509.8,509.8,509.7,18.1,-48.5,499.5,0.285,0.314,0.048,0.0,0.0,0.0,0.0,0.0,0.31,0.05,0.0,0.0,0.0,0.05,0.12,0.0,0.0,0.89,0.46
-0.179424,0.35445,-0.917699,-0.244976,0.271138,-0.930844,-0.226,0.326,251.7,253.6,257.6,261.2,262.5,260.9,256.7,253.0,247.4,249.8,253.3,257.5,261.8,264.9,267.0,264.3,260.6,256.6,252.9,249.7,255.5,257.0,258.7,259.5,258.9,257.4,255.8,255.0,304.4,306.5,310.5,314.0,315.0,312.9,308.9,305.1,300.4,302.5,305.5,309.9,314.5,318.2,320.6,317.5,313.6,309.5,305.7,302.4,308.0,309.5,311.2,312.0,311.6,310.1,308.5,307.6,163.5,159.7,158.4,160.4,164.4,168.5,169.5,167.6,164.6,162.9,162.0,161.8,162.8,164.6,166.9,168.0,168.2,168.1,167.5,166.4,165.5,166.3,165.8,164.2,162.5,161.7,162.2,163.8,166.5,162.8,161.6,163.7,167.9,171.6,172.7,170.8,168.7,166.5,165.1,165.0,166.5,168.5,171.2,172.7,173.0,172.7,171.8,170.6,168.7,169.5,169.1,167.5,165.8,164.9,165.4,166.9,-13.5,-11.4,-7.1,-3.0,-1.7,-3.5,-8.1,-12.1,-18.4,-15.6,-11.8,-7.1,-2.5,1.0,3.3,0.3,-3.7,-8.1,-12.2,-15.9,-9.4,-7.7,-5.9,-5.0,-5.6,-7.3,-9.1,-10.0,42.4,44.6,48.7,52.3,53.3,51.1,47.0,43.2,38.5,40.5,43.4,47.8,52.7,56.7,59.6,56.1,51.8,47.6,43.6,40.4,46.2,47.7,49.4,50.3,49.9,48.4,46.7,45.8,-95.2,-99.4,-100.7,-98.5,-94.0,-89.6,-88.5,-90.7,-94.8,-96.1,-96.6,-96.6,-95.7,-94.0,-91.7,-90.2,-89.8,-89.8,-90.7,-92.4,-93.1,-92.2,-92.8,-94.5,-96.4,-97.3,-96.7,-95.0,-87.6,-91.5,-92.6,-90.2,-85.8,-82.0,-80.9,-83.0,-85.8,-87.8,-88.8,-88.6,-87.1,-85.3,-82.9,-81.1,-80.5,-80.8,-81.9,-83.5,-85.3,-84.4,-84.8,-86.4,-88.3,-89.3,-88.8,-87.2,514.1,513.8,513.3,512.8,512.6,513.1,513.4,513.9,518.2,515.3,512.6,511.2,511.7,513.2,515.0,513.6,512.2,512.0,513.3,515.7,514.4,514.2,513.9,513.8,513.9,514.1,514.4,514.5,489.6,489.4,488.8,488.0,487.6,487.8,488.5,489.5,492.9,490.5,488.1,486.5,486.9,488.6,491.1,489.2,487.9,487.6,488.6,490.9,489.7,489.3,489.1,489.0,489.2,489.5,489.8,489.8,17.7,-48.5,500.1,0.277,0.313,0.052,0.0,0.0,0.0,0.0,0.0,0.25,0.08,0.0,0.0,0.0,0.13,0.21,0.0,0.03,0.67,0.27
-0.193516,0.337264,-0.921306,-0.25281,0.256946,-0.932773,-0.236,0.31,251.5,253.4,257.3,261.0,262.3,260.7,256.4,252.8,247.6,249.8,253.2,257.4,261.8,264.9,267.1,264.3,260.5,256.5,252.8,249.7,255.3,256.8,258.5,259.3,258.8,257.2,255.6,254.8,304.4,306.5,310.5,314.0,315.0,312.8,308.8,305.1,300.6,302.6,305.7,310.0,314.6,318.4,321.0,317.7,313.7,309.6,305.7,302.5,308.0,309.5,311.1,312.0,311.6,310.2,308.5,307.6,163.9,160.0,158.7,160.6,164.7,168.9,169.9,168.0,165.3,163.5,162.5,162.2,163.2,165.1,167.6,168.7,168.9,168.8,168.2,167.1,165.9,166.7,166.2,164.5,162.8,162.0,162.6,164.2,166.5,162.8,161.7,163.8,167.9,171.6,172.8,170.9,168.9,166.7,165.3,165.1,166.7,168.8,171.6,172.8,173.0,172.6,171.7,170.7,168.8,169.7,169.2,167.6,165.9,165.0,165.5,167.1,-13.6,-11.5,-7.2,-3.2,-1.9,-3.6,-8.2,-12.2,-18.0,-15.5,-11.7,-7.1,-2.4,1.0,3.3,0.3,-3.7,-8.1,-12.2,-15.6,-9.5,-7.8,-6.0,-5.1,-5.7,-7.4,-9.2,-10.1,42.1,44.3,48.4,51.9,52.8,50.5,46.5,42.7,38.4,40.3,43.2,47.5,52.4,56.5,59.4,55.8,51.5,47.2,43.3,40.2,45.8,47.3,49.0,49.9,49.5,48.1,46.4,45.4,-93.6,-97.8,-99.1,-96.8,-92.3,-87.9,-86.9,-89.1,-92.8,-94.3,-94.8,-94.9,-93.8,-92.0,-89.5,-88.2,-87.8,-87.9,-88.8,-90.4,-91.4,-90.5,-91.0,-92.8,-94.7,-95.7,-95.1,-93.3,-86.9,-90.8,-91.8,-89.4,-85.0,-81.2,-80.1,-82.3,-85.0,-86.9,-87.9,-87.8,-86.2,-84.3,-81.7,-80.1,-79.7,-80.1,-81.3,-82.8,-84.5,-83.5,-84.0,-85.6,-87.4,-88.4,-88.0,-86.4,507.4,507.1,506.4,505.5,505.1,505.5,506.1,506.9,511.5,508.6,505.7,504.1,504.3,505.6,507.2,506.0,504.8,504.9,506.4,508.9,507.3,507.0,506.6,506.5,506.7,507.1,507.4,507.5,485.9,485.9,485.1,484.1,483.3,483.4,484.1,485.5,489.2,486.8,484.4,482.6,482.8,484.3,486.5,484.6,483.3,483.2,484.5,486.9,485.6,485.2,484.9,484.9,485.2,485.6,485.9,485.9,18.1,-48.4,500.9,0.275,0.3,0.051,0.0,0.0,0.0,0.0,0.0,0.15,0.07,0.0,0.0,0.0,0.11,0.27,0.0,0.07,0.38,0.08
-0.198516,0.359912,-0.911622,-0.239782,0.288543,-0.926956,-0.234,0.339,251.4,253.4,257.4,261.1,262.3,260.6,256.4,252.7,247.3,249.9,253.4,257.8,261.9,265.0,266.9,264.3,260.7,256.7,252.9,249.6,255.2,256.7,258.4,259.3,258.7,257.2,255.5,254.7,304.4,306.4,310.3,313.9,315.0,313.0,309.0,305.2,300.3,302.5,305.8,310.2,314.5,317.9,319.9,317.3,313.7,309.9,306.0,302.5,308.0,309.4,311.0,311.8,311.4,310.0,308.4,307.6,164.3,160.5,159.2,161.2,165.3,169.5,170.4,168.4,165.2,163.6,162.8,162.6,163.6,165.5,167.9,169.1,169.3,169.2,168.5,167.1,166.4,167.2,166.7,165.1,163.3,162.5,163.0,164.6,167.3,163.6,162.5,164.5,168.5,172.1,173.3,171.5,169.5,167.1,165.7,165.4,166.8,168.7,171.4,172.9,173.4,173.2,172.4,171.3,169.3,170.1,169.7,168.2,166.6,165.7,166.2,167.7,-13.8,-11.6,-7.2,-3.2,-1.8,-3.7,-8.4,-12.4,-18.4,-15.5,-11.5,-6.8,-2.2,1.1,3.2,0.3,-3.6,-8.0,-12.2,-15.8,-9.7,-8.0,-6.1,-5.2,-5.8,-7.5,-9.3,-10.3,43.6,45.8,50.0,53.8,55.0,52.8,48.6,44.5,39.4,41.7,45.0,49.6,54.4,58.3,60.8,57.7,53.7,49.4,45.3,41.7,47.6,49.1,50.8,51.7,51.2,49.7,48.0,47.1,-94.0,-98.1,-99.4,-97.2,-92.7,-88.3,-87.2,-89.5,-93.7,-95.0,-95.4,-95.4,-94.4,-92.7,-90.3,-88.9,-88.3,-88.4,-89.3,-91.1,-91.9,-90.9,-91.5,-93.2,-95.1,-96.1,-95.5,-93.8,-89.3,-93.3,-94.5,-92.3,-87.9,-84.0,-82.7,-84.7,-87.4,-89.5,-90.8,-90.9,-89.7,-88.0,-85.5,-83.5,-82.6,-82.7,-83.6,-85.1,-87.2,-86.3,-86.8,-88.4,-90.2,-91.1,-90.6,-89.0,512.0,511.7,511.2,510.9,510.9,511.5,511.7,512.0,515.6,512.8,510.4,509.2,510.0,511.8,513.8,512.3,510.7,510.3,511.3,513.4,512.6,512.4,512.2,512.1,512.1,512.2,512.4,512.6,503.7,503.8,503.8,503.7,503.5,503.3,503.3,503.7,506.3,504.3,502.5,501.6,502.7,505.0,507.7,505.4,503.5,502.5,502.9,504.7,504.3,504.3,504.2,504.3,504.4,504.5,504.5,504.4,18.3,-48.2,502.1,0.283,0.296,0.048,0.0,0.0,0.0,0.0,0.0,0.06,0.08,0.0,0.03,0.0,0.08,0.21,0.0,0.11,0.16,0.04
-0.189079,0.361832,-0.912867,-0.257165,0.281106,-0.924579,-0.238,0.337,251.5,253.5,257.5,261.2,262.4,260.7,256.5,252.8,247.4,249.9,253.4,257.7,261.9,265.0,266.9,264.3,260.7,256.7,253.0,249.7,255.3,256.8,258.5,259.4,258.8,257.3,255.6,254.7,304.3,306.5,310.5,314.0,315.0,312.9,308.9,305.1,300.7,302.6,305.5,309.8,314.6,318.7,321.6,318.1,313.9,309.6,305.7,302.6,308.1,309.6,311.3,312.1,311.7,310.2,308.6,307.7,164.9,161.0,159.7,161.7,165.8,170.0,171.0,169.0,165.9,164.2,163.3,163.1,164.1,165.9,168.4,169.5,169.7,169.7,169.0,167.7,166.9,167.7,167.2,165.6,163.8,163.0,163.5,165.2,167.5,163.7,162.5,164.6,168.9,172.7,174.0,172.1,169.8,167.5,166.0,165.7,167.2,169.3,172.1,173.5,173.8,173.5,172.7,171.6,169.8,170.7,170.2,168.6,166.8,165.9,166.4,168.0,-13.7,-11.6,-7.2,-3.1,-1.7,-3.6,-8.3,-12.4,-18.4,-15.5,-11.6,-6.9,-2.3,1.1,3.2,0.3,-3.6,-8.0,-12.1,-15.8,-9.6,-7.9,-6.0,-5.1,-5.7,-7.4,-9.3,-10.2,40.9,43.0,47.0,50.4,51.4,49.3,45.4,41.7,37.5,39.3,41.9,46.1,50.9,55.2,58.3,54.6,50.2,46.0,42.2,39.2,44.7,46.1,47.8,48.6,48.2,46.8,45.2,44.3,-93.6,-97.7,-99.1,-96.8,-92.3,-87.9,-86.8,-89.0,-93.1,-94.5,-94.9,-95.0,-94.1,-92.3,-90.0,-88.5,-87.9,-88.0,-88.9,-90.7,-91.4,-90.5,-91.0,-92.8,-94.7,-95.7,-95.1,-93.3,-83.6,-87.5,-88.5,-86.1,-81.7,-77.8,-76.8,-79.0,-81.9,-83.9,-84.9,-84.8,-83.3,-81.4,-78.9,-77.2,-76.7,-77.1,-78.2,-79.7,-81.3,-80.3,-80.7,-82.3,-84.1,-85.1,-84.7,-83.1,512.9,512.6,512.2,511.8,511.7,512.3,512.5,512.9,516.5,513.7,511.2,510.1,510.8,512.4,514.4,512.9,511.3,511.0,512.1,514.2,513.4,513.2,513.0,512.9,512.9,513.1,513.3,513.4,473.2,472.9,471.8,470.5,469.9,470.2,471.3,472.9,476.8,474.2,471.5,469.4,469.3,470.5,472.7,471.0,470.0,470.2,471.8,474.5,472.8,472.2,471.8,471.6,471.9,472.4,472.9,473.0,18.3,-47.7,501.0,0.284,0.291,0.048,0.0,0.0,0.0,0.0,0.0,0.0,0.06,0.0,0.06,0.0,0.0,0.17,0.0,0.08,0.09,0.0
-0.197879,0.36533,-0.909603,-0.242511,0.267981,-0.932403,-0.235,0.331,251.7,253.6,257.6,261.4,262.7,261.1,256.7,253.0,247.8,250.2,253.6,258.0,262.3,265.5,267.7,264.9,261.1,257.0,253.2,250.0,255.5,257.1,258.8,259.7,259.1,257.5,255.8,255.0,304.9,307.1,311.2,314.8,315.8,313.6,309.5,305.6,301.1,303.1,306.1,310.5,315.3,319.4,322.2,318.7,314.4,310.2,306.2,303.0,308.7,310.2,311.9,312.8,312.4,310.9,309.2,308.3,165.9,162.0,160.7,162.7,166.9,171.1,172.1,170.1,166.8,165.1,164.3,164.1,165.1,167.0,169.5,170.6,170.9,170.8,170.0,168.8,168.0,168.8,168.3,166.6,164.8,164.0,164.5,166.2,168.4,164.5,163.3,165.4,169.7,173.6,174.8,173.0,171.2,168.6,166.9,166.5,168.0,170.4,173.4,174.7,175.0,174.6,173.8,172.9,170.7,171.6,171.1,169.5,167.7,166.8,167.3,168.9,-13.2,-11.2,-6.8,-2.8,-1.4,-3.1,-7.8,-11.8,-17.5,-14.9,-11.1,-6.4,-1.8,1.6,3.9,0.9,-3.1,-7.5,-11.6,-15.1,-9.1,-7.4,-5.5,-4.7,-5.2,-7.0,-8.8,-9.7,41.0,43.2,47.2,50.6,51.5,49.3,45.3,41.6,37.4,39.2,42.0,46.2,51.0,55.2,58.2,54.5,50.1,45.9,42.1,39.1,44.7,46.1,47.8,48.7,48.3,46.9,45.2,44.3,-90.3,-94.4,-95.7,-93.4,-88.9,-84.6,-83.5,-85.8,-90.1,-91.4,-91.7,-91.7,-90.7,-88.9,-86.5,-85.2,-84.6,-84.8,-85.8,-87.6,-88.2,-87.2,-87.7,-89.5,-91.4,-92.4,-91.8,-90.1,-81.7,-85.6,-86.6,-84.3,-79.9,-76.0,-74.9,-77.0,-79.4,-81.7,-83.0,-83.0,-81.4,-79.3,-76.6,-75.0,-74.6,-74.9,-76.0,-77.3,-79.3,-78.3,-78.8,-80.4,-82.2,-83.2,-82.7,-81.1,501.4,500.8,499.9,499.3,499.2,500.0,500.6,501.3,505.3,502.3,499.5,497.9,498.3,499.8,501.7,500.4,499.2,499.2,500.5,502.9,501.6,501.3,500.9,500.6,500.7,501.0,501.3,501.6,467.2,467.2,466.4,465.1,464.1,464.1,465.0,466.6,470.5,468.2,465.7,463.7,463.6,464.9,466.8,465.0,463.9,464.0,465.5,468.2,466.7,466.1,465.8,465.8,466.2,466.7,467.1,467.1,18.8,-46.2,499.1,0.303,0.282,0.043,0.0,0.0,0.0,0.0,0.0,0.06,0.05,0.0,0.05,0.0,0.0,0.18,0.0,0.04,0.24,0.0
-0.185341,0.361425,-0.913795,-0.245019,0.261033,-0.933717,-0.229,0.325,252.2,254.2,258.2,261.9,263.1,261.5,257.1,253.4,248.3,250.6,254.0,258.3,262.6,265.8,267.9,265.1,261.4,257.3,253.6,250.4,256.0,257.6,259.3,260.1,259.6,258.0,256.3,255.5,305.4,307.5,311.5,315.2,316.3,314.2,310.1,306.2,301.5,303.5,306.5,310.9,315.9,320.0,322.8,319.4,315.1,310.8,306.8,303.5,309.2,310.7,312.4,313.3,312.8,311.3,309.6,308.7,166.8,162.9,161.6,163.6,167.7,171.9,173.0,171.0,168.1,166.2,165.2,164.9,166.0,168.0,170.6,171.6,171.8,171.7,171.0,169.9,168.9,169.8,169.2,167.5,165.8,164.9,165.5,167.1,169.2,165.3,164.1,166.3,170.6,174.5,175.7,173.8,171.9,169.3,167.7,167.4,168.9,171.0,173.9,175.8,176.4,176.2,175.3,174.0,171.5,172.4,171.9,170.2,168.4,167.5,168.0,169.7,-12.7,-10.6,-6.3,-2.3,-0.9,-2.7,-7.4,-11.4,-17.1,-14.5,-10.7,-6.1,-1.5,2.0,4.2,1.2,-2.8,-7.2,-11.2,-14.7,-8.6,-6.9,-5.1,-4.2,-4.7,-6.5,-8.3,-9.2,40.8,42.8,46.8,50.3,51.3,49.3,45.4,41.6,37.3,39.0,41.8,45.9,50.8,55.0,58.1,54.5,50.2,46.0,42.2,39.2,44.6,46.0,47.7,48.5,48.1,46.6,45.0,44.1,-89.8,-93.9,-95.3,-93.0,-88.4,-84.0,-82.9,-85.2,-89.1,-90.6,-91.2,-91.3,-90.2,-88.3,-85.7,-84.4,-84.0,-84.1,-85.1,-86.7,-87.5,-86.5,-87.1,-88.9,-90.8,-91.8,-91.3,-89.5,-79.7,-83.5,-84.5,-82.2,-77.9,-74.1,-73.1,-75.2,-77.7,-79.8,-80.9,-80.9,-79.4,-77.6,-75.2,-73.1,-72.3,-72.4,-73.6,-75.2,-77.5,-76.5,-76.9,-78.5,-80.3,-81.3,-80.8,-79.3,503.8,503.6,502.8,502.0,501.5,501.9,502.4,503.3,507.7,504.8,502.1,500.5,500.8,502.1,503.7,502.4,501.2,501.2,502.6,505.1,503.7,503.4,503.0,503.0,503.2,503.5,503.8,503.9,460.5,460.1,459.1,458.1,457.8,458.2,459.2,460.5,464.1,461.6,458.9,456.9,457.1,458.6,461.0,459.4,458.3,458.4,459.7,462.1,460.3,459.9,459.5,459.3,459.5,459.9,460.3,460.5,19.2,-45.2,499.3,0.309,0.281,0.042,0.0,0.0,0.0,0.0,0.0,0.2,0.04,0.0,0.03,0.0,0.0,0.14,0.0,0.0,0.41,0.0
-0.194258,0.362373,-0.911564,-0.244711,0.268364,-0.931717,-0.234,0.33,252.3,254.2,258.3,262.2,263.5,261.9,257.5,253.6,248.3,250.7,254.3,258.7,263.2,266.5,268.7,265.8,262.0,257.8,253.9,250.5,256.2,257.9,259.6,260.4,259.9,258.2,256.5,255.7,305.8,307.8,311.8,315.4,316.5,314.4,310.4,306.6,302.1,304.0,306.9,311.3,316.1,320.1,322.8,319.5,315.4,311.2,307.2,304.0,309.5,311.0,312.7,313.5,313.1,311.6,310.0,309.1,167.2,163.2,161.8,163.9,168.2,172.5,173.6,171.5,168.1,166.4,165.6,165.4,166.5,168.4,171.0,172.1,172.4,172.2,171.5,170.1,169.3,170.2,169.6,167.9,166.1,165.2,165.8,167.5,169.6,165.8,164.6,166.7,170.9,174.8,176.0,174.1,172.1,169.6,168.0,167.7,169.2,171.3,174.3,176.1,176.7,176.5,175.5,174.3,171.8,172.7,172.2,170.6,168.9,168.0,168.5,170.1,-12.3,-10.2,-5.9,-1.9,-0.5,-2.2,-6.8,-10.9,-16.6,-13.9,-10.1,-5.5,-0.9,2.6,4.9,1.9,-2.1,-6.5,-10.6,-14.1,-8.1,-6.4,-4.6,-3.7,-4.3,-6.0,-7.9,-8.7,42.1,44.2,48.1,51.6,52.6,50.6,46.6,42.9,38.7,40.4,43.1,47.3,52.2,56.4,59.4,55.8,51.5,47.3,43.5,40.5,45.9,47.3,48.9,49.8,49.4,47.9,46.3,45.5,-86.6,-90.7,-91.9,-89.7,-85.2,-80.9,-79.9,-82.1,-86.4,-87.6,-87.9,-87.8,-86.8,-85.1,-82.8,-81.4,-80.9,-81.0,-82.0,-83.9,-84.5,-83.5,-84.1,-85.8,-87.7,-88.6,-88.1,-86.4,-81.1,-84.9,-85.9,-83.6,-79.2,-75.4,-74.4,-76.5,-79.1,-81.2,-82.4,-82.3,-80.9,-79.0,-76.4,-74.3,-73.6,-73.8,-74.9,-76.6,-78.8,-77.8,-78.3,-79.8,-81.6,-82.6,-82.2,-80.6,488.2,487.5,486.6,486.0,486.0,486.9,487.6,488.2,492.2,489.1,486.2,484.7,485.1,486.7,488.6,487.4,486.2,486.1,487.5,489.8,488.4,488.1,487.7,487.5,487.5,487.7,488.1,488.4,470.6,470.2,469.2,468.2,467.7,468.1,469.1,470.4,474.0,471.5,468.9,466.9,467.0,468.5,470.8,469.2,468.2,468.2,469.5,472.0,470.3,469.9,469.5,469.3,469.5,469.9,470.3,470.5,19.6,-44.6,499.0,0.307,0.275,0.041,0.0,0.0,0.0,0.0,0.0,0.26,0.05,0.0,0.0,0.0,0.0,0.1,0.0,0.0,0.51,0.0
-0.188138,0.351299,-0.917166,-0.241194,0.259545,-0.935127,-0.228,0.319,252.6,254.4,258.4,262.2,263.5,261.9,257.7,253.9,248.8,251.0,254.4,258.7,263.1,266.3,268.5,265.7,261.9,257.8,254.0,250.9,256.4,258.0,259.7,260.5,260.0,258.4,256.7,255.9,306.1,308.2,312.3,315.9,317.0,314.9,310.8,306.9,302.3,304.3,307.3,311.8,316.7,320.7,323.3,320.0,315.9,311.7,307.7,304.4,309.9,311.4,313.1,313.9,313.5,312.0,310.4,309.5,167.9,164.0,162.5,164.4,168.6,172.9,174.0,172.1,169.5,167.4,166.3,165.8,166.8,168.8,171.5,172.6,172.9,172.9,172.4,171.3,170.0,170.8,170.2,168.5,166.7,165.9,166.5,168.2,170.1,166.2,165.0,167.1,171.4,175.2,176.4,174.6,172.7,170.1,168.5,168.2,169.7,172.0,175.0,176.5,176.9,176.6,175.7,174.6,172.3,173.1,172.6,171.0,169.3,168.5,169.0,170.5,-12.2,-10.2,-6.0,-1.9,-0.5,-2.2,-6.8,-10.8,-16.4,-13.9,-10.3,-5.6,-1.0,2.5,4.8,1.8,-2.2,-6.6,-10.6,-14.0,-8.1,-6.4,-4.5,-3.7,-4.3,-6.0,-7.8,-8.7,42.4,44.5,48.5,52.0,53.0,50.9,46.9,43.2,38.8,40.6,43.5,47.8,52.7,56.8,59.7,56.2,51.9,47.7,43.8,40.7,46.2,47.6,49.3,50.1,49.7,48.3,46.6,45.8,-87.6,-91.8,-93.2,-91.0,-86.5,-82.0,-80.9,-83.1,-86.6,-88.3,-89.1,-89.2,-88.2,-86.3,-83.7,-82.3,-81.8,-81.8,-82.7,-84.3,-85.4,-84.5,-85.1,-86.9,-88.8,-89.7,-89.1,-87.4,-80.4,-84.3,-85.3,-83.0,-78.7,-74.9,-73.8,-75.8,-78.3,-80.5,-81.8,-81.7,-80.2,-78.2,-75.6,-73.8,-73.2,-73.4,-74.5,-76.0,-78.2,-77.2,-77.7,-79.3,-81.0,-82.0,-81.5,-80.0,498.2,497.9,497.1,496.2,495.6,496.1,496.7,497.7,502.2,499.2,496.4,494.8,495.0,496.2,497.8,496.6,495.4,495.5,497.1,499.6,498.0,497.6,497.3,497.2,497.4,497.8,498.2,498.3,469.5,469.3,468.5,467.5,466.9,467.1,468.0,469.2,472.8,470.4,467.9,466.1,466.3,467.9,470.3,468.4,467.2,467.1,468.3,470.7,469.3,468.9,468.5,468.4,468.7,469.1,469.4,469.5,20.0,-44.3,499.9,0.301,0.273,0.041,0.0,0.0,0.0,0.0,0.0,0.34,0.06,0.0,0.0,0.0,0.0,0.07,0.0,0.0,0.48,0.0
-0.16216,0.362772,-0.917661,-0.239996,0.256663,-0.93623,-0.214,0.322,253.0,254.9,258.9,262.7,264.0,262.4,258.1,254.3,248.9,251.2,254.6,258.9,263.3,266.5,268.6,265.8,262.0,257.9,254.2,251.0,256.9,258.5,260.2,261.0,260.4,258.8,257.1,256.3,306.3,308.5,312.6,316.3,317.4,315.2,311.1,307.1,302.5,304.5,307.5,312.0,317.0,321.1,323.9,320.4,316.2,311.9,307.8,304.5,310.2,311.7,313.4,314.3,313.9,312.4,310.7,309.7,168.4,164.5,163.1,165.0,169.2,173.4,174.5,172.6,169.6,167.7,166.7,166.3,167.3,169.3,171.9,173.0,173.3,173.2,172.6,171.4,170.4,171.2,170.6,169.0,167.2,166.4,167.0,168.7,170.5,166.5,165.3,167.4,171.7,175.7,177.0,175.1,173.3,170.6,168.8,168.5,170.0,172.3,175.5,177.0,177.4,177.2,176.3,175.2,172.8,173.7,173.1,171.5,169.7,168.8,169.3,171.0,-11.8,-9.8,-5.5,-1.4,-0.0,-1.7,-6.3,-10.4,-16.3,-13.8,-10.1,-5.4,-0.7,2.7,4.9,1.9,-2.1,-6.5,-10.5,-14.0,-7.7,-5.9,-4.1,-3.3,-3.9,-5.6,-7.4,-8.3,41.6,43.8,47.7,51.2,52.1,50.0,46.1,42.4,38.2,39.9,42.6,46.8,51.7,55.9,58.9,55.3,51.0,46.8,43.0,40.0,45.4,46.8,48.5,49.4,49.0,47.5,45.9,45.0,-87.6,-91.8,-93.2,-90.9,-86.5,-82.0,-80.9,-83.1,-87.0,-88.6,-89.2,-89.3,-88.3,-86.4,-83.9,-82.5,-82.0,-82.1,-83.0,-84.7,-85.5,-84.6,-85.1,-86.9,-88.8,-89.7,-89.2,-87.4,-78.2,-82.0,-83.1,-80.8,-76.4,-72.6,-71.5,-73.6,-76.0,-78.2,-79.5,-79.6,-78.0,-76.0,-73.3,-71.5,-70.9,-71.2,-72.2,-73.7,-75.9,-74.9,-75.4,-77.0,-78.8,-79.8,-79.3,-77.7,501.2,500.9,500.1,499.4,499.1,499.6,500.1,500.9,505.3,502.3,499.6,498.0,498.3,499.6,501.3,500.0,498.8,498.9,500.4,502.8,501.3,501.0,500.7,500.5,500.7,501.0,501.3,501.4,458.8,458.7,457.8,456.7,455.9,456.0,456.9,458.4,462.1,459.8,457.3,455.3,455.3,456.7,458.8,457.1,456.0,456.0,457.3,459.9,458.4,457.9,457.6,457.5,457.8,458.3,458.7,458.7,20.3,-43.7,499.5,0.304,0.268,0.041,0.0,0.0,0.0,0.0,0.0,0.27,0.05,0.0,0.0,0.0,0.0,0.09,0.01,0.0,0.42,0.0
-0.154825,0.367686,-0.916971,-0.233283,0.26881,-0.934516,-0.207,0.331,253.4,255.4,259.6,263.4,264.6,262.9,258.5,254.7,249.2,251.6,255.1,259.5,263.9,267.2,269.3,266.4,262.6,258.4,254.6,251.4,257.3,258.9,260.7,261.6,261.0,259.4,257.6,256.7,306.9,309.1,313.1,316.7,317.8,315.7,311.6,307.8,303.3,305.1,308.0,312.4,317.4,321.6,324.5,320.9,316.6,312.3,308.3,305.1,310.8,312.3,314.0,314.8,314.4,312.9,311.2,310.4,168.9,165.0,163.6,165.6,169.8,174.1,175.2,173.2,170.4,168.3,167.1,166.8,167.9,170.0,172.8,173.7,173.8,173.7,173.1,172.0,171.1,172.0,171.4,169.7,167.8,167.0,167.6,169.3,171.0,167.1,165.7,167.8,172.1,176.1,177.4,175.6,173.6,170.9,169.2,168.8,170.4,172.7,175.8,177.2,177.4,177.1,176.3,175.3,173.3,174.1,173.6,171.9,170.2,169.3,169.9,171.5,-11.2,-9.0,-4.7,-0.7,0.7,-1.2,-5.8,-9.8,-15.7,-13.1,-9.4,-4.7,-0.1,3.3,5.6,2.5,-1.5,-5.9,-9.9,-13.3,-7.1,-5.4,-3.5,-2.6,-3.1,-4.9,-6.8,-7.7,42.5,44.6,48.5,51.9,52.8,50.7,46.8,43.2,39.1,40.8,43.4,47.5,52.3,56.6,59.7,55.9,51.6,47.4,43.6,40.8,46.2,47.6,49.2,50.1,49.7,48.3,46.7,45.8,-85.6,-89.8,-91.2,-88.9,-84.4,-79.9,-78.8,-81.1,-84.8,-86.5,-87.3,-87.4,-86.3,-84.3,-81.6,-80.4,-80.0,-80.2,-81.1,-82.6,-83.3,-82.4,-83.0,-84.8,-86.7,-87.7,-87.1,-85.3,-78.1,-82.0,-83.1,-80.8,-76.4,-72.5,-71.4,-73.4,-76.2,-78.4,-79.7,-79.7,-78.1,-76.0,-73.2,-71.6,-71.2,-71.6,-72.6,-74.0,-75.8,-74.8,-75.3,-76.9,-78.7,-79.7,-79.2,-77.6,492.9,492.9,492.3,491.5,490.9,491.1,491.5,492.3,496.9,494.1,491.4,489.9,490.2,491.4,492.9,491.5,490.3,490.3,491.7,494.2,492.9,492.6,492.3,492.3,492.6,492.9,493.2,493.2,461.5,461.3,460.2,458.8,457.9,458.1,459.2,460.9,465.0,462.6,459.9,457.7,457.4,458.5,460.5,458.8,457.9,458.2,459.8,462.6,460.8,460.2,459.8,459.7,460.1,460.7,461.1,461.2,20.8,-43.0,499.1,0.305,0.261,0.04,0.0,0.0,0.0,0.0,0.0,0.21,0.03,0.0,0.0,0.0,0.0,0.07,0.04,0.0,0.32,0.0
-0.17925,0.370335,-0.911439,-0.215851,0.270261,-0.938279,-0.21,0.333,253.5,255.5,259.6,263.5,264.8,263.2,258.8,254.9,249.5,252.0,255.6,260.0,264.4,267.6,269.7,267.0,263.2,259.0,255.1,251.8,257.5,259.1,260.9,261.7,261.1,259.5,257.7,256.9,307.4,309.5,313.6,317.3,318.4,316.3,312.2,308.3,303.5,305.4,308.5,313.0,317.8,321.7,324.3,321.1,317.0,312.8,308.8,305.5,311.2,312.7,314.4,315.3,314.8,313.3,311.7,310.8,169.7,165.7,164.2,166.2,170.4,174.7,175.9,173.9,170.9,169.0,167.9,167.5,168.5,170.5,173.1,174.2,174.4,174.3,173.7,172.7,171.7,172.6,172.0,170.3,168.5,167.6,168.2,169.9,171.6,167.7,166.4,168.4,172.6,176.5,177.8,176.1,174.5,171.6,169.7,169.2,170.7,173.0,176.3,177.7,178.0,177.8,177.1,176.2,173.8,174.6,174.0,172.5,170.8,169.9,170.5,172.1,-11.1,-9.0,-4.7,-0.6,0.9,-0.9,-5.5,-9.6,-15.5,-12.8,-8.9,-4.2,0.4,3.8,6.1,3.1,-0.9,-5.2,-9.4,-13.0,-6.9,-5.2,-3.3,-2.4,-3.1,-4.8,-6.7,-7.5,43.9,46.1,50.1,53.7,54.7,52.6,48.5,44.7,40.2,42.0,44.9,49.2,54.1,58.2,61.0,57.5,53.3,49.1,45.2,42.1,47.8,49.2,50.9,51.8,51.4,49.9,48.2,47.3,-85.2,-89.4,-90.8,-88.6,-84.1,-79.6,-78.4,-80.6,-84.4,-86.0,-86.7,-86.9,-85.9,-84.1,-81.6,-80.3,-79.8,-79.8,-80.7,-82.2,-83.0,-82.1,-82.7,-84.5,-86.4,-87.3,-86.7,-84.9,-79.3,-83.3,-84.5,-82.3,-77.9,-74.0,-72.7,-74.7,-76.9,-79.5,-81.0,-81.3,-79.7,-77.6,-74.6,-72.9,-72.4,-72.6,-73.5,-74.8,-77.1,-76.2,-76.7,-78.3,-80.1,-81.0,-80.5,-78.9,494.7,494.6,494.0,493.4,493.0,493.4,493.7,494.4,498.4,495.6,493.1,491.7,492.3,493.7,495.4,494.0,492.5,492.3,493.6,495.9,494.9,494.6,494.4,494.3,494.5,494.8,495.0,495.1,472.0,472.3,471.7,470.6,469.6,469.4,469.9,471.3,475.1,473.1,470.8,469.1,469.1,470.5,472.4,470.5,469.2,469.1,470.4,472.9,471.7,471.2,471.0,471.1,471.5,472.0,472.2,472.1,21.5,-42.5,500.2,0.31,0.256,0.036,0.0,0.0,0.0,0.0,0.0,0.18,0.0,0.0,0.01,0.0,0.0,0.12,0.11,0.0,0.27,0.0
-0.165953,0.380277,-0.909862,-0.185816,0.32955,-0.925672,-0.189,0.369,254.1,256.0,260.0,263.7,265.1,263.5,259.3,255.5,250.1,252.4,255.9,260.3,264.7,267.9,270.0,267.3,263.5,259.4,255.6,252.3,258.0,259.6,261.3,262.0,261.5,259.9,258.2,257.4,308.0,309.8,313.6,317.2,318.6,316.8,312.9,309.0,303.9,305.9,309.0,313.3,317.6,321.0,323.3,320.7,317.3,313.5,309.7,306.2,311.6,313.1,314.7,315.5,314.9,313.4,311.8,311.1,170.0,166.1,164.6,166.5,170.6,174.9,176.0,174.2,171.5,169.5,168.3,167.8,168.8,170.7,173.3,174.4,174.8,174.8,174.3,173.3,172.0,172.8,172.2,170.5,168.8,168.0,168.6,170.3,171.8,168.1,166.7,168.5,172.4,176.2,177.5,175.9,173.8,171.4,169.9,169.5,170.3,171.6,173.7,175.6,176.6,176.8,176.3,175.4,173.5,174.3,173.7,172.2,170.6,169.8,170.4,171.9,-10.6,-8.6,-4.3,-0.3,1.2,-0.5,-5.1,-9.1,-15.0,-12.4,-8.7,-4.0,0.7,4.2,6.5,3.5,-0.5,-4.9,-9.0,-12.5,-6.4,-4.7,-2.9,-2.1,-2.7,-4.4,-6.2,-7.0,48.5,50.4,54.6,58.7,60.2,58.3,54.1,49.8,44.3,46.3,49.5,54.1,59.0,63.1,65.9,62.9,58.9,54.6,50.4,46.8,52.6,54.3,56.1,56.9,56.3,54.6,52.8,52.0,-85.7,-89.9,-91.3,-89.2,-84.7,-80.2,-79.1,-81.2,-84.7,-86.4,-87.2,-87.5,-86.6,-84.8,-82.2,-80.8,-80.2,-80.2,-81.0,-82.4,-83.6,-82.7,-83.3,-85.1,-87.0,-87.9,-87.3,-85.5,-86.3,-90.3,-91.8,-89.8,-85.6,-81.6,-80.1,-81.9,-84.6,-86.8,-88.1,-88.4,-87.7,-86.7,-84.8,-82.5,-81.1,-80.7,-81.3,-82.6,-84.6,-83.7,-84.4,-86.0,-87.8,-88.6,-88.0,-86.3,500.0,499.9,499.2,498.5,498.1,498.4,498.8,499.6,503.9,501.0,498.4,496.9,497.3,498.6,500.3,498.9,497.6,497.5,498.9,501.3,500.1,499.8,499.5,499.4,499.6,499.9,500.2,500.3,515.0,514.4,514.2,514.5,515.1,515.7,515.9,515.9,518.0,515.6,513.6,512.5,513.7,516.2,519.2,517.3,515.5,514.6,515.1,516.6,516.1,516.2,516.1,515.9,515.7,515.5,515.6,515.8,22.2,-42.4,501.4,0.315,0.244,0.029,0.0,0.0,0.0,0.0,0.0,0.11,0.01,0.0,0.02,0.0,0.0,0.1,0.17,0.0,0.2,0.0
-0.178022,0.380625,-0.907432,-0.180806,0.31588,-0.931412,-0.193,0.362,254.1,255.9,259.9,263.8,265.3,263.8,259.4,255.5,250.0,252.5,256.1,260.5,265.0,268.2,270.4,267.7,264.0,259.8,255.9,252.5,258.0,259.7,261.4,262.2,261.5,259.9,258.2,257.4,308.3,310.0,313.9,317.6,319.0,317.3,313.4,309.4,304.0,306.1,309.2,313.6,318.1,321.5,323.7,321.3,317.8,314.0,310.0,306.5,311.9,313.5,315.1,315.9,315.3,313.7,312.1,311.4,170.4,166.4,165.0,166.9,171.0,175.3,176.5,174.6,171.4,169.8,168.8,168.4,169.2,170.8,173.1,174.5,175.1,175.2,174.7,173.4,172.3,173.1,172.5,170.8,169.0,168.2,168.8,170.5,171.8,168.0,166.6,168.4,172.3,176.1,177.6,176.0,174.4,171.8,170.0,169.3,170.1,171.5,173.8,175.8,176.9,177.3,176.9,176.0,173.5,174.3,173.7,172.1,170.5,169.7,170.3,171.9,-10.5,-8.6,-4.3,-0.2,1.4,-0.3,-4.8,-9.0,-15.0,-12.2,-8.4,-3.6,1.0,4.5,6.8,4.0,-0.0,-4.4,-8.6,-12.3,-6.3,-4.6,-2.8,-1.9,-2.6,-4.4,-6.2,-7.0,47.5,49.3,53.5,57.5,59.1,57.2,53.0,48.7,43.2,45.2,48.3,53.0,57.8,61.9,64.7,61.8,57.8,53.6,49.4,45.7,51.5,53.2,55.0,55.7,55.1,53.4,51.7,50.9,-84.5,-88.6,-90.0,-87.9,-83.5,-79.2,-78.0,-80.1,-84.0,-85.3,-85.8,-86.0,-85.3,-83.9,-81.8,-80.1,-79.3,-79.1,-79.8,-81.5,-82.5,-81.6,-82.3,-84.0,-85.9,-86.7,-86.1,-84.4,-83.8,-87.9,-89.4,-87.5,-83.4,-79.4,-77.8,-79.5,-81.5,-84.0,-85.6,-86.1,-85.5,-84.5,-82.5,-80.0,-78.5,-78.0,-78.5,-79.6,-82.2,-81.4,-82.0,-83.7,-85.5,-86.2,-85.6,-83.9,495.2,494.5,493.8,493.4,493.7,494.6,495.0,495.4,499.0,495.9,493.3,491.9,492.7,494.5,496.6,495.3,493.8,493.5,494.6,496.7,495.6,495.5,495.2,494.9,494.8,495.0,495.3,495.6,500.4,500.0,500.0,500.4,500.9,501.3,501.3,501.2,503.3,501.0,499.1,498.1,499.5,502.2,505.3,503.3,501.4,500.4,500.7,502.1,501.6,501.7,501.7,501.6,501.3,501.2,501.2,501.3,22.8,-42.3,501.3,0.315,0.232,0.025,0.0,0.0,0.0,0.0,0.0,0.12,0.01,0.0,0.04,0.03,0.0,0.16,0.19,0.01,0.16,0.05
-0.17664,0.373022,-0.910853,-0.219301,0.255422,-0.94163,-0.211,0.327,254.2,256.0,260.1,263.9,265.4,263.8,259.5,255.6,250.2,252.7,256.3,260.8,265.1,268.4,270.5,267.8,264.1,260.0,256.0,252.6,258.1,259.8,261.5,262.3,261.7,260.0,258.3,257.5,308.1,310.1,314.3,318.0,319.3,317.2,313.1,309.1,304.2,306.1,309.2,313.8,318.9,323.1,325.9,322.5,318.3,313.9,309.8,306.4,312.0,313.6,315.3,316.2,315.7,314.1,312.4,311.5,171.0,167.0,165.5,167.4,171.6,175.8,177.0,175.1,172.1,170.2,169.2,168.8,169.6,171.4,173.8,175.1,175.5,175.6,175.1,173.9,172.9,173.7,173.1,171.4,169.6,168.8,169.4,171.1,171.3,167.3,165.8,167.8,172.1,176.1,177.5,175.9,174.7,171.7,169.6,168.9,170.3,172.6,175.9,177.4,177.9,177.7,177.1,176.3,173.5,174.3,173.7,172.0,170.2,169.4,170.0,171.7,-10.4,-8.5,-4.2,-0.1,1.5,-0.2,-4.8,-8.9,-14.8,-12.1,-8.2,-3.4,1.2,4.6,7.0,4.1,0.1,-4.3,-8.5,-12.2,-6.3,-4.5,-2.7,-1.8,-2.5,-4.2,-6.1,-6.9,43.0,45.0,48.9,52.5,53.6,51.5,47.6,43.9,39.4,41.1,43.9,48.2,53.1,57.4,60.4,56.8,52.6,48.4,44.5,41.3,46.8,48.3,49.9,50.7,50.3,48.8,47.2,46.3,-84.2,-88.4,-89.9,-87.7,-83.3,-78.9,-77.7,-79.8,-83.7,-85.2,-85.8,-86.0,-85.3,-83.7,-81.4,-79.8,-79.1,-79.0,-79.7,-81.3,-82.2,-81.3,-82.0,-83.7,-85.6,-86.5,-85.9,-84.1,-76.7,-80.6,-81.9,-79.8,-75.5,-71.6,-70.3,-72.1,-73.9,-76.5,-78.2,-78.5,-77.1,-75.1,-72.3,-70.5,-69.9,-70.0,-70.8,-71.9,-74.5,-73.7,-74.2,-75.8,-77.6,-78.5,-78.0,-76.3,497.4,496.9,496.2,495.8,495.8,496.5,496.9,497.4,501.1,498.1,495.5,494.2,494.9,496.7,498.7,497.2,495.7,495.4,496.5,498.7,497.8,497.6,497.3,497.1,497.1,497.3,497.5,497.7,454.9,455.1,454.4,453.2,452.3,452.0,452.7,454.2,457.9,455.8,453.5,451.7,451.8,453.2,455.2,453.2,452.0,451.9,453.1,455.6,454.4,454.0,453.7,453.8,454.2,454.7,454.9,454.8,23.5,-41.9,500.7,0.316,0.219,0.017,0.0,0.0,0.0,0.0,0.0,0.2,0.04,0.0,0.03,0.03,0.0,0.14,0.17,0.01,0.16,0.14
-0.164181,0.368465,-0.915029,-0.195329,0.344105,-0.918389,-0.194,0.371,253.8,255.5,259.5,263.2,264.7,263.2,258.9,255.2,250.3,252.3,255.6,259.9,264.5,267.9,270.2,267.4,263.4,259.2,255.5,252.3,257.7,259.3,261.0,261.7,261.1,259.5,257.9,257.1,307.7,309.3,313.1,316.8,318.4,316.8,313.0,308.9,304.0,306.1,309.3,313.7,317.9,321.1,323.1,321.0,318.0,314.4,310.4,306.7,311.4,312.9,314.5,315.2,314.5,313.0,311.4,310.7,172.0,168.0,166.5,168.3,172.5,176.8,178.1,176.2,173.6,171.5,170.3,169.7,170.6,172.5,175.1,176.3,176.7,176.8,176.3,175.3,174.0,174.8,174.1,172.4,170.6,169.8,170.5,172.2,171.9,168.0,166.4,168.0,171.8,175.7,177.4,176.1,174.2,171.7,170.0,169.3,169.7,170.7,172.7,174.6,175.9,176.5,176.3,175.7,173.4,174.1,173.4,171.8,170.2,169.5,170.2,171.8,-10.8,-8.9,-4.8,-0.8,0.7,-0.8,-5.3,-9.3,-14.6,-12.3,-8.8,-4.2,0.5,4.1,6.6,3.5,-0.6,-5.0,-9.0,-12.3,-6.6,-4.9,-3.2,-2.4,-3.0,-4.7,-6.5,-7.3,47.4,49.1,53.2,57.4,59.2,57.5,53.3,48.9,43.5,45.7,49.0,53.7,58.5,62.3,64.9,62.4,58.7,54.7,50.3,46.4,51.5,53.3,55.0,55.7,55.0,53.2,51.5,50.8,-82.3,-86.5,-87.9,-85.7,-81.2,-76.8,-75.7,-77.8,-81.3,-83.0,-83.8,-84.1,-83.1,-81.4,-78.9,-77.4,-76.8,-76.8,-77.5,-79.0,-80.2,-79.2,-79.9,-81.6,-83.5,-84.5,-83.9,-82.1,-84.7,-88.8,-90.6,-89.1,-85.0,-80.8,-79.0,-80.4,-82.5,-84.9,-86.4,-87.2,-87.1,-86.5,-84.9,-82.4,-80.7,-79.8,-79.9,-80.8,-83.3,-82.6,-83.4,-85.1,-86.8,-87.5,-86.7,-85.0,492.5,492.1,490.9,489.8,489.3,489.9,490.8,492.0,496.7,493.6,490.5,488.6,488.6,489.7,491.3,490.1,489.2,489.5,491.2,493.9,492.2,491.7,491.2,491.0,491.2,491.7,492.2,492.4,506.1,505.7,505.9,506.7,507.5,507.9,507.7,507.2,508.1,506.1,504.6,504.2,506.1,509.2,512.5,510.3,507.9,506.5,506.2,507.2,507.7,508.0,508.1,507.9,507.6,507.2,507.1,507.3,24.5,-41.3,501.9,0.319,0.19,-0.012,0.0,0.0,0.0,0.0,0.0,0.44,0.03,0.0,0.02,0.03,0.0,0.15,0.13,0.01,0.21,0.44
-0.131905,0.35233,-0.926534,-0.161368,0.336351,-0.927808,-0.157,0.356,252.7,254.4,258.4,262.3,263.8,262.4,258.1,254.2,249.0,251.1,254.4,258.8,263.3,266.8,269.2,266.3,262.4,258.2,254.4,251.2,256.7,258.4,260.1,260.9,260.2,258.5,256.8,256.0,306.7,308.2,311.9,315.7,317.3,315.8,312.1,308.1,303.1,305.0,307.9,312.2,316.5,319.9,322.2,319.9,316.6,312.9,309.0,305.5,310.5,312.0,313.6,314.2,313.5,312.0,310.4,309.8,173.8,169.7,168.0,169.8,173.9,178.4,179.7,178.0,175.6,173.4,172.1,171.4,172.3,174.2,176.9,178.1,178.5,178.6,178.2,177.2,175.7,176.5,175.7,173.9,172.1,171.4,172.1,173.9,172.0,168.1,166.5,168.1,171.9,175.7,177.3,176.0,174.1,171.7,170.1,169.4,169.9,170.9,172.8,174.7,175.9,176.4,176.2,175.5,173.4,174.1,173.4,171.8,170.2,169.6,170.3,171.9,-11.8,-10.0,-5.8,-1.8,-0.2,-1.6,-6.1,-10.2,-15.8,-13.5,-10.0,-5.4,-0.7,2.9,5.4,2.4,-1.7,-6.0,-10.0,-13.4,-7.6,-5.8,-4.0,-3.3,-4.0,-5.7,-7.5,-8.3,47.5,49.1,53.2,57.4,59.3,57.7,53.6,49.1,43.7,45.6,48.7,53.3,58.2,62.4,65.3,62.5,58.6,54.3,50.1,46.3,51.8,53.5,55.3,55.9,55.2,53.4,51.7,51.0,-79.5,-83.8,-85.3,-83.3,-78.9,-74.4,-73.1,-75.1,-78.3,-80.1,-81.0,-81.3,-80.5,-78.7,-76.2,-74.7,-74.2,-74.1,-74.7,-76.1,-77.5,-76.6,-77.3,-79.1,-81.1,-81.9,-81.2,-79.4,-86.8,-90.9,-92.7,-91.0,-86.9,-82.8,-81.0,-82.5,-84.9,-87.2,-88.6,-89.3,-88.9,-88.2,-86.5,-84.1,-82.5,-81.8,-82.1,-83.1,-85.3,-84.6,-85.4,-87.1,-88.8,-89.5,-88.8,-87.1,486.8,486.6,485.6,484.5,483.9,484.4,485.2,486.2,491.0,487.9,485.0,483.2,483.2,484.4,485.9,484.8,483.7,484.0,485.6,488.2,486.6,486.1,485.7,485.6,485.8,486.3,486.7,486.8,519.1,518.5,518.3,518.5,519.1,519.7,519.9,519.9,521.7,519.4,517.5,516.5,517.8,520.3,523.4,521.4,519.5,518.5,518.9,520.4,520.1,520.2,520.1,519.9,519.7,519.6,519.6,519.9,24.6,-39.4,497.9,0.31,0.184,-0.05,0.0,0.0,0.0,0.0,0.0,0.69,0.07,0.0,0.0,0.0,0.0,0.18,0.14,0.0,0.26,0.94
-0.141983,0.347056,-0.927034,-0.164027,0.337858,-0.926794,-0.164,0.354,250.4,252.0,255.9,259.8,261.5,260.3,256.0,252.1,247.0,249.0,252.2,256.5,261.2,264.7,267.2,264.3,260.4,256.2,252.4,249.2,254.5,256.2,257.9,258.6,257.9,256.2,254.5,253.8,304.2,305.6,309.3,313.1,314.9,313.5,309.8,305.7,300.7,302.5,305.5,309.7,314.1,317.6,320.0,317.7,314.5,310.7,306.8,303.3,308.0,309.6,311.2,311.8,311.1,309.4,307.9,307.3,176.2,172.0,170.2,171.8,175.9,180.4,182.0,180.3,178.2,175.9,174.4,173.5,174.3,176.1,178.8,180.0,180.5,180.7,180.5,179.7,178.0,178.7,177.9,176.1,174.3,173.6,174.4,176.2,172.8,168.9,167.2,168.6,172.4,176.3,178.0,176.8,175.1,172.7,171.0,170.1,170.4,171.3,173.0,175.1,176.5,177.1,177.1,176.5,174.2,174.8,174.1,172.4,170.8,170.2,171.0,172.6,-14.1,-12.4,-8.4,-4.3,-2.6,-3.8,-8.2,-12.3,-17.8,-15.6,-12.2,-7.7,-2.9,0.7,3.3,0.3,-3.7,-8.1,-12.0,-15.4,-9.8,-8.1,-6.3,-5.6,-6.3,-8.1,-9.9,-10.6,44.2,45.6,49.7,53.9,55.9,54.4,50.4,45.9,40.6,42.4,45.4,49.9,54.8,59.0,62.1,59.3,55.5,51.3,47.0,43.3,48.5,50.3,51.9,52.6,51.7,50.0,48.3,47.6,-76.6,-81.0,-82.7,-80.8,-76.4,-71.8,-70.4,-72.3,-75.2,-77.2,-78.3,-78.8,-78.0,-76.3,-73.8,-72.3,-71.7,-71.5,-72.0,-73.2,-74.7,-73.9,-74.7,-76.5,-78.4,-79.2,-78.5,-76.6,-84.8,-89.0,-90.8,-89.3,-85.2,-81.1,-79.2,-80.5,-82.7,-85.0,-86.5,-87.3,-87.1,-86.7,-85.2,-82.6,-80.8,-80.0,-80.1,-80.9,-83.5,-82.8,-83.6,-85.3,-87.0,-87.7,-86.9,-85.2,484.8,484.5,483.4,482.2,481.4,481.9,482.8,484.1,489.0,485.9,482.9,480.9,480.8,481.8,483.2,482.2,481.3,481.6,483.4,486.2,484.3,483.8,483.3,483.2,483.5,484.1,484.5,484.7,512.7,512.0,511.7,511.9,512.5,513.2,513.5,513.6,515.3,513.0,511.0,510.0,511.2,513.8,516.8,514.9,513.0,512.1,512.5,514.0,513.7,513.8,513.7,513.4,513.1,513.0,513.2,513.4,23.5,-37.4,495.7,0.303,0.184,-0.082,0.0,0.0,0.0,0.0,0.0,0.76,0.07,0.0,0.0,0.03,0.0,0.17,0.15,0.0,0.31,1.39
-0.150836,0.351816,-0.923837,-0.151554,0.327673,-0.932557,-0.161,0.351,247.2,248.6,252.4,256.4,258.2,257.1,253.0,249.0,244.1,245.8,248.9,253.2,257.9,261.6,264.2,261.3,257.3,253.1,249.3,246.2,251.4,253.1,254.7,255.3,254.5,252.8,251.2,250.6,300.6,301.8,305.5,309.5,311.5,310.2,306.6,302.3,296.9,298.7,301.6,305.9,310.4,314.2,316.7,314.5,311.1,307.3,303.3,299.6,304.6,306.2,307.7,308.3,307.5,305.8,304.3,303.8,178.5,174.2,172.4,174.0,178.1,182.6,184.2,182.6,180.2,177.9,176.4,175.6,176.2,177.9,180.5,181.9,182.6,182.9,182.7,181.8,180.1,180.8,180.0,178.2,176.4,175.7,176.5,178.3,173.6,169.5,167.5,168.8,172.6,176.7,178.7,177.7,176.5,173.8,171.7,170.5,170.7,171.5,173.4,175.5,176.9,177.7,177.9,177.7,174.8,175.3,174.5,172.9,171.3,170.8,171.6,173.3,-17.3,-15.9,-11.9,-7.8,-6.0,-7.1,-11.4,-15.5,-20.8,-18.8,-15.5,-11.1,-6.2,-2.5,0.2,-2.7,-6.8,-11.1,-15.1,-18.5,-13.0,-11.3,-9.6,-9.0,-9.8,-11.5,-13.2,-13.8,39.1,40.4,44.3,48.6,50.7,49.4,45.5,41.0,35.3,37.0,40.0,44.5,49.5,53.7,56.8,54.1,50.4,46.2,41.9,38.1,43.4,45.2,46.8,47.3,46.5,44.7,43.1,42.5,-73.9,-78.1,-79.8,-77.9,-73.7,-69.2,-67.7,-69.6,-72.8,-74.6,-75.6,-76.2,-75.5,-73.9,-71.5,-69.9,-69.1,-68.8,-69.3,-70.6,-72.1,-71.3,-72.1,-73.9,-75.7,-76.5,-75.8,-74.0,-81.6,-85.8,-87.9,-86.6,-82.6,-78.3,-76.2,-77.3,-78.8,-81.4,-83.3,-84.4,-84.5,-84.0,-82.5,-79.9,-78.1,-77.0,-76.9,-77.4,-80.4,-79.9,-80.7,-82.5,-84.1,-84.7,-83.8,-82.1,481.8,481.1,479.7,478.4,478.0,478.9,480.2,481.5,486.3,483.0,479.6,477.4,477.3,478.3,479.9,479.0,478.3,478.9,480.7,483.5,481.4,480.8,480.2,479.9,480.0,480.6,481.2,481.5,498.1,497.7,497.6,497.8,498.3,498.7,498.8,498.9,500.9,498.7,496.7,495.8,497.0,499.6,502.6,500.5,498.6,497.6,498.0,499.5,499.1,499.2,499.2,499.0,498.8,498.7,498.8,499.0,21.3,-35.7,494.5,0.303,0.182,-0.115,0.0,0.0,0.0,0.0,0.0,0.76,0.16,0.0,0.0,0.08,0.0,0.16,0.23,0.0,0.42,1.67
-0.149521,0.355079,-0.922801,-0.154855,0.346173,-0.925302,-0.163,0.363,242.8,244.3,248.2,252.2,254.1,253.0,248.8,244.7,239.4,241.4,244.8,249.2,253.9,257.5,260.1,257.3,253.4,249.2,245.2,241.8,247.1,248.8,250.5,251.1,250.3,248.5,246.9,246.3,296.6,297.7,301.3,305.2,307.2,306.0,302.4,298.3,293.2,294.8,297.5,301.7,306.2,309.9,312.6,310.3,307.0,303.2,299.2,295.7,300.5,302.1,303.6,304.1,303.3,301.7,300.2,299.7,179.9,175.6,173.6,175.2,179.3,183.8,185.5,184.0,181.8,179.4,177.8,176.9,177.4,179.0,181.5,182.9,183.6,184.0,183.9,183.3,181.5,182.1,181.3,179.5,177.7,177.1,177.9,179.7,174.0,170.0,168.1,169.3,173.0,177.0,179.0,178.0,176.7,174.1,172.1,170.9,171.1,171.9,173.7,175.6,177.0,177.8,178.0,177.8,175.2,175.7,174.9,173.3,171.8,171.3,172.1,173.7,-21.9,-20.4,-16.3,-12.1,-10.2,-11.3,-15.7,-19.9,-25.7,-23.4,-19.8,-15.1,-10.3,-6.6,-4.0,-6.9,-10.9,-15.3,-19.4,-23.0,-17.5,-15.7,-14.0,-13.3,-14.2,-16.0,-17.7,-18.3,35.7,36.9,40.8,45.1,47.3,46.1,42.2,37.6,32.2,33.8,36.7,41.1,46.1,50.4,53.7,50.9,47.0,42.8,38.6,34.9,40.1,41.9,43.5,44.0,43.1,41.3,39.7,39.2,-72.5,-76.9,-78.7,-77.0,-72.7,-68.1,-66.5,-68.2,-71.1,-73.1,-74.3,-75.0,-74.5,-73.1,-70.7,-69.1,-68.3,-67.8,-68.1,-69.2,-70.9,-70.1,-70.9,-72.8,-74.6,-75.3,-74.5,-72.7,-83.3,-87.6,-89.7,-88.4,-84.3,-80.0,-77.9,-79.0,-80.8,-83.3,-85.2,-86.3,-86.3,-85.8,-84.3,-81.8,-80.0,-79.0,-78.9,-79.4,-82.1,-81.5,-82.4,-84.2,-85.8,-86.4,-85.5,-83.8,482.6,482.2,481.2,480.2,479.7,480.3,481.1,482.2,486.6,483.5,480.6,478.9,479.1,480.4,482.1,480.9,479.7,479.8,481.4,483.9,482.4,482.0,481.5,481.4,481.5,482.0,482.4,482.6,511.8,511.4,511.0,510.9,511.1,511.4,511.8,512.2,514.5,512.3,510.2,509.1,510.0,512.3,515.0,512.9,511.2,510.4,511.0,512.9,512.4,512.4,512.2,512.1,512.0,512.1,512.2,512.4,17.9,-34.8,493.9,0.308,0.191,-0.14,0.0,0.0,0.0,0.0,0.0,0.73,0.12,0.0,0.0,0.08,0.0,0.12,0.3,0.0,0.53,1.67
-0.141436,0.366843,-0.919468,-0.139923,0.33991,-0.929991,-0.151,0.365,239.2,240.6,244.4,248.5,250.4,249.5,245.3,241.2,236.0,237.8,241.0,245.4,250.2,254.0,256.8,253.9,249.9,245.5,241.6,238.3,243.6,245.3,246.9,247.5,246.6,244.9,243.3,242.7,292.9,294.0,297.7,301.7,303.7,302.6,299.0,294.8,289.4,291.0,293.8,297.9,302.5,306.3,309.1,306.7,303.3,299.4,295.5,291.9,297.0,298.6,300.1,300.6,299.7,298.1,296.6,296.1,180.6,176.3,174.3,175.9,180.0,184.6,186.3,184.8,182.5,180.2,178.7,177.7,178.2,179.8,182.3,183.8,184.6,185.1,184.9,184.1,182.2,182.8,182.0,180.2,178.4,177.7,178.6,180.4,174.3,170.2,168.2,169.4,173.1,177.2,179.2,178.3,176.8,174.2,172.2,171.0,171.1,171.8,173.5,175.7,177.2,178.0,178.2,178.0,175.4,175.9,175.1,173.4,171.8,171.4,172.2,173.9,-25.0,-23.6,-19.7,-15.6,-13.6,-14.6,-18.9,-23.0,-28.6,-26.6,-23.2,-18.6,-13.8,-10.0,-7.3,-10.1,-14.2,-18.5,-22.6,-26.1,-20.6,-18.9,-17.2,-16.7,-17.5,-19.2,-20.9,-21.5,31.2,32.4,36.3,40.6,42.9,41.7,37.8,33.3,27.6,29.2,32.0,36.4,41.4,45.7,49.0,46.3,42.4,38.2,33.9,30.2,35.7,37.5,39.1,39.6,38.6,36.8,35.2,34.8,-70.1,-74.4,-76.1,-74.4,-70.2,-65.7,-64.2,-65.9,-68.9,-70.7,-71.7,-72.3,-71.9,-70.4,-68.2,-66.6,-65.7,-65.2,-65.6,-66.8,-68.5,-67.8,-68.5,-70.3,-72.1,-72.8,-72.1,-70.3,-81.8,-86.1,-88.2,-86.9,-83.0,-78.6,-76.5,-77.5,-79.5,-82.0,-83.8,-84.9,-84.9,-84.5,-83.1,-80.5,-78.6,-77.6,-77.5,-78.0,-80.7,-80.1,-81.0,-82.8,-84.5,-85.0,-84.1,-82.3,471.7,470.9,469.5,468.3,468.0,469.0,470.3,471.4,476.2,472.8,469.5,467.3,467.2,468.5,470.2,469.2,468.4,468.9,470.7,473.5,471.3,470.8,470.2,469.8,470.0,470.5,471.1,471.4,504.1,503.6,503.2,503.1,503.5,504.0,504.4,504.8,507.1,504.8,502.6,501.4,502.2,504.5,507.3,505.3,503.6,503.0,503.7,505.5,504.9,504.9,504.7,504.5,504.3,504.3,504.5,504.7,13.8,-34.3,493.6,0.325,0.188,-0.136,0.0,0.0,0.0,0.0,0.0,0.78,0.09,0.0,0.0,0.05,0.0,0.12,0.36,0.0,0.63,1.64
-0.139903,0.377701,-0.915297,-0.12955,0.342268,-0.930629,-0.145,0.372,236.3,237.6,241.4,245.6,247.6,246.6,242.4,238.3,232.9,234.9,238.2,242.6,247.5,251.2,253.9,251.1,247.1,242.8,238.8,235.4,240.6,242.3,244.0,244.5,243.7,241.9,240.3,239.8,290.0,291.1,294.8,298.8,300.8,299.6,296.0,291.8,286.4,288.1,290.8,294.9,299.4,303.3,306.1,303.7,300.3,296.4,292.5,289.0,294.0,295.7,297.2,297.7,296.8,295.2,293.6,293.1,180.7,176.4,174.4,175.8,180.0,184.6,186.3,184.8,182.6,180.3,178.7,177.6,178.0,179.6,182.0,183.5,184.3,184.9,184.8,184.1,182.2,182.8,182.0,180.2,178.4,177.8,178.7,180.5,174.2,170.2,168.2,169.4,173.1,177.2,179.2,178.2,176.7,174.1,172.1,171.0,171.1,171.9,173.6,175.7,177.2,178.0,178.2,177.9,175.4,175.9,175.1,173.4,171.8,171.3,172.1,173.8,-28.3,-26.9,-22.9,-18.7,-16.6,-17.6,-21.9,-26.2,-31.9,-29.8,-26.2,-21.6,-16.7,-13.0,-10.3,-13.1,-17.1,-21.5,-25.6,-29.3,-23.8,-22.0,-20.4,-19.8,-20.7,-22.4,-24.1,-24.7,28.2,29.4,33.3,37.7,39.9,38.7,34.8,30.2,24.5,26.2,29.0,33.4,38.3,42.7,45.9,43.2,39.3,35.1,30.9,27.2,32.6,34.4,36.1,36.6,35.7,33.8,32.2,31.7,-70.6,-74.9,-76.8,-75.1,-70.9,-66.4,-64.7,-66.4,-69.3,-71.2,-72.4,-73.1,-72.7,-71.4,-69.2,-67.5,-66.5,-66.0,-66.3,-67.3,-69.1,-68.4,-69.2,-71.0,-72.7,-73.4,-72.7,-70.8,-82.3,-86.6,-88.7,-87.4,-83.4,-79.0,-76.9,-78.0,-80.0,-82.5,-84.3,-85.3,-85.3,-84.9,-83.5,-80.9,-79.0,-78.0,-77.9,-78.5,-81.1,-80.5,-81.4,-83.2,-84.9,-85.5,-84.6,-82.8,475.6,475.0,473.8,472.7,472.5,473.4,474.4,475.4,479.8,476.6,473.5,471.6,471.8,473.1,474.9,473.8,472.8,473.0,474.6,477.2,475.4,475.0,474.5,474.2,474.3,474.7,475.2,475.5,506.7,506.1,505.7,505.6,506.0,506.6,507.0,507.4,509.7,507.3,505.2,503.9,504.7,507.0,509.7,507.8,506.2,505.5,506.3,508.1,507.5,507.4,507.3,507.0,506.9,506.9,507.1,507.3,10.6,-34.6,494.5,0.328,0.178,-0.13,0.0,0.0,0.0,0.0,0.0,0.75,0.0,0.0,0.0,0.0,0.0,0.19,0.41,0.0,0.57,1.49
-0.115762,0.382555,-0.916652,-0.146041,0.348617,-0.925818,-0.141,0.378,234.5,235.8,239.6,243.7,245.7,244.7,240.6,236.5,231.0,232.9,236.2,240.6,245.2,248.8,251.4,248.7,244.9,240.7,236.8,233.4,238.7,240.5,242.1,242.6,241.8,240.0,238.4,237.9,287.9,289.0,292.7,296.6,298.6,297.5,293.8,289.6,284.4,286.2,289.0,293.2,297.7,301.4,304.0,301.7,298.4,294.6,290.6,287.0,291.9,293.5,295.0,295.5,294.7,293.0,291.5,291.0,180.3,176.1,174.1,175.5,179.5,184.0,185.8,184.4,182.1,179.7,178.1,177.1,177.5,179.0,181.5,183.0,183.9,184.5,184.4,183.7,181.8,182.4,181.5,179.7,178.0,177.4,178.3,180.1,173.9,169.9,167.9,169.1,172.8,176.9,178.9,177.9,176.2,173.7,171.8,170.7,170.8,171.5,173.2,175.3,176.8,177.7,177.8,177.5,175.1,175.6,174.8,173.1,171.5,171.0,171.8,173.5,-30.7,-29.3,-25.3,-21.0,-19.0,-20.0,-24.4,-28.7,-34.7,-32.4,-28.8,-24.2,-19.4,-15.7,-13.1,-15.8,-19.8,-24.1,-28.2,-31.9,-26.3,-24.5,-22.8,-22.2,-23.1,-24.9,-26.6,-27.2,25.9,27.1,31.1,35.4,37.6,36.4,32.4,27.9,22.3,24.1,27.1,31.5,36.4,40.6,43.8,41.1,37.4,33.2,28.9,25.1,30.3,32.1,33.8,34.3,33.3,31.5,29.9,29.4,-72.5,-76.8,-78.7,-77.1,-72.9,-68.4,-66.7,-68.3,-71.2,-73.3,-74.5,-75.3,-74.9,-73.6,-71.3,-69.5,-68.4,-67.9,-68.1,-69.2,-71.0,-70.3,-71.1,-73.0,-74.8,-75.4,-74.6,-72.8,-82.6,-86.9,-89.0,-87.7,-83.7,-79.4,-77.3,-78.4,-80.5,-82.9,-84.6,-85.6,-85.7,-85.3,-84.0,-81.3,-79.5,-78.4,-78.3,-78.9,-81.5,-80.9,-81.8,-83.6,-85.3,-85.8,-84.9,-83.1,485.7,485.1,484.0,483.2,483.0,483.8,484.7,485.5,489.8,486.6,483.6,481.9,482.2,483.6,485.4,484.3,483.1,483.3,484.8,487.2,485.7,485.3,484.8,484.6,484.6,485.0,485.5,485.7,506.6,506.0,505.6,505.7,506.2,506.8,507.2,507.5,509.4,507.0,505.0,503.9,505.0,507.4,510.4,508.4,506.6,505.7,506.2,507.9,507.5,507.6,507.4,507.1,506.9,506.9,507.1,507.3,8.5,-35.5,496.8,0.323,0.169,-0.125,0.0,0.0,0.0,0.0,0.0,0.7,0.02,0.0,0.0,0.0,0.0,0.17,0.32,0.0,0.46,1.24
-0.120134,0.359587,-0.925346,-0.128332,0.357672,-0.924987,-0.133,0.37,233.5,234.8,238.6,242.6,244.6,243.7,239.5,235.5,230.1,232.0,235.2,239.6,244.2,247.9,250.5,247.8,243.9,239.7,235.9,232.5,237.7,239.5,241.1,241.6,240.8,239.1,237.4,236.9,286.7,287.9,291.5,295.5,297.5,296.4,292.8,288.5,283.1,284.9,287.8,292.1,296.4,300.0,302.5,300.3,297.2,293.5,289.5,285.8,290.7,292.3,293.9,294.3,293.5,291.8,290.3,289.8,179.3,175.1,173.2,174.6,178.7,183.1,184.8,183.4,181.0,178.6,177.1,176.1,176.5,178.1,180.6,182.2,183.1,183.6,183.5,182.7,180.8,181.4,180.6,178.8,177.1,176.5,177.3,179.1,173.5,169.5,167.4,168.6,172.2,176.3,178.3,177.5,175.7,173.1,171.2,170.0,170.0,170.7,172.3,174.6,176.2,177.1,177.3,177.0,174.6,175.1,174.2,172.5,171.0,170.5,171.4,173.0,-31.7,-30.3,-26.3,-22.1,-20.0,-21.0,-25.4,-29.6,-35.5,-33.3,-29.8,-25.2,-20.4,-16.7,-14.0,-16.8,-20.7,-25.1,-29.2,-32.8,-27.3,-25.5,-23.8,-23.2,-24.1,-25.9,-27.6,-28.2,24.7,25.9,29.8,34.2,36.4,35.2,31.3,26.7,20.8,22.7,25.8,30.3,35.1,39.2,42.1,39.7,36.1,32.0,27.7,23.7,29.0,30.9,32.5,33.0,32.1,30.2,28.6,28.1,-73.4,-77.7,-79.5,-77.8,-73.7,-69.2,-67.6,-69.2,-72.3,-74.3,-75.4,-76.2,-75.7,-74.3,-72.0,-70.2,-69.2,-68.6,-69.0,-70.2,-71.9,-71.2,-71.9,-73.8,-75.6,-76.3,-75.5,-73.7,-83.0,-87.3,-89.5,-88.3,-84.5,-80.2,-78.0,-78.9,-81.0,-83.5,-85.3,-86.4,-86.6,-86.4,-85.2,-82.3,-80.3,-79.1,-78.9,-79.5,-82.1,-81.6,-82.5,-84.3,-85.9,-86.4,-85.5,-83.7,484.9,484.1,482.9,481.9,481.8,482.8,483.8,484.8,489.1,485.8,482.7,480.8,481.0,482.3,484.2,483.1,482.2,482.4,484.0,486.5,484.7,484.3,483.8,483.5,483.5,483.9,484.5,484.8,506.4,505.7,505.6,506.1,507.0,507.7,507.8,507.6,509.0,506.7,504.8,504.0,505.4,508.2,511.4,509.4,507.4,506.3,506.5,507.8,507.8,508.0,507.9,507.6,507.3,507.0,507.1,507.4,7.9,-36.7,497.6,0.299,0.167,-0.137,0.0,0.0,0.0,0.0,0.0,0.46,0.02,0.0,0.02,0.0,0.0,0.23,0.31,0.0,0.35,0.87
-0.140307,0.370741,-0.918077,-0.142052,0.334996,-0.93145,-0.151,0.365,233.1,234.4,238.1,242.1,243.9,243.0,238.9,234.9,229.9,231.7,234.8,239.1,243.8,247.4,250.0,247.2,243.3,239.2,235.4,232.1,237.2,238.9,240.4,241.0,240.2,238.6,237.0,236.5,286.5,287.8,291.5,295.4,297.3,296.0,292.3,288.1,282.9,284.7,287.6,291.8,296.2,299.8,302.4,300.1,296.8,293.0,289.0,285.5,290.4,292.1,293.6,294.2,293.4,291.7,290.2,289.6,177.8,173.6,171.7,173.2,177.3,181.7,183.3,181.8,179.3,177.0,175.5,174.6,175.1,176.8,179.3,180.9,181.8,182.2,182.0,181.1,179.3,179.9,179.1,177.4,175.7,175.0,175.8,177.6,172.2,168.3,166.4,167.8,171.5,175.5,177.4,176.3,174.6,171.9,169.9,168.9,169.2,170.2,172.2,174.3,175.6,176.4,176.4,175.9,173.6,174.1,173.4,171.7,170.1,169.5,170.3,172.0,-32.3,-30.9,-27.0,-22.8,-20.8,-21.9,-26.2,-30.4,-36.0,-33.9,-30.4,-25.8,-21.0,-17.3,-14.6,-17.4,-21.5,-25.8,-29.9,-33.4,-28.0,-26.2,-24.5,-24.0,-24.8,-26.5,-28.2,-28.8,24.6,26.0,30.0,34.2,36.3,34.9,30.9,26.3,20.7,22.6,25.6,30.1,35.0,39.2,42.2,39.5,35.7,31.6,27.3,23.5,28.9,30.7,32.3,32.9,32.1,30.3,28.6,28.0,-75.5,-79.7,-81.4,-79.7,-75.5,-71.0,-69.5,-71.3,-74.5,-76.5,-77.5,-78.1,-77.6,-76.1,-73.7,-71.9,-70.9,-70.4,-70.9,-72.3,-73.9,-73.2,-73.9,-75.6,-77.4,-78.2,-77.4,-75.7,-84.8,-89.0,-91.0,-89.6,-85.5,-81.3,-79.3,-80.5,-82.7,-85.3,-87.0,-87.9,-87.8,-87.2,-85.5,-82.9,-81.1,-80.2,-80.2,-81.0,-83.5,-82.9,-83.7,-85.5,-87.2,-87.8,-87.0,-85.2,487.8,486.9,485.5,484.4,484.2,485.3,486.5,487.6,492.1,488.7,485.5,483.4,483.4,484.7,486.4,485.5,484.7,485.1,486.8,489.5,487.5,487.0,486.4,486.1,486.1,486.6,487.2,487.6,508.8,508.2,508.0,508.2,508.7,509.2,509.4,509.6,511.4,509.2,507.2,506.2,507.3,509.8,512.8,510.8,508.9,508.0,508.5,510.0,509.8,509.8,509.7,509.5,509.3,509.2,509.3,509.5,6.2,-38.0,499.0,0.307,0.187,-0.112,0.0,0.0,0.0,0.0,0.0,0.31,0.02,0.0,0.03,0.0,0.0,0.19,0.26,0.03,0.32,0.49
-0.130957,0.355509,-0.925453,-0.137929,0.316132,-0.938635,-0.143,0.346,233.6,235.0,238.8,242.7,244.4,243.3,239.2,235.3,230.2,232.1,235.3,239.6,244.2,247.7,250.1,247.4,243.6,239.4,235.7,232.4,237.7,239.3,240.9,241.5,240.7,239.1,237.6,236.9,287.0,288.4,292.1,296.0,297.9,296.5,292.8,288.6,283.2,285.0,288.0,292.3,296.7,300.2,302.7,300.4,297.2,293.4,289.5,285.8,290.9,292.5,294.1,294.7,293.9,292.3,290.7,290.1,176.2,172.1,170.2,171.8,175.8,180.2,181.7,180.2,178.0,175.6,174.1,173.2,173.8,175.6,178.2,179.6,180.3,180.6,180.4,179.6,177.7,178.4,177.6,175.9,174.2,173.6,174.4,176.1,171.3,167.3,165.4,166.8,170.6,174.6,176.5,175.4,173.6,170.9,169.1,168.1,168.4,169.4,171.3,173.4,174.9,175.6,175.6,175.0,172.6,173.2,172.4,170.7,169.1,168.6,169.3,171.0,-32.3,-30.7,-26.7,-22.5,-20.6,-21.8,-26.2,-30.4,-36.1,-33.9,-30.3,-25.6,-20.8,-17.2,-14.7,-17.5,-21.6,-25.9,-30.0,-33.6,-27.9,-26.2,-24.5,-23.8,-24.6,-26.4,-28.0,-28.7,24.9,26.4,30.4,34.7,36.7,35.3,31.3,26.7,20.9,22.8,25.9,30.5,35.4,39.4,42.3,39.7,36.0,31.9,27.6,23.7,29.2,31.0,32.7,33.3,32.5,30.7,29.0,28.4,-78.3,-82.6,-84.4,-82.6,-78.3,-73.7,-72.2,-74.0,-77.0,-79.1,-80.2,-80.9,-80.2,-78.6,-76.0,-74.4,-73.5,-73.2,-73.6,-74.8,-76.6,-75.9,-76.6,-78.4,-80.2,-80.9,-80.2,-78.4,-85.3,-89.5,-91.5,-90.1,-86.1,-81.9,-79.9,-81.1,-83.2,-85.8,-87.4,-88.3,-88.2,-87.7,-86.1,-83.4,-81.6,-80.6,-80.7,-81.5,-84.1,-83.5,-84.3,-86.1,-87.8,-88.4,-87.6,-85.8,495.1,494.7,493.6,492.5,492.0,492.6,493.5,494.6,499.2,496.1,493.1,491.2,491.3,492.5,494.1,493.0,492.0,492.2,493.9,496.5,494.8,494.3,493.8,493.7,493.9,494.3,494.8,495.0,505.8,505.3,505.2,505.6,506.2,506.7,506.9,506.8,508.5,506.2,504.3,503.4,504.7,507.3,510.3,508.4,506.5,505.5,505.8,507.2,507.0,507.2,507.1,506.9,506.6,506.5,506.5,506.8,5.8,-39.5,501.7,0.297,0.188,-0.091,0.0,0.0,0.0,0.0,0.0,0.2,0.0,0.0,0.06,0.0,0.0,0.23,0.29,0.1,0.29,0.25
-0.151507,0.35081,-0.924109,-0.171784,0.316555,-0.93289,-0.172,0.345,234.5,235.9,239.7,243.6,245.4,244.3,240.1,236.2,231.3,233.1,236.3,240.6,245.3,248.8,251.3,248.5,244.6,240.5,236.7,233.4,238.6,240.3,241.8,242.4,241.7,240.1,238.5,237.9,287.7,289.1,293.0,296.9,298.7,297.2,293.4,289.2,284.1,286.0,289.0,293.3,297.8,301.5,304.0,301.6,298.2,294.4,290.3,286.7,291.6,293.3,294.9,295.5,294.8,293.1,291.5,290.9,174.2,170.0,168.2,169.8,173.8,178.3,179.8,178.2,175.9,173.6,172.1,171.3,171.9,173.7,176.2,177.7,178.4,178.7,178.5,177.6,175.8,176.4,175.7,173.9,172.2,171.6,172.3,174.1,170.2,166.2,164.4,165.9,169.8,173.8,175.6,174.4,172.5,169.8,168.0,167.1,167.6,168.6,170.5,172.6,174.0,174.7,174.5,173.9,171.7,172.3,171.5,169.8,168.2,167.6,168.3,170.0,-30.9,-29.4,-25.3,-21.2,-19.4,-20.5,-24.9,-29.1,-34.6,-32.4,-28.9,-24.3,-19.5,-15.8,-13.2,-16.1,-20.2,-24.5,-28.6,-32.1,-26.6,-24.8,-23.2,-22.5,-23.3,-25.0,-26.7,-27.4,25.3,26.8,30.8,35.0,37.0,35.5,31.4,26.9,21.5,23.5,26.6,31.1,36.0,40.1,43.0,40.3,36.5,32.3,28.1,24.3,29.5,31.3,33.0,33.6,32.8,31.1,29.3,28.7,-79.5,-83.7,-85.4,-83.6,-79.3,-74.8,-73.3,-75.2,-78.3,-80.2,-81.3,-81.8,-81.1,-79.5,-77.1,-75.4,-74.6,-74.3,-74.8,-76.1,-77.7,-77.0,-77.7,-79.5,-81.3,-82.1,-81.3,-79.6,-85.1,-89.3,-91.1,-89.5,-85.5,-81.3,-79.5,-80.8,-83.1,-85.5,-87.1,-87.9,-87.7,-87.1,-85.5,-82.9,-81.1,-80.3,-80.4,-81.4,-83.7,-83.1,-83.9,-85.6,-87.3,-88.0,-87.2,-85.4,489.1,488.6,487.3,486.1,485.7,486.5,487.5,488.7,493.4,490.1,487.0,485.0,485.0,486.2,487.8,486.8,485.9,486.3,488.0,490.7,488.8,488.3,487.7,487.5,487.6,488.2,488.7,488.9,497.7,497.1,496.8,497.0,497.6,498.2,498.5,498.7,500.4,498.1,496.1,495.1,496.2,498.8,501.8,499.9,498.0,497.1,497.5,499.1,498.8,498.8,498.7,498.4,498.2,498.1,498.2,498.5,6.3,-41.3,502.4,0.29,0.192,-0.074,0.0,0.0,0.0,0.0,0.0,0.15,0.0,0.0,0.04,0.0,0.0,0.16,0.22,0.17,0.21,0.12
-0.176431,0.352696,-0.918954,-0.16579,0.322848,-0.931817,-0.183,0.35,236.2,237.8,241.6,245.4,247.0,245.8,241.7,237.8,233.3,235.0,238.1,242.4,247.2,250.9,253.5,250.5,246.4,242.1,238.3,235.3,240.3,242.0,243.5,244.2,243.5,241.9,240.3,239.7,289.8,291.1,294.9,298.8,300.7,299.4,295.6,291.4,286.0,287.9,290.9,295.3,299.8,303.4,305.8,303.6,300.3,296.5,292.4,288.7,293.7,295.4,296.9,297.4,296.7,295.0,293.5,293.0,172.3,168.1,166.4,168.2,172.4,176.9,178.3,176.5,173.9,171.6,170.2,169.5,170.3,172.2,174.9,176.2,176.8,177.0,176.6,175.6,174.1,174.8,174.1,172.4,170.6,169.8,170.6,172.3,169.5,165.4,163.5,164.9,168.7,172.8,174.7,173.6,172.0,169.2,167.2,166.1,166.3,167.3,169.3,171.4,172.8,173.5,173.6,173.2,170.8,171.3,170.6,168.9,167.3,166.8,167.6,169.2,-28.4,-26.8,-22.8,-18.9,-17.2,-18.4,-22.8,-26.7,-31.7,-29.7,-26.4,-21.9,-17.0,-13.3,-10.7,-13.7,-17.9,-22.2,-26.2,-29.5,-24.2,-22.5,-20.8,-20.2,-20.9,-22.5,-24.2,-24.9,27.5,28.9,32.9,37.2,39.2,37.8,33.8,29.2,23.5,25.5,28.6,33.2,38.1,42.1,45.0,42.4,38.8,34.6,30.3,26.4,31.8,33.5,35.2,35.7,34.9,33.2,31.5,30.9,-79.5,-83.7,-85.1,-83.0,-78.7,-74.3,-73.1,-75.1,-78.7,-80.4,-81.3,-81.6,-80.7,-78.9,-76.4,-74.9,-74.3,-74.2,-74.9,-76.4,-77.6,-76.7,-77.3,-79.1,-80.9,-81.8,-81.2,-79.4,-85.8,-90.1,-92.1,-90.7,-86.8,-82.5,-80.4,-81.6,-83.6,-86.2,-88.0,-89.1,-89.1,-88.5,-86.9,-84.3,-82.5,-81.5,-81.4,-82.1,-84.7,-84.1,-84.9,-86.7,-88.3,-88.9,-88.1,-86.3,477.6,476.7,475.1,473.6,473.1,474.1,475.6,477.1,482.1,478.6,475.2,472.8,472.4,473.4,474.9,474.1,473.5,474.2,476.3,479.2,476.9,476.2,475.5,475.2,475.4,476.0,476.7,477.0,497.6,497.1,497.1,497.6,498.2,498.6,498.6,498.5,500.0,497.9,496.1,495.3,496.8,499.6,502.7,500.5,498.4,497.3,497.4,498.8,498.8,499.0,499.0,498.8,498.6,498.4,498.4,498.6,7.7,-43.0,502.8,0.283,0.193,-0.056,0.0,0.0,0.0,0.0,0.0,0.15,0.0,0.0,0.03,0.0,0.0,0.19,0.17,0.22,0.1,0.07
-0.166185,0.35333,-0.92062,-0.185622,0.325248,-0.927232,-0.188,0.352,238.5,240.1,244.1,248.0,249.6,248.3,243.9,240.0,235.2,237.2,240.4,244.8,249.4,253.1,255.7,252.7,248.6,244.3,240.5,237.3,242.6,244.2,245.9,246.6,246.0,244.3,242.7,241.9,292.0,293.6,297.4,301.3,302.9,301.4,297.6,293.4,288.5,290.5,293.5,297.8,302.2,305.7,308.1,305.7,302.4,298.7,294.7,291.1,295.9,297.5,299.1,299.8,299.1,297.4,295.8,295.2,170.1,165.9,164.1,165.9,170.1,174.7,176.1,174.4,171.8,169.6,168.2,167.5,168.2,170.1,172.6,174.0,174.5,174.7,174.4,173.5,172.0,172.7,172.0,170.2,168.4,167.7,168.4,170.2,167.9,163.9,162.2,163.8,167.7,171.6,173.3,172.0,169.9,167.4,165.6,164.9,165.4,166.4,168.4,170.4,171.6,172.1,172.0,171.3,169.4,170.1,169.3,167.7,166.0,165.4,166.1,167.7,-26.2,-24.4,-20.3,-16.3,-14.6,-16.0,-20.5,-24.5,-29.8,-27.5,-24.1,-19.5,-14.8,-11.1,-8.5,-11.5,-15.6,-20.0,-24.0,-27.4,-21.9,-20.2,-18.5,-17.7,-18.4,-20.1,-21.8,-22.6,30.4,32.1,36.2,40.4,42.3,40.7,36.5,32.0,26.7,28.7,31.9,36.5,41.3,45.4,48.3,45.5,41.7,37.6,33.3,29.5,34.7,36.5,38.2,38.9,38.1,36.3,34.6,33.9,-81.8,-86.1,-87.7,-85.6,-81.1,-76.6,-75.3,-77.4,-80.8,-82.6,-83.5,-83.8,-83.0,-81.3,-78.9,-77.4,-76.7,-76.6,-77.2,-78.6,-79.8,-79.0,-79.6,-81.4,-83.3,-84.2,-83.5,-81.7,-89.2,-93.4,-95.2,-93.5,-89.4,-85.2,-83.3,-84.8,-87.4,-89.7,-91.3,-92.0,-91.7,-91.0,-89.3,-86.8,-85.2,-84.4,-84.6,-85.6,-87.7,-87.0,-87.8,-89.5,-91.3,-92.0,-91.2,-89.5,478.1,477.7,476.4,474.9,474.2,474.8,475.9,477.3,482.3,479.1,476.0,473.9,473.7,474.6,476.0,474.9,474.1,474.6,476.5,479.3,477.4,476.8,476.3,476.1,476.4,477.0,477.6,477.8,506.6,506.2,506.0,506.2,506.7,507.2,507.4,507.5,508.9,506.8,505.0,504.1,505.4,507.9,510.9,508.8,506.9,505.8,506.1,507.6,507.7,507.8,507.7,507.5,507.3,507.2,507.3,507.5,9.5,-45.1,504.1,0.281,0.197,-0.039,0.0,0.0,0.0,0.0,0.0,0.07,0.0,0.0,0.0,0.0,0.0,0.19,0.1,0.18,0.02,0.02
-0.181243,0.357189,-0.916279,-0.205663,0.316693,-0.925963,-0.207,0.351,241.4,243.0,247.0,250.8,252.4,251.1,246.8,242.9,238.1,240.1,243.3,247.7,252.3,255.9,258.4,255.5,251.4,247.2,243.3,240.2,245.4,247.1,248.8,249.5,248.8,247.2,245.5,244.8,295.1,296.6,300.4,304.1,305.7,304.2,300.4,296.4,291.5,293.5,296.6,300.9,305.2,308.7,310.9,308.6,305.3,301.6,297.7,294.1,298.8,300.4,301.9,302.6,301.9,300.4,298.8,298.2,167.5,163.4,161.8,163.7,167.9,172.3,173.6,171.8,168.7,166.8,165.7,165.2,166.0,167.7,170.1,171.6,172.2,172.3,171.8,170.7,169.4,170.2,169.5,167.8,166.0,165.2,165.8,167.6,166.4,162.5,160.9,162.5,166.3,170.2,171.8,170.5,168.5,165.9,164.1,163.3,163.9,165.0,167.2,169.2,170.5,171.0,170.8,170.0,167.9,168.5,167.9,166.3,164.7,164.1,164.7,166.3,-23.4,-21.7,-17.6,-13.5,-11.9,-13.3,-17.8,-21.8,-27.1,-24.8,-21.3,-16.8,-12.0,-8.3,-5.7,-8.8,-12.9,-17.3,-21.3,-24.7,-19.2,-17.5,-15.7,-15.0,-15.7,-17.4,-19.1,-19.9,33.8,35.5,39.6,43.7,45.5,43.8,39.7,35.3,30.1,32.2,35.3,40.0,44.8,48.8,51.6,48.9,45.1,40.9,36.7,32.8,38.0,39.7,41.4,42.1,41.4,39.7,38.0,37.3,-85.4,-89.5,-90.9,-88.7,-84.3,-80.0,-78.8,-81.0,-84.9,-86.3,-86.8,-86.9,-86.1,-84.6,-82.5,-80.8,-80.0,-79.9,-80.7,-82.4,-83.4,-82.5,-83.1,-84.8,-86.7,-87.6,-87.0,-85.3,-91.1,-95.2,-96.9,-95.2,-91.2,-87.1,-85.3,-86.8,-89.2,-91.7,-93.3,-94.0,-93.6,-92.8,-91.1,-88.5,-86.8,-86.0,-86.3,-87.3,-89.7,-89.0,-89.7,-91.4,-93.0,-93.7,-93.0,-91.3,483.1,482.3,480.8,479.6,479.4,480.4,481.7,482.9,487.4,484.0,480.8,478.7,478.6,479.8,481.5,480.5,479.7,480.2,482.0,484.7,482.7,482.2,481.6,481.2,481.3,481.9,482.5,482.8,508.4,507.8,507.6,507.9,508.6,509.1,509.3,509.3,510.8,508.5,506.7,505.9,507.3,510.1,513.2,511.1,509.1,508.0,508.2,509.6,509.5,509.6,509.5,509.3,509.0,508.9,509.0,509.2,11.7,-47.2,504.3,0.273,0.209,-0.017,0.0,0.0,0.0,0.0,0.0,0.06,0.0,0.0,0.0,0.0,0.0,0.16,0.05,0.13,0.0,0.0
-0.173122,0.349822,-0.920681,-0.180923,0.310809,-0.933094,-0.189,0.342,245.0,246.8,250.7,254.5,256.0,254.5,250.3,246.4,241.4,243.6,247.0,251.3,255.7,259.1,261.4,258.6,254.7,250.6,246.8,243.6,249.0,250.6,252.2,253.0,252.4,250.8,249.1,248.4,298.7,300.3,304.1,307.9,309.4,307.8,304.0,299.9,294.8,296.8,299.8,304.1,308.4,311.9,314.2,311.8,308.5,304.7,300.8,297.3,302.5,304.0,305.6,306.2,305.6,304.1,302.5,301.8,165.0,161.0,159.5,161.3,165.5,169.8,171.0,169.2,166.2,164.3,163.3,162.8,163.7,165.5,168.0,169.3,169.7,169.8,169.2,168.1,166.9,167.7,167.1,165.4,163.6,162.9,163.5,165.2,164.9,161.0,159.5,161.2,165.1,168.9,170.5,169.0,167.1,164.6,162.8,162.1,162.8,164.1,166.2,168.0,169.0,169.4,169.1,168.5,166.5,167.2,166.6,165.0,163.4,162.7,163.3,164.9,-20.2,-18.3,-14.1,-10.0,-8.5,-10.0,-14.6,-18.7,-24.2,-21.7,-18.0,-13.4,-8.7,-5.2,-2.7,-5.7,-9.8,-14.2,-18.3,-21.8,-16.0,-14.3,-12.5,-11.7,-12.3,-14.1,-15.8,-16.6,38.2,40.0,44.2,48.3,50.0,48.3,44.1,39.6,34.1,36.2,39.4,44.0,48.8,52.9,55.8,52.9,49.0,44.8,40.5,36.7,42.4,44.2,45.9,46.6,45.9,44.2,42.5,41.7,-90.3,-94.5,-95.9,-93.8,-89.3,-84.9,-83.7,-85.8,-89.8,-91.2,-91.8,-92.0,-91.1,-89.4,-87.1,-85.5,-84.8,-84.8,-85.6,-87.3,-88.3,-87.4,-88.0,-89.7,-91.6,-92.5,-91.9,-90.2,-93.8,-97.9,-99.6,-97.8,-93.6,-89.4,-87.7,-89.3,-91.8,-94.2,-95.7,-96.4,-95.9,-94.9,-93.0,-90.7,-89.2,-88.7,-89.0,-90.0,-92.1,-91.4,-92.1,-93.8,-95.6,-96.3,-95.6,-93.9,496.1,495.7,494.6,493.6,493.2,493.9,494.7,495.8,500.2,497.0,494.1,492.3,492.5,493.8,495.4,494.2,493.1,493.3,494.9,497.5,495.9,495.5,495.1,494.9,495.0,495.5,495.9,496.1,514.0,513.7,513.7,513.9,514.2,514.5,514.6,514.7,516.6,514.5,512.6,511.7,512.9,515.4,518.3,516.2,514.2,513.2,513.6,515.2,515.0,515.1,515.1,515.0,514.8,514.8,514.8,514.9,14.4,-49.7,506.6,0.261,0.217,0.006,0.0,0.0,0.0,0.0,0.0,0.12,0.08,0.0,0.01,0.0,0.0,0.11,0.05,0.06,0.02,0.0
-0.079566,0.379483,-0.921771,-0.245134,0.352142,-0.903275,-0.176,0.381,249.9,251.5,255.2,258.7,260.2,258.9,254.9,251.4,245.6,247.8,250.9,254.7,258.6,261.7,264.0,261.5,258.0,254.3,250.8,247.8,253.5,255.1,256.7,257.3,256.7,255.2,253.6,252.9,301.8,303.7,307.5,310.9,311.9,309.9,306.1,302.5,298.7,300.9,303.9,307.8,311.7,315.0,317.5,314.7,311.3,307.6,303.9,300.8,305.1,306.6,308.3,309.1,308.7,307.2,305.6,304.7,164.1,160.4,158.9,160.5,164.1,168.1,169.3,167.8,165.6,164.1,163.1,162.5,163.0,164.2,165.8,166.9,167.2,167.3,167.2,166.7,165.8,166.5,165.9,164.3,162.7,162.0,162.7,164.2,165.2,161.8,160.6,162.4,166.1,169.6,170.8,169.3,166.5,165.1,164.2,164.1,165.2,166.7,168.7,169.1,168.9,168.5,168.0,167.5,167.3,168.1,167.6,166.1,164.5,163.7,164.2,165.7,-16.7,-14.9,-10.5,-6.2,-4.5,-6.1,-10.7,-15.0,-22.0,-19.3,-15.5,-11.0,-6.4,-2.7,-0.0,-3.0,-7.0,-11.5,-15.7,-19.3,-12.5,-10.6,-8.7,-7.9,-8.7,-10.5,-12.4,-13.2,44.5,46.9,51.3,55.2,56.2,53.8,49.4,45.3,41.1,43.5,46.9,51.3,55.9,60.0,63.1,59.6,55.4,51.0,46.7,43.3,48.4,50.1,52.0,53.1,52.6,51.0,49.0,48.0,-102.1,-106.6,-108.4,-106.4,-101.8,-97.1,-95.6,-97.6,-101.1,-102.4,-103.1,-103.5,-103.0,-101.8,-100.2,-98.6,-98.0,-97.7,-98.2,-99.2,-100.0,-99.2,-100.0,-101.9,-103.9,-104.7,-104.0,-102.0,-99.9,-104.1,-105.4,-103.0,-98.4,-94.2,-92.9,-94.9,-98.7,-100.0,-100.7,-100.6,-99.4,-97.9,-96.0,-95.1,-94.9,-95.3,-96.1,-97.1,-97.3,-96.3,-96.8,-98.7,-100.7,-101.7,-101.2,-99.3,554.7,555.2,555.1,554.4,553.5,553.2,553.1,553.8,558.8,556.0,553.6,552.2,552.5,553.7,555.1,553.4,552.0,551.8,553.3,555.8,554.8,554.5,554.5,554.7,555.1,555.4,555.4,555.2,549.7,550.4,550.1,548.9,547.5,546.7,547.1,548.5,551.7,549.8,547.9,546.7,547.1,548.6,550.6,548.2,546.4,545.9,546.9,549.2,549.2,548.7,548.6,548.9,549.5,550.0,550.2,549.9,17.3,-51.8,510.1,0.248,0.227,0.028,0.0,0.0,0.0,0.0,0.0,0.12,0.08,0.0,0.03,0.0,0.0,0.05,0.05,0.01,0.08,0.0
-0.026269,0.451264,-0.892004,-0.344845,0.416063,-0.841412,-0.211,0.464,254.3,256.2,260.1,263.6,264.8,263.0,259.0,255.5,247.7,251.0,255.0,259.3,263.2,265.8,267.5,265.5,262.4,258.5,254.5,250.8,257.5,259.1,260.8,261.6,261.1,259.5,257.8,257.0,304.0,306.0,310.1,313.8,315.0,313.0,308.9,305.0,301.5,304.0,307.3,311.4,315.6,319.1,321.8,318.9,315.2,311.3,307.2,303.7,307.7,309.4,311.2,312.1,311.6,309.9,308.1,307.2,165.5,161.6,160.0,161.7,165.6,169.6,171.0,169.4,165.6,164.6,164.1,163.7,163.8,164.3,165.4,167.4,168.5,169.0,168.6,167.5,167.1,167.8,167.1,165.4,163.6,162.9,163.6,165.3,167.6,163.8,162.7,164.8,169.0,172.8,174.0,172.0,167.3,166.6,166.3,166.6,167.5,168.5,169.8,171.4,172.1,172.1,171.1,169.7,169.8,170.8,170.2,168.5,166.7,165.7,166.2,167.9,-10.5,-8.4,-4.3,-0.4,0.8,-1.1,-5.5,-9.3,-17.9,-14.1,-9.8,-5.1,-0.9,2.0,3.8,1.6,-1.8,-6.0,-10.3,-14.4,-7.1,-5.4,-3.6,-2.6,-3.2,-4.9,-6.8,-7.7,43.2,45.3,49.6,53.6,54.9,52.9,48.6,44.3,40.6,43.1,46.5,50.9,55.5,59.5,62.8,59.3,55.2,50.8,46.5,42.9,47.3,49.1,51.0,51.9,51.3,49.5,47.6,46.7,-92.1,-96.2,-98.1,-96.7,-92.8,-88.5,-86.7,-88.1,-92.5,-93.1,-93.4,-93.9,-94.2,-94.1,-93.5,-91.0,-89.3,-88.4,-88.8,-90.1,-90.9,-90.2,-91.1,-92.9,-94.7,-95.3,-94.5,-92.6,-89.0,-92.9,-94.0,-91.6,-87.2,-83.2,-82.1,-84.4,-89.6,-90.0,-90.0,-89.5,-88.7,-88.0,-87.1,-84.9,-83.9,-83.8,-84.9,-86.8,-86.7,-85.7,-86.2,-87.9,-89.9,-91.0,-90.5,-88.7,508.5,508.0,509.0,511.0,512.7,513.6,512.2,510.2,510.9,508.7,507.6,507.8,509.8,512.7,515.8,513.7,511.0,509.4,509.2,509.8,511.2,512.1,512.5,512.3,511.6,510.7,510.2,510.4,504.3,503.3,502.3,501.8,502.2,503.3,504.3,505.1,505.9,503.6,501.6,500.7,501.6,503.7,506.5,504.4,502.7,501.8,502.3,504.2,504.7,504.6,504.1,503.6,503.5,503.7,504.1,504.6,20.7,-53.7,514.7,0.237,0.218,0.054,0.0,0.0,0.0,0.0,0.0,0.33,0.15,0.0,0.06,0.02,0.03,0.11,0.09,0.0,0.1,0.01
-0.09204,0.44735,-0.88961,-0.347687,0.398466,-0.848728,-0.248,0.453,256.8,258.4,262.1,265.7,267.1,265.6,261.7,258.2,251.1,254.2,257.9,262.2,266.0,268.7,270.4,268.5,265.4,261.6,257.7,254.1,260.1,261.7,263.3,264.0,263.4,261.9,260.2,259.5,308.2,310.2,314.0,317.4,318.4,316.5,312.7,309.1,306.0,308.1,311.1,315.1,319.4,323.0,325.8,322.6,318.9,314.9,311.0,307.9,311.9,313.3,314.9,315.7,315.3,313.8,312.2,311.4,162.2,158.4,156.9,158.5,162.3,166.3,167.6,166.0,162.8,161.8,161.1,160.6,160.8,161.5,162.6,163.9,164.6,164.9,164.8,164.1,163.8,164.5,163.9,162.2,160.5,159.8,160.5,162.2,165.0,161.4,160.5,162.7,166.8,170.3,171.3,169.3,165.1,164.3,164.1,164.5,165.6,166.7,168.2,169.4,169.7,169.3,168.4,167.1,167.2,168.1,167.7,166.2,164.5,163.6,164.0,165.4,-8.3,-6.4,-2.1,2.0,3.6,1.9,-2.6,-6.7,-14.9,-11.3,-7.0,-2.1,2.3,5.4,7.5,5.2,1.6,-2.8,-7.2,-11.4,-4.5,-2.7,-0.8,0.0,-0.7,-2.5,-4.3,-5.2,49.3,51.3,55.3,59.0,60.2,58.2,54.1,50.2,46.9,49.1,52.1,56.4,61.2,65.4,68.8,65.1,60.8,56.3,52.1,48.9,53.3,54.8,56.5,57.4,56.9,55.3,53.6,52.8,-101.0,-105.3,-107.2,-105.6,-101.4,-96.8,-95.1,-96.7,-100.8,-101.6,-102.1,-102.6,-102.8,-102.5,-101.8,-99.7,-98.5,-97.8,-98.0,-99.0,-99.5,-98.8,-99.6,-101.5,-103.4,-104.1,-103.2,-101.3,-94.6,-98.4,-99.1,-96.5,-92.1,-88.3,-87.5,-90.0,-94.9,-95.3,-95.1,-94.4,-93.3,-92.3,-91.2,-89.5,-88.9,-89.2,-90.5,-92.4,-92.2,-91.1,-91.5,-93.0,-94.9,-96.0,-95.7,-94.1,536.7,536.6,537.4,538.6,539.5,540.1,538.9,537.7,539.6,537.3,535.8,535.8,537.6,540.3,543.1,540.7,538.0,536.6,536.7,537.8,538.8,539.3,539.6,539.6,539.2,538.6,538.3,538.3,519.6,518.4,516.8,515.9,516.1,517.4,518.9,520.3,521.7,519.1,516.6,515.1,515.6,517.4,520.0,518.1,516.7,516.3,517.4,519.7,519.5,519.1,518.5,517.9,517.8,518.2,518.9,519.4,23.7,-55.4,511.7,0.245,0.218,0.072,0.0,0.0,0.0,0.0,0.0,0.54,0.17,0.0,0.07,0.02,0.05,0.17,0.05,0.0,0.13,0.09
-0.128522,0.427621,-0.894775,-0.272597,0.377099,-0.885148,-0.222,0.425,259.9,261.5,265.2,268.8,270.2,268.7,264.8,261.3,254.8,257.8,261.5,265.6,269.3,271.9,273.6,271.6,268.7,265.1,261.3,257.7,263.3,264.8,266.4,267.1,266.5,265.0,263.4,262.7,312.5,314.7,318.5,321.6,322.3,320.2,316.4,313.0,309.7,311.8,314.6,318.3,322.3,325.8,328.6,325.4,321.7,317.9,314.3,311.4,315.8,317.2,318.8,319.7,319.4,318.1,316.5,315.5,159.2,155.4,153.9,155.5,159.3,163.3,164.6,163.0,159.8,158.8,158.2,157.9,158.1,159.0,160.2,161.4,161.9,162.1,161.9,161.1,160.8,161.5,160.9,159.2,157.6,156.9,157.6,159.2,162.6,159.1,158.1,160.2,164.1,167.6,168.6,166.8,163.2,162.3,161.8,162.1,163.3,164.9,166.7,166.9,166.5,165.8,165.0,164.4,164.9,165.8,165.3,163.9,162.2,161.3,161.7,163.2,-4.8,-2.9,1.4,5.6,7.3,5.6,1.0,-3.2,-10.8,-7.3,-2.9,1.9,6.2,9.4,11.4,9.0,5.6,1.3,-3.2,-7.4,-0.9,0.9,2.8,3.7,3.0,1.1,-0.7,-1.6,56.6,59.2,63.4,66.9,67.6,65.1,60.8,57.1,53.6,55.8,58.8,62.9,67.5,71.7,75.2,71.2,66.8,62.4,58.4,55.3,60.4,61.9,63.7,64.8,64.5,63.0,61.2,60.1,-106.8,-111.2,-113.1,-111.4,-107.1,-102.5,-100.8,-102.5,-106.5,-107.3,-107.7,-108.1,-108.2,-107.7,-106.8,-104.9,-103.8,-103.3,-103.6,-104.7,-105.2,-104.5,-105.3,-107.2,-109.1,-109.9,-109.0,-107.1,-102.0,-106.1,-107.0,-104.3,-99.5,-95.5,-94.5,-97.0,-101.8,-102.4,-102.5,-101.8,-100.3,-98.8,-97.0,-96.4,-96.7,-97.5,-98.7,-99.9,-99.2,-98.0,-98.4,-100.2,-102.2,-103.4,-103.0,-101.2,548.8,548.7,549.4,550.5,551.3,551.7,550.6,549.6,551.2,549.1,547.7,547.7,549.6,552.3,555.0,552.6,550.0,548.5,548.5,549.6,550.7,551.1,551.4,551.4,551.1,550.6,550.3,550.3,544.6,544.7,543.5,541.9,540.8,540.7,541.9,543.8,547.3,544.8,542.2,540.5,540.3,541.4,543.4,541.3,540.1,540.1,541.7,544.6,543.8,543.1,542.7,542.7,543.2,543.9,544.3,544.3,26.6,-56.8,510.0,0.248,0.222,0.087,0.0,0.0,0.0,0.0,0.0,0.71,0.17,0.0,0.05,0.05,0.12,0.21,0.05,0.0,0.13,0.16
-0.150785,0.390307,-0.908254,-0.230045,0.296543,-0.926899,-0.205,0.358,262.8,264.6,268.5,272.2,273.5,271.9,267.8,264.2,258.2,261.0,264.6,268.7,272.6,275.5,277.3,275.0,271.8,268.0,264.2,260.8,266.4,268.0,269.7,270.5,269.9,268.3,266.6,265.8,315.9,318.1,321.9,325.2,325.9,323.7,319.9,316.4,312.1,314.5,317.6,321.6,325.5,328.6,330.7,328.1,324.7,321.0,317.4,314.2,319.1,320.5,322.1,323.0,322.7,321.4,319.7,318.8,157.2,153.5,152.1,154.0,158.0,162.0,163.1,161.2,158.3,157.0,156.2,155.9,156.5,158.0,159.9,160.9,161.2,161.2,160.7,159.8,159.2,160.1,159.5,157.8,156.1,155.3,155.9,157.5,160.8,157.6,156.8,158.9,162.6,165.8,166.6,164.8,162.6,161.1,160.3,160.4,161.8,163.7,166.0,166.4,166.0,165.4,164.5,163.8,163.1,164.0,163.7,162.3,160.8,159.9,160.2,161.6,-1.3,0.7,5.2,9.4,10.9,9.1,4.4,0.2,-6.7,-3.5,0.6,5.4,9.8,13.1,15.3,12.6,8.9,4.5,0.3,-3.7,2.7,4.5,6.5,7.4,6.7,4.9,2.9,2.0,60.3,62.9,67.4,71.1,71.8,69.1,64.6,60.7,56.1,58.6,62.1,66.6,71.2,75.0,77.8,74.3,70.2,65.8,61.7,58.2,64.0,65.6,67.4,68.6,68.3,66.7,64.9,63.7,-105.9,-110.3,-111.9,-109.8,-105.3,-100.6,-99.3,-101.3,-105.2,-106.3,-106.9,-107.1,-106.6,-105.4,-103.6,-102.0,-101.3,-101.1,-101.7,-103.1,-103.8,-102.9,-103.6,-105.5,-107.5,-108.5,-107.7,-105.8,-103.6,-107.6,-108.5,-105.9,-101.3,-97.4,-96.5,-98.7,-101.9,-103.3,-104.0,-103.7,-102.1,-100.2,-97.9,-97.0,-97.1,-97.7,-98.8,-100.0,-100.9,-99.8,-100.2,-101.8,-103.8,-104.9,-104.5,-102.8,532.8,533.2,533.6,533.8,533.7,533.6,532.9,532.7,535.6,533.3,531.6,531.2,532.4,534.5,536.7,534.6,532.4,531.4,531.9,533.5,533.9,534.0,534.1,534.3,534.4,534.3,534.1,533.9,542.1,543.2,543.4,542.5,540.9,539.8,539.6,540.7,543.9,542.3,540.6,539.7,540.3,542.0,544.2,541.5,539.5,538.7,539.5,541.6,541.9,541.5,541.5,542.0,542.7,543.1,543.0,542.5,29.6,-57.8,510.8,0.253,0.228,0.097,0.0,0.0,0.0,0.0,0.0,0.67,0.1,0.0,0.02,0.06,0.12,0.16,0.0,0.0,0.2,0.29
-0.165876,0.37118,-0.913625,-0.243249,0.27116,-0.931291,-0.218,0.335,265.2,267.1,271.1,274.8,276.0,274.4,270.2,266.5,260.9,263.5,266.9,271.0,275.1,278.2,280.3,277.7,274.1,270.2,266.5,263.2,268.9,270.5,272.2,273.1,272.5,270.9,269.2,268.3,318.5,320.8,324.6,327.7,328.3,326.0,322.3,318.9,314.9,317.1,320.1,324.1,328.1,331.3,333.3,330.5,327.0,323.3,319.7,316.7,321.7,323.0,324.6,325.5,325.3,324.0,322.4,321.5,156.2,152.4,151.1,153.0,157.1,161.2,162.2,160.3,157.3,155.9,155.2,155.0,155.8,157.2,159.2,160.3,160.6,160.6,160.0,159.0,158.3,159.1,158.6,156.9,155.1,154.3,154.9,156.5,160.1,156.8,156.1,158.2,162.1,165.3,166.1,164.1,162.0,160.4,159.4,159.6,161.2,163.2,165.7,166.5,166.4,165.8,164.7,163.7,162.4,163.3,163.0,161.6,160.0,159.1,159.4,160.8,1.4,3.5,8.0,12.1,13.5,11.7,6.9,2.8,-3.5,-0.6,3.2,7.8,12.4,15.9,18.3,15.3,11.3,6.9,2.7,-0.8,5.5,7.3,9.3,10.2,9.6,7.8,5.8,4.9,62.6,65.2,69.5,73.0,73.6,70.9,66.7,62.9,58.8,61.0,64.2,68.6,73.3,77.2,79.9,76.3,72.0,67.8,63.8,60.6,66.3,67.7,69.5,70.6,70.3,68.9,67.1,66.0,-105.2,-109.5,-110.9,-108.7,-104.1,-99.5,-98.4,-100.6,-104.8,-105.7,-106.1,-106.1,-105.3,-104.0,-102.2,-100.6,-99.9,-99.9,-100.8,-102.4,-103.0,-102.0,-102.6,-104.5,-106.5,-107.5,-106.9,-105.0,-103.3,-107.1,-107.9,-105.2,-100.6,-96.9,-96.1,-98.5,-101.5,-103.0,-103.8,-103.3,-101.6,-99.5,-97.1,-95.8,-95.6,-96.3,-97.6,-99.2,-100.6,-99.5,-99.8,-101.4,-103.3,-104.4,-104.1,-102.5,523.6,523.7,523.4,522.9,522.6,522.8,522.8,523.3,527.3,524.5,522.2,521.0,521.6,523.1,525.0,523.3,521.7,521.4,522.6,524.8,524.0,523.8,523.7,523.7,523.9,524.1,524.2,524.2,535.9,536.2,535.8,534.9,534.0,533.7,534.1,535.3,538.5,536.5,534.4,533.0,533.5,535.2,537.5,535.3,533.7,533.2,534.2,536.4,535.8,535.4,535.2,535.4,535.7,536.1,536.3,536.2,31.9,-58.2,510.2,0.259,0.236,0.104,0.0,0.0,0.0,0.0,0.0,0.43,0.0,0.0,0.0,0.05,0.19,0.07,0.0,0.0,0.38,0.31
-0.193717,0.337213,-0.921282,-0.253494,0.260449,-0.931615,-0.237,0.312,266.9,269.2,273.4,277.1,278.2,276.2,271.7,268.0,263.1,265.5,268.9,273.1,277.4,280.8,283.2,280.1,276.1,272.0,268.2,265.1,270.7,272.4,274.2,275.2,274.8,273.1,271.2,270.2,320.3,322.6,326.5,329.7,330.4,328.1,324.2,320.7,316.7,318.7,321.7,325.9,330.2,333.7,335.9,332.8,329.0,325.1,321.5,318.5,323.7,325.0,326.6,327.6,327.3,325.9,324.3,323.4,155.7,151.8,150.4,152.3,156.4,160.7,161.7,159.8,157.6,155.7,154.5,154.1,155.1,157.1,159.6,160.4,160.2,160.0,159.6,158.9,158.0,158.8,158.2,156.5,154.7,153.8,154.4,156.2,159.8,156.4,155.6,157.8,161.8,165.2,166.1,164.1,162.0,160.0,158.8,158.9,160.6,162.8,165.5,166.6,166.6,166.0,164.9,163.8,162.2,163.1,162.8,161.3,159.7,158.7,159.1,160.5,3.0,5.4,9.9,13.7,14.8,12.7,8.0,4.1,-1.0,1.6,5.1,9.5,14.0,17.5,20.0,16.8,12.6,8.3,4.4,1.2,7.0,8.7,10.7,11.7,11.3,9.5,7.6,6.5,61.4,63.9,68.0,71.3,72.0,69.5,65.4,61.8,57.8,59.8,62.7,67.0,71.7,75.8,78.5,74.8,70.5,66.3,62.5,59.5,65.0,66.4,68.1,69.2,68.9,67.5,65.8,64.8,-98.9,-103.1,-104.5,-102.1,-97.5,-92.9,-91.9,-94.3,-97.5,-99.1,-99.8,-99.9,-98.7,-96.8,-94.3,-93.3,-93.3,-93.5,-94.3,-95.6,-96.3,-95.3,-95.8,-97.7,-99.8,-100.8,-100.2,-98.4,-98.3,-102.0,-102.8,-100.1,-95.7,-92.0,-91.2,-93.6,-96.5,-98.3,-99.1,-98.7,-96.9,-94.8,-92.2,-90.7,-90.5,-91.1,-92.5,-94.2,-95.7,-94.6,-94.9,-96.5,-98.3,-99.4,-99.1,-97.6,489.2,490.1,489.5,487.8,486.0,485.3,485.8,487.4,492.8,490.1,487.6,485.9,485.6,486.2,487.0,485.5,484.5,484.8,486.6,489.5,488.3,487.6,487.3,487.7,488.5,489.2,489.5,489.1,508.8,508.7,507.9,506.9,506.2,506.3,507.1,508.4,511.8,509.5,507.1,505.4,505.6,507.2,509.5,507.6,506.3,506.1,507.3,509.7,508.5,508.1,507.8,507.7,508.0,508.4,508.8,508.8,33.9,-57.9,508.6,0.269,0.241,0.106,0.0,0.0,0.0,0.0,0.0,0.39,0.0,0.0,0.0,0.02,0.21,0.05,0.0,0.0,0.53,0.5
-0.210103,0.343795,-0.915239,-0.249964,0.265349,-0.931186,-0.244,0.319,268.3,270.4,274.5,278.3,279.5,277.7,273.2,269.5,264.3,266.8,270.3,274.7,279.1,282.4,284.6,281.7,277.8,273.7,269.8,266.6,272.1,273.7,275.5,276.4,275.9,274.3,272.5,271.6,321.9,324.2,328.0,331.2,331.9,329.6,325.7,322.3,318.2,320.3,323.3,327.5,331.7,335.2,337.3,334.3,330.5,326.7,323.0,320.0,325.2,326.5,328.1,329.1,328.8,327.5,325.9,324.9,155.6,151.7,150.3,152.4,156.6,160.9,161.9,159.9,157.1,155.5,154.5,154.3,155.3,157.2,159.5,160.6,160.8,160.6,160.0,158.9,157.9,158.8,158.2,156.5,154.6,153.7,154.3,156.0,159.9,156.5,155.6,157.8,161.8,165.2,166.0,164.1,162.0,160.0,158.7,158.8,160.5,162.8,165.6,166.5,166.5,165.8,164.8,163.7,162.2,163.1,162.8,161.4,159.7,158.8,159.2,160.6,4.5,6.7,11.1,15.0,16.3,14.4,9.7,5.8,0.3,3.0,6.7,11.2,15.8,19.3,21.8,18.7,14.5,10.2,6.1,2.7,8.5,10.3,12.2,13.1,12.6,10.9,9.0,8.0,63.6,66.1,70.3,73.7,74.3,71.8,67.6,64.0,59.9,62.0,65.0,69.3,74.0,78.0,80.7,77.0,72.7,68.5,64.7,61.6,67.2,68.6,70.3,71.4,71.1,69.7,68.0,67.0,-99.6,-103.8,-105.1,-102.7,-98.1,-93.6,-92.7,-95.0,-98.8,-100.0,-100.4,-100.4,-99.4,-97.7,-95.5,-94.0,-93.6,-93.8,-94.7,-96.4,-97.2,-96.2,-96.8,-98.6,-100.6,-101.6,-101.1,-99.3,-99.0,-102.8,-103.6,-101.0,-96.5,-92.7,-91.9,-94.3,-97.2,-99.1,-100.0,-99.6,-97.8,-95.6,-92.9,-91.5,-91.3,-92.0,-93.3,-94.9,-96.4,-95.3,-95.7,-97.2,-99.1,-100.2,-99.8,-98.3,492.8,492.9,492.2,491.2,490.4,490.5,491.0,492.0,496.5,493.6,491.0,489.4,489.7,490.9,492.5,491.0,489.7,489.7,491.1,493.6,492.6,492.1,491.8,491.9,492.2,492.7,493.0,492.9,512.8,513.0,512.4,511.3,510.4,510.3,510.9,512.2,515.7,513.5,511.3,509.6,509.9,511.5,513.6,511.6,510.2,509.9,511.1,513.5,512.5,512.1,511.8,511.9,512.3,512.7,513.0,512.9,35.3,-57.8,508.1,0.278,0.24,0.106,0.0,0.0,0.0,0.0,0.0,0.31,0.0,0.0,0.0,0.0,0.31,0.03,0.0,0.0,0.77,0.64
-0.221517,0.354028,-0.908622,-0.24047,0.281582,-0.928916,-0.246,0.333,269.2,271.4,275.5,279.2,280.3,278.4,274.0,270.3,265.5,268.0,271.4,275.7,280.1,283.4,285.7,282.7,278.8,274.6,270.8,267.6,273.0,274.6,276.4,277.3,276.9,275.3,273.5,272.5,322.9,325.1,329.0,332.2,332.9,330.7,326.8,323.3,319.2,321.3,324.3,328.5,332.7,336.0,338.0,335.1,331.5,327.8,324.1,321.0,326.2,327.6,329.2,330.1,329.8,328.4,326.8,325.9,155.6,151.6,150.3,152.4,156.7,161.0,161.9,159.8,157.0,155.3,154.3,154.1,155.3,157.2,159.7,160.7,160.7,160.5,159.9,158.8,157.9,158.8,158.2,156.5,154.7,153.8,154.3,156.0,159.9,156.5,155.7,157.9,161.9,165.3,166.1,164.1,161.6,159.7,158.6,158.7,160.4,162.5,165.3,166.4,166.4,165.9,164.8,163.5,162.2,163.1,162.8,161.4,159.7,158.8,159.2,160.6,5.5,7.8,12.1,16.0,17.1,15.1,10.5,6.6,1.6,4.2,7.8,12.3,16.8,20.4,22.8,19.6,15.4,11.1,7.1,3.8,9.5,11.1,13.0,14.0,13.5,11.9,10.0,9.0,65.6,68.1,72.3,75.8,76.5,74.1,69.9,66.1,61.9,64.0,67.0,71.4,76.2,80.1,82.8,79.2,75.0,70.8,66.8,63.7,69.3,70.8,72.5,73.6,73.3,71.8,70.1,69.0,-99.4,-103.5,-104.7,-102.3,-97.6,-93.1,-92.2,-94.7,-98.6,-99.8,-100.2,-100.1,-98.9,-97.1,-94.8,-93.4,-93.2,-93.4,-94.4,-96.1,-96.8,-95.8,-96.3,-98.1,-100.1,-101.2,-100.7,-98.9,-100.4,-104.1,-104.9,-102.3,-97.8,-94.1,-93.3,-95.7,-99.0,-100.8,-101.6,-101.1,-99.3,-97.3,-94.7,-93.2,-92.8,-93.3,-94.7,-96.5,-97.8,-96.8,-97.1,-98.6,-100.5,-101.6,-101.3,-99.7,491.0,491.1,490.3,489.0,488.0,488.0,488.7,490.0,494.7,491.8,489.1,487.4,487.4,488.4,489.8,488.3,487.2,487.3,489.0,491.7,490.5,489.9,489.6,489.6,490.1,490.6,491.0,490.9,520.0,519.9,519.3,518.6,518.2,518.3,518.9,519.9,522.9,520.7,518.5,517.0,517.5,519.3,521.8,519.8,518.4,517.9,518.8,521.0,520.1,519.8,519.6,519.5,519.7,520.0,520.2,520.3,36.1,-57.3,506.1,0.287,0.238,0.107,0.0,0.0,0.0,0.0,0.0,0.29,0.0,0.0,0.0,0.0,0.29,0.03,0.0,0.0,0.89,0.81
-0.222739,0.351761,-0.909204,-0.252969,0.269329,-0.92923,-0.253,0.326,269.8,271.9,276.0,279.7,280.8,278.9,274.5,270.8,266.1,268.5,272.0,276.3,280.6,283.9,286.0,283.1,279.2,275.1,271.3,268.2,273.5,275.1,276.9,277.8,277.3,275.7,274.0,273.1,323.4,325.6,329.5,332.8,333.5,331.2,327.3,323.8,319.6,321.9,325.0,329.3,333.5,336.8,338.8,335.8,332.2,328.4,324.7,321.5,326.7,328.0,329.7,330.6,330.3,329.0,327.4,326.4,155.5,151.6,150.3,152.5,156.7,160.9,161.8,159.7,156.7,155.1,154.2,154.1,155.3,157.3,159.8,160.8,160.8,160.5,159.8,158.5,157.8,158.7,158.1,156.5,154.6,153.7,154.3,155.9,160.1,156.7,155.9,158.1,162.0,165.4,166.2,164.3,162.1,160.0,158.7,158.8,160.6,162.9,165.9,166.8,166.7,166.1,165.0,163.9,162.4,163.3,163.0,161.6,160.0,159.0,159.4,160.8,6.1,8.4,12.8,16.7,17.8,15.9,11.2,7.3,2.2,4.9,8.5,13.1,17.6,21.1,23.5,20.3,16.2,11.8,7.8,4.5,10.2,11.8,13.7,14.7,14.2,12.5,10.6,9.7,65.2,67.7,72.0,75.4,76.0,73.5,69.3,65.6,61.4,63.6,66.8,71.3,76.0,79.8,82.4,78.8,74.6,70.3,66.4,63.2,68.8,70.3,72.0,73.1,72.8,71.4,69.6,68.6,-100.9,-105.0,-106.2,-103.7,-99.1,-94.6,-93.8,-96.2,-100.4,-101.5,-101.8,-101.6,-100.4,-98.6,-96.2,-94.9,-94.6,-94.9,-96.0,-97.8,-98.4,-97.3,-97.9,-99.6,-101.6,-102.7,-102.2,-100.4,-98.8,-102.5,-103.4,-100.8,-96.3,-92.5,-91.7,-94.0,-97.0,-99.0,-100.0,-99.6,-97.8,-95.5,-92.7,-91.3,-91.0,-91.6,-93.0,-94.6,-96.2,-95.1,-95.4,-97.0,-98.9,-99.9,-99.6,-98.0,498.2,498.1,497.3,496.2,495.4,495.7,496.3,497.4,501.8,498.9,496.2,494.6,494.8,496.0,497.5,496.2,494.9,495.0,496.5,499.0,497.9,497.4,497.0,497.0,497.3,497.8,498.2,498.2,512.5,512.8,512.4,511.5,510.7,510.4,510.7,511.9,514.9,513.0,511.0,509.7,510.2,511.9,514.2,512.0,510.3,509.8,510.7,512.9,512.4,512.0,511.8,512.0,512.3,512.7,512.8,512.7,36.4,-57.0,504.8,0.285,0.236,0.111,0.0,0.0,0.0,0.0,0.0,0.26,0.0,0.0,0.0,0.0,0.31,0.0,0.0,0.0,0.99,0.81
-0.21447,0.36569,-0.90569,-0.258091,0.279548,-0.924793,-0.253,0.339,269.8,272.1,276.2,279.9,280.9,279.0,274.5,270.9,266.0,268.5,272.1,276.4,280.7,283.9,285.9,283.0,279.2,275.1,271.3,268.1,273.6,275.2,276.9,277.9,277.4,275.9,274.1,273.2,323.4,325.5,329.3,332.6,333.4,331.2,327.4,323.9,319.6,322.0,325.2,329.5,333.5,336.4,338.1,335.6,332.3,328.7,325.0,321.7,326.6,328.0,329.5,330.4,330.1,328.8,327.2,326.3,155.7,151.8,150.7,152.9,157.1,161.3,162.2,160.0,156.7,155.1,154.3,154.3,155.5,157.6,160.1,161.1,161.1,160.8,159.9,158.6,158.0,159.0,158.5,156.8,155.0,154.1,154.6,156.2,160.5,157.1,156.3,158.5,162.4,165.7,166.6,164.6,162.4,160.3,159.1,159.2,160.8,163.0,165.7,166.9,167.1,166.6,165.6,164.3,162.8,163.6,163.3,161.9,160.3,159.4,159.8,161.1,6.2,8.6,13.0,16.9,18.0,15.9,11.2,7.3,2.1,4.9,8.6,13.2,17.7,21.1,23.4,20.3,16.1,11.8,7.8,4.4,10.3,11.9,13.8,14.8,14.3,12.7,10.8,9.8,66.6,69.1,73.4,77.1,77.9,75.4,71.1,67.1,62.6,65.1,68.6,73.2,77.9,81.6,83.8,80.6,76.6,72.4,68.3,64.8,70.4,71.9,73.6,74.7,74.3,72.8,71.0,70.0,-100.7,-104.8,-105.9,-103.4,-98.7,-94.3,-93.5,-96.0,-100.4,-101.5,-101.8,-101.5,-100.3,-98.4,-96.0,-94.7,-94.4,-94.7,-95.9,-97.8,-98.2,-97.1,-97.6,-99.4,-101.3,-102.4,-102.0,-100.2,-100.5,-104.3,-105.3,-102.8,-98.3,-94.5,-93.5,-95.8,-98.7,-100.7,-101.7,-101.5,-99.9,-98.0,-95.4,-93.6,-93.0,-93.3,-94.5,-96.2,-98.0,-97.0,-97.4,-99.0,-100.8,-101.9,-101.5,-99.9,498.4,498.4,497.7,496.7,496.1,496.3,496.8,497.8,502.0,499.1,496.5,495.0,495.4,496.7,498.3,496.8,495.5,495.4,496.8,499.3,498.3,497.9,497.6,497.6,497.8,498.2,498.5,498.6,523.7,524.2,524.4,524.2,523.7,523.2,523.1,523.5,525.6,523.9,522.4,521.8,523.1,525.5,528.2,525.6,523.5,522.3,522.4,524.0,524.3,524.2,524.3,524.5,524.7,524.8,524.7,524.5,36.4,-56.7,505.2,0.29,0.242,0.112,0.0,0.0,0.0,0.0,0.0,0.24,0.0,0.0,0.0,0.0,0.28,0.0,0.0,0.0,0.92,0.79
-0.196279,0.36163,-0.911426,-0.230331,0.303278,-0.924646,-0.228,0.347,269.8,272.0,276.2,280.0,281.1,279.1,274.6,270.9,265.2,268.1,271.9,276.4,280.7,283.7,285.6,282.9,279.2,275.1,271.1,267.7,273.5,275.1,276.9,277.9,277.4,275.8,274.0,273.0,323.5,325.6,329.4,332.7,333.6,331.4,327.6,324.0,319.3,321.7,324.9,329.1,333.2,336.3,338.1,335.5,332.1,328.5,324.7,321.4,326.8,328.1,329.7,330.6,330.3,328.9,327.3,326.4,156.0,152.2,151.1,153.2,157.4,161.6,162.4,160.2,157.7,155.8,154.7,154.5,155.8,158.0,160.8,161.5,161.2,160.9,160.2,159.3,158.4,159.4,158.9,157.2,155.4,154.5,155.0,156.6,161.2,157.8,156.9,159.1,163.0,166.4,167.3,165.3,162.8,160.8,159.8,159.8,161.2,163.0,165.4,166.8,167.3,167.0,166.1,164.7,163.3,164.2,163.9,162.4,160.8,159.9,160.3,161.7,6.1,8.5,12.9,16.9,18.0,15.9,11.2,7.3,1.3,4.3,8.3,13.1,17.6,20.8,22.9,19.9,16.0,11.6,7.5,3.9,10.0,11.7,13.7,14.7,14.2,12.5,10.6,9.6,66.9,69.3,73.6,77.3,78.3,75.9,71.6,67.6,62.6,64.9,68.3,73.0,77.7,81.6,84.1,80.8,76.7,72.5,68.3,64.8,70.7,72.3,74.1,75.1,74.7,73.1,71.3,70.3,-99.3,-103.5,-104.8,-102.4,-97.7,-93.2,-92.3,-94.7,-98.1,-99.8,-100.5,-100.5,-99.3,-97.2,-94.6,-93.5,-93.4,-93.7,-94.6,-96.0,-96.8,-95.8,-96.3,-98.1,-100.1,-101.1,-100.6,-98.8,-99.9,-103.7,-104.7,-102.3,-97.9,-94.2,-93.2,-95.4,-98.6,-100.4,-101.3,-101.0,-99.8,-98.2,-96.1,-94.0,-93.2,-93.3,-94.4,-96.2,-97.7,-96.7,-97.1,-98.7,-100.5,-101.5,-101.1,-99.5,493.4,494.2,494.3,493.6,492.5,491.9,491.6,492.3,496.3,494.0,492.0,491.1,491.8,493.2,494.7,492.8,491.0,490.5,491.5,493.7,493.5,493.2,493.2,493.5,494.0,494.3,494.3,493.9,525.0,524.8,524.8,525.0,525.3,525.5,525.5,525.6,527.7,525.6,523.7,522.9,524.2,526.8,529.8,527.6,525.6,524.6,524.8,526.3,526.0,526.1,526.1,526.0,525.9,525.8,525.8,525.9,36.1,-56.4,505.2,0.286,0.244,0.114,0.0,0.0,0.0,0.0,0.0,0.23,0.0,0.0,0.0,0.0,0.32,0.05,0.0,0.0,0.74,0.74
-0.222846,0.368547,-0.902503,-0.215416,0.282307,-0.934825,-0.234,0.34,269.4,271.5,275.6,279.1,280.2,278.4,274.0,270.4,265.8,268.2,271.6,275.8,280.0,283.1,285.1,282.3,278.5,274.5,270.8,267.8,273.1,274.6,276.4,277.3,276.8,275.3,273.5,272.6,323.2,325.3,329.2,332.5,333.4,331.3,327.4,323.8,318.8,321.2,324.5,328.8,332.9,335.9,337.6,335.1,331.8,328.1,324.4,321.0,326.5,327.9,329.5,330.3,330.0,328.6,327.0,326.1,156.6,152.8,151.7,153.8,158.0,162.1,162.9,160.8,157.6,156.0,155.2,155.1,156.3,158.3,160.9,161.9,161.9,161.6,160.8,159.5,158.9,159.8,159.3,157.7,155.9,155.0,155.5,157.1,161.5,158.1,157.3,159.4,163.4,166.8,167.6,165.7,163.6,161.4,160.1,160.1,161.7,163.8,166.7,167.7,167.9,167.4,166.4,165.3,163.8,164.7,164.3,162.9,161.3,160.4,160.8,162.2,5.9,8.2,12.6,16.5,17.6,15.6,10.9,7.0,1.9,4.6,8.2,12.7,17.3,20.7,23.0,19.9,15.7,11.4,7.4,4.1,9.9,11.6,13.5,14.5,14.0,12.3,10.4,9.4,66.0,68.5,72.8,76.5,77.4,75.0,70.6,66.6,61.3,63.8,67.4,72.1,76.8,80.5,82.7,79.6,75.5,71.3,67.2,63.6,69.8,71.3,73.1,74.1,73.8,72.2,70.4,69.4,-101.8,-105.9,-107.0,-104.5,-99.9,-95.5,-94.7,-97.2,-101.5,-102.7,-103.0,-102.8,-101.5,-99.6,-97.1,-95.8,-95.5,-95.8,-97.0,-98.9,-99.4,-98.3,-98.8,-100.5,-102.5,-103.6,-103.1,-101.4,-98.6,-102.5,-103.6,-101.2,-96.7,-92.8,-91.7,-93.9,-96.7,-98.9,-100.1,-100.0,-98.4,-96.4,-93.7,-92.1,-91.6,-91.9,-93.0,-94.5,-96.2,-95.2,-95.7,-97.3,-99.1,-100.1,-99.7,-98.1,509.1,508.9,508.0,507.0,506.4,506.8,507.5,508.5,512.8,509.9,507.1,505.5,505.8,507.0,508.5,507.2,506.0,506.1,507.6,510.1,508.9,508.4,508.1,508.0,508.2,508.7,509.0,509.1,520.3,520.9,521.4,521.3,520.8,520.2,519.8,520.0,522.4,520.8,519.4,518.8,520.0,522.4,525.0,522.4,520.2,519.0,519.2,520.8,521.0,521.0,521.2,521.5,521.7,521.7,521.5,521.2,35.6,-56.0,505.5,0.279,0.246,0.117,0.0,0.0,0.0,0.0,0.0,0.23,0.0,0.0,0.0,0.0,0.31,0.15,0.0,0.0,0.54,0.66
-0.22421,0.364639,-0.903753,-0.239272,0.268731,-0.933023,-0.247,0.332,268.9,271.2,275.3,279.0,279.9,278.0,273.5,269.9,265.1,267.7,271.2,275.5,279.8,282.9,285.0,282.1,278.3,274.2,270.4,267.2,272.6,274.2,276.0,276.9,276.5,275.0,273.2,272.2,322.6,324.9,328.8,332.0,332.8,330.5,326.6,323.0,318.5,320.9,324.2,328.5,332.7,335.7,337.3,334.7,331.3,327.6,323.9,320.6,325.9,327.2,328.8,329.8,329.5,328.1,326.5,325.6,157.3,153.5,152.3,154.5,158.7,162.9,163.7,161.5,158.6,156.9,156.0,155.9,157.2,159.3,162.0,162.7,162.6,162.2,161.4,160.3,159.7,160.6,160.1,158.5,156.7,155.7,156.2,157.9,162.1,158.8,158.0,160.3,164.2,167.6,168.4,166.3,164.2,162.0,160.8,160.9,162.7,165.0,167.9,169.0,169.0,168.4,167.3,166.1,164.5,165.4,165.1,163.7,162.1,161.2,161.5,162.9,5.3,7.7,12.1,16.0,17.0,14.9,10.2,6.3,1.2,4.0,7.7,12.3,16.8,20.2,22.5,19.3,15.2,10.8,6.8,3.5,9.3,10.9,12.8,13.8,13.4,11.7,9.8,8.8,64.6,67.2,71.5,75.1,75.8,73.2,68.9,65.0,60.4,62.8,66.2,70.9,75.6,79.3,81.5,78.2,74.1,69.9,65.9,62.4,68.3,69.8,71.6,72.6,72.3,70.8,69.1,68.0,-99.4,-103.5,-104.7,-102.1,-97.4,-92.9,-92.2,-94.7,-98.7,-100.0,-100.5,-100.3,-99.0,-96.9,-94.3,-93.2,-93.1,-93.5,-94.6,-96.3,-96.8,-95.7,-96.2,-98.0,-100.0,-101.1,-100.6,-98.8,-96.9,-100.7,-101.5,-99.0,-94.5,-90.7,-89.9,-92.2,-95.0,-97.1,-98.2,-97.9,-96.1,-94.0,-91.2,-89.6,-89.2,-89.6,-90.9,-92.6,-94.4,-93.3,-93.7,-95.2,-97.1,-98.1,-97.8,-96.2,500.5,500.7,500.1,498.9,497.9,497.9,498.3,499.5,504.0,501.2,498.7,497.2,497.4,498.6,500.0,498.5,497.1,497.1,498.6,501.2,500.2,499.7,499.4,499.5,499.9,500.4,500.7,500.6,514.6,515.1,515.2,514.9,514.3,513.8,513.7,514.2,516.7,515.0,513.4,512.6,513.7,515.9,518.4,516.0,513.9,512.9,513.3,515.0,515.0,514.9,515.0,515.2,515.4,515.5,515.5,515.3,35.3,-55.3,505.8,0.282,0.248,0.116,0.0,0.0,0.0,0.0,0.0,0.28,0.0,0.0,0.0,0.0,0.39,0.24,0.0,0.0,0.35,0.57
-0.223843,0.377617,-0.898498,-0.233321,0.2766,-0.93223,-0.245,0.343,268.2,270.3,274.3,277.9,279.1,277.3,273.0,269.4,264.5,267.0,270.4,274.6,278.9,282.0,284.2,281.4,277.6,273.5,269.8,266.6,272.0,273.5,275.2,276.1,275.6,274.1,272.4,271.5,321.9,324.2,328.1,331.4,332.1,329.8,325.9,322.3,317.8,320.1,323.3,327.6,331.8,335.0,336.8,334.0,330.5,326.8,323.0,319.8,325.2,326.6,328.2,329.1,328.8,327.5,325.9,324.9,158.2,154.4,153.2,155.2,159.4,163.5,164.4,162.4,159.0,157.5,156.8,156.8,157.9,159.7,162.0,163.1,163.2,163.0,162.2,160.9,160.3,161.2,160.7,159.1,157.3,156.5,157.0,158.6,162.8,159.5,158.7,160.9,164.8,168.2,169.0,167.0,165.0,162.7,161.4,161.4,163.2,165.6,168.6,169.5,169.5,168.9,167.8,166.7,165.2,166.1,165.8,164.4,162.8,161.8,162.2,163.5,4.6,6.8,11.2,15.1,16.4,14.5,9.8,5.9,0.6,3.2,7.0,11.5,16.1,19.6,22.0,18.9,14.8,10.4,6.3,2.9,8.7,10.4,12.2,13.2,12.7,11.0,9.2,8.2,63.9,66.5,70.8,74.3,75.0,72.4,68.1,64.3,59.7,62.0,65.3,69.9,74.6,78.4,80.7,77.3,73.2,69.0,65.0,61.6,67.6,69.0,70.8,71.9,71.6,70.2,68.4,67.3,-100.2,-104.3,-105.4,-103.0,-98.4,-94.0,-93.2,-95.6,-100.1,-101.1,-101.3,-101.0,-99.9,-98.3,-96.1,-94.6,-94.2,-94.4,-95.5,-97.4,-97.8,-96.8,-97.3,-99.0,-101.0,-102.0,-101.5,-99.8,-96.3,-100.1,-100.9,-98.3,-93.8,-90.1,-89.2,-91.5,-94.2,-96.4,-97.6,-97.4,-95.6,-93.3,-90.3,-88.9,-88.6,-89.2,-90.4,-92.0,-93.7,-92.6,-93.0,-94.5,-96.4,-97.4,-97.1,-95.5,509.2,508.8,508.0,507.1,506.9,507.5,508.1,508.9,513.1,510.0,507.3,505.7,506.1,507.5,509.3,508.0,506.7,506.6,508.0,510.5,509.3,508.9,508.5,508.4,508.5,508.8,509.2,509.4,515.1,515.7,515.6,515.0,514.1,513.6,513.6,514.5,517.5,515.7,514.0,512.9,513.6,515.5,517.7,515.4,513.6,512.8,513.5,515.5,515.2,515.0,515.0,515.2,515.6,515.8,515.8,515.6,34.8,-54.6,506.7,0.281,0.247,0.109,0.0,0.0,0.0,0.0,0.0,0.37,0.0,0.0,0.0,0.0,0.44,0.27,0.0,0.0,0.22,0.6
-0.218308,0.369654,-0.90316,-0.224364,0.277522,-0.934153,-0.236,0.339,267.4,269.5,273.5,277.1,278.2,276.4,272.1,268.5,263.8,266.1,269.4,273.6,277.9,281.2,283.3,280.4,276.6,272.5,268.8,265.8,271.1,272.7,274.4,275.3,274.8,273.3,271.6,270.7,321.2,323.4,327.4,330.7,331.5,329.3,325.4,321.7,317.0,319.3,322.5,326.9,331.1,334.4,336.3,333.5,329.9,326.1,322.3,319.0,324.6,326.0,327.6,328.5,328.2,326.8,325.2,324.3,159.3,155.5,154.2,156.2,160.4,164.6,165.5,163.5,160.7,158.8,157.8,157.5,158.7,160.7,163.3,164.1,164.0,163.8,163.2,162.2,161.5,162.4,161.8,160.2,158.5,157.6,158.1,159.8,163.9,160.4,159.5,161.7,165.7,169.1,170.0,168.1,166.2,163.8,162.4,162.3,164.0,166.4,169.5,170.4,170.4,169.8,168.8,167.8,166.2,167.1,166.7,165.3,163.7,162.8,163.2,164.6,3.7,5.9,10.3,14.2,15.3,13.3,8.7,4.8,-0.2,2.3,5.8,10.4,15.0,18.5,20.9,17.7,13.5,9.1,5.2,1.9,7.7,9.4,11.2,12.2,11.7,10.1,8.2,7.3,62.4,64.9,69.2,72.8,73.5,71.0,66.7,62.9,58.1,60.4,63.7,68.3,73.0,76.9,79.3,75.9,71.7,67.5,63.4,60.1,66.1,67.6,69.4,70.4,70.1,68.6,66.8,65.8,-98.2,-102.4,-103.6,-101.1,-96.5,-92.0,-91.1,-93.5,-97.5,-98.9,-99.5,-99.4,-98.2,-96.2,-93.6,-92.5,-92.4,-92.7,-93.7,-95.2,-95.7,-94.7,-95.2,-97.0,-98.9,-100.0,-99.5,-97.7,-94.0,-97.8,-98.8,-96.3,-91.8,-88.0,-87.0,-89.2,-91.9,-94.1,-95.4,-95.3,-93.5,-91.2,-88.3,-86.9,-86.6,-87.1,-88.3,-89.7,-91.5,-90.4,-90.8,-92.4,-94.2,-95.3,-94.9,-93.3,505.5,505.5,504.6,503.2,502.3,502.4,503.2,504.5,509.3,506.4,503.6,501.8,501.8,502.7,504.0,502.7,501.6,501.9,503.6,506.4,504.9,504.4,504.0,504.0,504.4,505.0,505.4,505.3,509.0,509.6,509.6,509.0,508.2,507.6,507.6,508.4,511.4,509.7,507.9,506.8,507.6,509.5,511.7,509.4,507.5,506.8,507.5,509.5,509.2,508.9,508.9,509.2,509.5,509.8,509.8,509.5,34.2,-53.7,507.5,0.282,0.243,0.106,0.0,0.0,0.0,0.0,0.0,0.27,0.0,0.0,0.0,0.0,0.49,0.22,0.0,0.0,0.11,0.6
-0.212516,0.357587,-0.909378,-0.230662,0.262819,-0.936868,-0.236,0.324,266.5,268.7,272.8,276.4,277.3,275.4,271.0,267.4,262.8,265.1,268.5,272.9,277.2,280.4,282.5,279.5,275.6,271.4,267.7,264.7,270.2,271.7,273.4,274.4,274.0,272.5,270.7,269.8,320.2,322.5,326.4,329.7,330.4,328.2,324.2,320.7,316.2,318.5,321.6,326.0,330.2,333.5,335.4,332.5,328.9,325.1,321.4,318.2,323.6,324.9,326.6,327.5,327.2,325.8,324.2,323.3,160.4,156.6,155.4,157.5,161.7,165.9,166.8,164.6,161.8,159.9,159.0,158.9,160.2,162.4,165.1,165.9,165.8,165.4,164.7,163.5,162.7,163.6,163.1,161.5,159.7,158.8,159.3,160.9,164.7,161.3,160.5,162.7,166.7,170.1,171.0,169.0,167.0,164.7,163.4,163.5,165.3,167.6,170.6,171.6,171.6,171.0,169.9,168.8,167.1,168.0,167.7,166.3,164.6,163.7,164.0,165.4,2.6,5.0,9.3,13.1,14.1,12.0,7.4,3.6,-1.3,1.2,4.8,9.3,13.9,17.3,19.6,16.4,12.2,7.8,3.9,0.7,6.6,8.2,10.0,11.0,10.6,9.0,7.2,6.2,61.3,63.8,68.0,71.5,72.2,69.7,65.5,61.7,57.2,59.4,62.6,67.2,71.9,75.7,78.2,74.7,70.5,66.3,62.3,59.1,64.9,66.4,68.1,69.2,68.9,67.4,65.7,64.6,-95.2,-99.3,-100.3,-97.8,-93.2,-88.8,-88.0,-90.5,-94.5,-95.9,-96.3,-96.1,-94.7,-92.6,-90.0,-88.8,-88.8,-89.2,-90.3,-92.1,-92.6,-91.6,-92.0,-93.7,-95.7,-96.8,-96.3,-94.6,-92.9,-96.7,-97.5,-95.0,-90.5,-86.8,-85.9,-88.2,-90.9,-93.0,-94.1,-93.8,-92.0,-89.8,-86.9,-85.5,-85.2,-85.7,-87.0,-88.6,-90.4,-89.3,-89.7,-91.2,-93.1,-94.1,-93.8,-92.2,495.7,495.7,494.7,493.4,492.5,492.6,493.4,494.7,499.6,496.7,493.8,492.0,492.0,493.0,494.3,493.0,491.9,492.2,494.0,496.7,495.1,494.6,494.2,494.2,494.6,495.1,495.5,495.5,508.5,508.8,508.6,507.9,507.2,506.9,507.1,508.1,511.1,509.2,507.2,505.9,506.6,508.5,510.8,508.6,506.9,506.3,507.1,509.2,508.6,508.3,508.2,508.4,508.7,508.9,509.0,508.9,33.4,-52.4,507.8,0.29,0.242,0.1,0.0,0.0,0.0,0.0,0.0,0.28,0.0,0.0,0.0,0.0,0.41,0.21,0.0,0.0,0.03,0.6
-0.211878,0.358398,-0.909208,-0.244342,0.265642,-0.932594,-0.243,0.327,265.4,267.7,271.8,275.4,276.4,274.4,270.0,266.4,261.6,264.1,267.6,272.0,276.3,279.4,281.4,278.5,274.6,270.5,266.7,263.6,269.1,270.7,272.4,273.4,273.0,271.5,269.7,268.7,319.2,321.5,325.5,328.8,329.5,327.2,323.2,319.6,315.3,317.5,320.6,324.9,329.4,332.9,335.0,331.9,328.1,324.1,320.3,317.2,322.6,324.0,325.6,326.6,326.3,324.9,323.3,322.3,161.4,157.6,156.4,158.5,162.7,166.9,167.7,165.6,163.0,160.9,159.9,159.7,161.1,163.4,166.3,167.0,166.7,166.3,165.6,164.5,163.7,164.6,164.1,162.5,160.8,159.9,160.4,162.0,165.7,162.2,161.3,163.6,167.7,171.2,172.0,170.0,167.9,165.6,164.3,164.4,166.3,168.7,171.7,172.7,172.6,172.0,170.9,169.7,168.1,169.0,168.7,167.2,165.6,164.6,165.0,166.4,1.5,3.9,8.3,12.1,13.1,11.0,6.3,2.5,-2.6,0.1,3.8,8.4,13.0,16.3,18.4,15.3,11.2,6.8,2.9,-0.5,5.4,7.1,8.9,9.9,9.5,7.9,6.0,5.0,58.8,61.3,65.4,68.8,69.4,67.0,62.8,59.2,55.0,57.1,60.1,64.5,69.3,73.2,75.8,72.2,67.9,63.7,59.8,56.8,62.4,63.8,65.5,66.5,66.3,64.9,63.2,62.2,-94.1,-98.2,-99.4,-96.9,-92.2,-87.8,-87.0,-89.5,-93.1,-94.8,-95.4,-95.3,-93.8,-91.6,-88.7,-87.8,-87.8,-88.3,-89.3,-90.9,-91.5,-90.5,-91.0,-92.7,-94.7,-95.7,-95.3,-93.5,-89.8,-93.5,-94.3,-91.7,-87.3,-83.5,-82.8,-85.1,-88.0,-90.0,-91.0,-90.6,-88.7,-86.4,-83.6,-82.2,-82.0,-82.6,-84.0,-85.7,-87.2,-86.2,-86.5,-88.0,-89.9,-90.9,-90.6,-89.1,495.8,496.2,495.5,494.2,493.0,492.8,493.3,494.6,499.4,496.7,494.1,492.6,492.6,493.5,494.7,493.3,492.1,492.2,493.8,496.5,495.3,494.7,494.4,494.6,495.1,495.7,496.0,495.8,497.0,497.1,496.5,495.6,494.9,494.8,495.4,496.6,499.9,497.8,495.5,493.9,494.3,495.9,498.2,496.2,494.8,494.5,495.5,497.8,496.9,496.5,496.2,496.3,496.6,496.9,497.2,497.2,32.5,-51.1,507.5,0.299,0.245,0.095,0.0,0.0,0.0,0.0,0.0,0.16,0.0,0.0,0.0,0.0,0.26,0.21,0.0,0.0,0.0,0.44
-0.186184,0.377411,-0.907136,-0.241139,0.276387,-0.930302,-0.229,0.342,264.1,266.3,270.4,274.1,275.2,273.2,268.8,265.1,259.7,262.4,266.1,270.6,274.9,277.9,279.8,277.0,273.2,269.1,265.3,261.9,267.8,269.4,271.1,272.0,271.6,270.0,268.3,267.4,317.9,320.2,324.1,327.4,328.1,325.9,321.9,318.4,314.1,316.2,319.3,323.6,328.0,331.5,333.6,330.5,326.7,322.8,319.1,316.0,321.3,322.7,324.3,325.3,325.0,323.6,322.0,321.0,162.9,159.1,157.9,160.1,164.4,168.5,169.4,167.2,163.9,162.2,161.5,161.5,162.8,164.9,167.6,168.5,168.4,168.1,167.2,165.8,165.2,166.1,165.6,164.0,162.2,161.3,161.8,163.4,166.9,163.4,162.6,164.9,169.0,172.4,173.3,171.2,169.0,166.9,165.6,165.8,167.5,169.8,172.7,173.9,174.0,173.4,172.3,171.0,169.3,170.2,169.9,168.4,166.7,165.8,166.1,167.6,0.1,2.4,6.8,10.7,11.9,9.8,5.1,1.2,-4.6,-1.7,2.2,7.0,11.5,14.7,16.8,13.8,9.8,5.4,1.3,-2.2,4.1,5.7,7.6,8.5,8.1,6.4,4.6,3.6,57.8,60.2,64.4,67.8,68.5,66.1,61.9,58.3,54.0,56.1,59.1,63.5,68.3,72.2,74.8,71.3,67.0,62.8,58.9,55.8,61.4,62.9,64.6,65.6,65.3,63.9,62.2,61.1,-92.6,-96.7,-97.8,-95.4,-90.8,-86.5,-85.6,-88.1,-92.3,-93.5,-93.8,-93.6,-92.3,-90.4,-87.9,-86.7,-86.4,-86.8,-87.9,-89.7,-90.3,-89.3,-89.7,-91.4,-93.4,-94.4,-93.9,-92.2,-89.1,-92.8,-93.5,-91.0,-86.5,-82.9,-82.1,-84.5,-87.4,-89.3,-90.1,-89.7,-87.9,-85.8,-83.2,-81.6,-81.2,-81.7,-83.1,-84.9,-86.5,-85.5,-85.8,-87.3,-89.2,-90.3,-89.9,-88.4,496.3,496.3,495.9,495.4,495.1,495.4,495.5,496.0,500.0,497.2,494.8,493.6,494.2,495.9,497.7,496.1,494.6,494.2,495.4,497.6,496.7,496.4,496.3,496.3,496.4,496.6,496.8,496.8,500.3,500.1,499.5,498.7,498.3,498.4,499.1,500.1,503.3,501.0,498.7,497.1,497.6,499.5,501.9,500.0,498.6,498.2,499.2,501.4,500.3,500.0,499.7,499.6,499.8,500.1,500.4,500.5,31.4,-49.6,507.3,0.319,0.243,0.085,0.0,0.0,0.0,0.0,0.0,0.28,0.0,0.0,0.0,0.0,0.23,0.29,0.0,0.0,0.0,0.32
-0.211564,0.380947,-0.900067,-0.245754,0.270222,-0.930905,-0.245,0.342,263.5,265.6,269.8,273.5,274.5,272.7,268.3,264.6,259.3,262.0,265.7,270.1,274.4,277.5,279.4,276.6,272.9,268.8,264.9,261.6,267.2,268.8,270.5,271.4,271.0,269.4,267.7,266.8,317.7,320.0,323.9,327.3,328.0,325.8,321.8,318.2,313.9,316.0,319.1,323.5,328.0,331.5,333.6,330.5,326.7,322.8,319.0,315.8,321.2,322.6,324.2,325.1,324.8,323.4,321.8,320.9,162.8,159.0,157.9,160.1,164.4,168.5,169.3,167.1,163.5,162.1,161.5,161.6,162.8,164.8,167.3,168.3,168.4,168.1,167.2,165.7,165.1,166.0,165.5,163.9,162.1,161.2,161.7,163.3,167.1,163.6,162.7,165.0,169.1,172.6,173.5,171.4,169.5,167.1,165.8,165.8,167.6,169.8,172.8,174.3,174.6,174.1,173.0,171.6,169.4,170.4,170.0,168.6,166.9,165.9,166.3,167.7,-0.5,1.8,6.1,10.1,11.2,9.2,4.5,0.6,-5.0,-2.2,1.8,6.5,11.0,14.4,16.5,13.5,9.4,5.1,1.0,-2.6,3.5,5.1,7.0,7.9,7.4,5.8,3.9,3.0,56.8,59.1,63.2,66.6,67.4,65.1,61.0,57.3,53.1,55.1,58.1,62.5,67.3,71.2,73.8,70.3,66.1,61.9,58.0,54.9,60.4,61.9,63.6,64.5,64.2,62.8,61.1,60.1,-92.9,-96.8,-97.9,-95.5,-91.0,-86.7,-85.9,-88.3,-92.8,-93.8,-93.9,-93.6,-92.4,-90.7,-88.4,-87.0,-86.6,-86.9,-88.1,-90.1,-90.6,-89.5,-90.0,-91.7,-93.6,-94.6,-94.2,-92.5,-87.6,-91.3,-92.0,-89.5,-85.1,-81.5,-80.7,-83.0,-85.6,-87.7,-88.7,-88.4,-86.7,-84.6,-81.9,-80.1,-79.5,-79.9,-81.2,-83.1,-85.2,-84.1,-84.4,-85.9,-87.8,-88.8,-88.5,-87.0,497.2,496.8,496.2,495.7,495.8,496.5,496.8,497.2,501.0,498.0,495.4,494.1,494.9,496.7,498.7,497.3,495.7,495.4,496.5,498.6,497.6,497.5,497.2,497.0,497.0,497.2,497.4,497.6,493.2,492.9,492.3,491.6,491.3,491.6,492.3,493.2,496.2,493.9,491.6,490.0,490.6,492.5,495.1,493.3,491.9,491.5,492.4,494.5,493.3,493.0,492.8,492.6,492.8,493.0,493.3,493.4,30.2,-48.0,502.1,0.325,0.249,0.092,0.0,0.0,0.0,0.0,0.0,0.29,0.0,0.0,0.0,0.0,0.21,0.27,0.0,0.03,0.0,0.15
-0.225793,0.381911,-0.896193,-0.229013,0.316342,-0.920587,-0.245,0.367,261.4,263.3,267.3,270.9,272.1,270.5,266.2,262.6,257.9,260.1,263.3,267.7,272.1,275.5,277.7,274.8,270.8,266.6,262.9,259.9,265.2,266.7,268.4,269.2,268.7,267.2,265.6,264.7,314.9,316.9,320.7,324.2,325.2,323.2,319.4,315.7,311.0,313.1,316.2,320.4,324.7,328.0,330.0,327.4,323.9,320.2,316.4,313.2,318.4,319.8,321.4,322.2,321.8,320.4,318.8,317.9,165.2,161.4,160.3,162.4,166.7,170.8,171.6,169.5,165.9,164.5,164.0,164.1,165.2,167.1,169.4,170.6,170.8,170.6,169.7,168.2,167.4,168.3,167.8,166.2,164.4,163.5,164.0,165.6,169.2,165.7,164.6,166.7,170.6,174.1,175.1,173.3,171.1,169.0,167.8,167.7,168.9,170.3,172.5,174.2,174.9,174.9,174.1,172.9,171.1,172.0,171.5,170.1,168.5,167.6,168.0,169.5,-2.8,-0.7,3.4,7.2,8.5,6.8,2.3,-1.5,-6.5,-4.2,-0.7,3.8,8.5,12.1,14.5,11.4,7.1,2.8,-1.2,-4.4,1.3,2.9,4.6,5.5,5.0,3.4,1.6,0.8,56.7,58.8,63.0,66.8,68.1,65.9,61.7,57.6,52.6,54.7,57.9,62.5,67.3,71.4,74.1,70.9,66.8,62.5,58.4,54.9,60.6,62.2,64.0,64.9,64.4,62.8,61.0,60.1,-89.7,-93.5,-94.5,-92.0,-87.6,-83.5,-82.8,-85.2,-89.8,-90.6,-90.6,-90.2,-88.9,-87.3,-85.1,-83.7,-83.3,-83.6,-84.9,-86.9,-87.4,-86.4,-86.8,-88.4,-90.2,-91.3,-90.9,-89.3,-90.0,-93.7,-94.8,-92.6,-88.4,-84.6,-83.5,-85.6,-88.3,-90.2,-91.2,-91.1,-90.0,-88.8,-86.9,-84.8,-83.6,-83.5,-84.5,-86.1,-88.0,-87.0,-87.5,-89.1,-90.8,-91.7,-91.3,-89.7,493.9,492.8,491.4,490.4,490.5,491.8,493.0,494.0,498.5,494.9,491.6,489.5,489.6,491.0,492.9,492.0,491.1,491.6,493.3,495.8,493.7,493.3,492.7,492.3,492.2,492.6,493.3,493.7,519.4,518.7,518.3,518.5,519.1,519.8,520.2,520.3,522.5,520.0,517.9,516.7,517.9,520.5,523.5,521.7,520.0,519.2,519.7,521.2,520.4,520.4,520.3,520.0,519.7,519.7,519.8,520.1,28.9,-47.0,506.7,0.33,0.248,0.069,0.0,0.0,0.0,0.0,0.0,0.3,0.0,0.0,0.0,0.0,0.23,0.24,0.0,0.03,0.0,0.06
-0.211115,0.379207,-0.900907,-0.234346,0.291861,-0.927307,-0.239,0.352,260.1,262.0,265.9,269.7,270.9,269.3,265.1,261.3,256.4,258.6,261.9,266.2,270.7,274.0,276.2,273.3,269.4,265.3,261.6,258.4,264.0,265.5,267.2,268.0,267.4,265.9,264.2,263.4,313.5,315.5,319.4,322.8,323.8,321.8,317.9,314.2,309.4,311.7,314.9,319.3,323.6,326.7,328.4,325.9,322.5,318.9,315.1,311.7,316.9,318.3,319.9,320.8,320.3,318.9,317.3,316.5,165.7,161.9,160.7,162.8,167.0,171.1,172.0,169.9,166.2,164.9,164.3,164.3,165.3,167.1,169.4,170.7,171.2,171.1,170.2,168.6,167.7,168.6,168.1,166.5,164.8,163.9,164.4,166.0,169.3,165.7,164.7,166.7,170.6,174.1,175.2,173.4,171.6,169.2,167.8,167.6,168.9,170.5,173.1,175.1,176.0,176.1,175.2,173.8,171.2,172.0,171.6,170.1,168.5,167.7,168.1,169.6,-4.2,-2.2,2.1,6.0,7.3,5.7,1.1,-2.8,-8.2,-5.7,-2.2,2.4,7.0,10.6,13.0,9.9,5.7,1.4,-2.6,-5.9,-0.0,1.6,3.4,4.2,3.6,2.0,0.2,-0.6,53.6,55.8,59.9,63.7,64.8,62.7,58.5,54.5,49.5,51.7,54.9,59.6,64.5,68.2,70.5,67.5,63.6,59.5,55.4,51.8,57.5,59.0,60.7,61.6,61.1,59.6,57.9,57.0,-89.6,-93.5,-94.5,-92.1,-87.8,-83.7,-82.9,-85.2,-89.9,-90.7,-90.7,-90.4,-89.3,-87.8,-85.7,-84.1,-83.5,-83.6,-84.8,-87.0,-87.5,-86.5,-86.9,-88.6,-90.4,-91.4,-91.0,-89.3,-87.5,-91.2,-92.3,-90.2,-86.1,-82.4,-81.2,-83.2,-85.4,-87.6,-88.8,-88.8,-87.8,-86.4,-84.3,-81.7,-80.4,-80.2,-81.1,-82.9,-85.6,-84.7,-85.2,-86.7,-88.4,-89.3,-88.8,-87.3,496.3,495.1,493.8,493.2,493.5,494.9,495.9,496.6,500.6,497.2,494.0,492.2,492.5,494.0,496.1,495.2,494.2,494.5,495.9,498.3,496.4,496.1,495.6,495.1,495.0,495.3,495.8,496.3,505.5,505.1,505.1,505.5,506.1,506.5,506.5,506.4,508.2,505.9,504.0,503.3,504.9,507.7,511.0,509.2,507.3,506.1,506.1,507.3,506.7,506.9,506.8,506.7,506.4,506.3,506.3,506.4,27.5,-46.3,505.9,0.33,0.26,0.061,0.0,0.0,0.0,0.0,0.0,0.35,0.0,0.0,0.0,0.0,0.11,0.17,0.0,0.02,0.0,0.0
-0.220563,0.386867,-0.895369,-0.231566,0.331477,-0.914604,-0.245,0.378,258.8,260.7,264.6,268.2,269.4,267.9,263.7,260.0,255.5,257.6,260.7,265.0,269.3,272.7,274.9,272.0,268.1,264.0,260.4,257.4,262.7,264.2,265.8,266.6,266.1,264.6,262.9,262.1,312.2,314.2,318.1,321.6,322.7,320.8,316.9,313.0,308.3,310.5,313.7,318.1,322.2,325.5,327.4,324.9,321.6,317.9,314.1,310.6,315.7,317.2,318.8,319.7,319.2,317.7,316.0,315.2,165.8,161.9,160.7,162.7,166.9,171.0,172.0,170.0,166.9,165.1,164.2,164.0,165.1,167.1,169.7,170.8,171.1,171.0,170.3,168.9,167.9,168.7,168.2,166.6,164.8,164.0,164.5,166.1,169.1,165.5,164.3,166.3,170.3,173.9,175.1,173.3,171.2,169.0,167.7,167.4,168.4,169.8,171.9,173.5,174.4,174.5,173.9,172.8,171.1,171.9,171.4,169.9,168.2,167.3,167.8,169.4,-5.6,-3.5,0.6,4.5,5.8,4.1,-0.4,-4.2,-9.2,-6.9,-3.5,1.0,5.7,9.2,11.7,8.6,4.4,0.0,-3.9,-7.1,-1.4,0.2,1.9,2.8,2.2,0.6,-1.1,-2.0,53.2,55.3,59.6,63.6,64.9,62.8,58.5,54.2,49.1,51.4,54.7,59.4,64.2,68.1,70.7,67.7,63.7,59.5,55.3,51.6,57.2,58.8,60.7,61.6,61.0,59.3,57.5,56.6,-90.4,-94.4,-95.5,-93.2,-88.7,-84.4,-83.5,-85.9,-90.0,-91.4,-91.7,-91.5,-90.4,-88.5,-86.0,-84.6,-84.2,-84.4,-85.5,-87.4,-88.2,-87.2,-87.6,-89.3,-91.2,-92.2,-91.7,-90.1,-89.2,-93.2,-94.4,-92.4,-88.1,-84.2,-82.9,-84.8,-87.4,-89.5,-90.6,-90.7,-89.9,-88.9,-87.1,-84.9,-83.6,-83.3,-84.0,-85.4,-87.3,-86.4,-87.0,-88.7,-90.5,-91.4,-90.8,-89.1,501.2,500.5,499.1,497.9,497.6,498.6,499.8,501.0,505.6,502.2,499.0,496.9,496.9,498.1,499.7,498.8,498.0,498.4,500.2,502.9,500.9,500.4,499.8,499.5,499.6,500.1,500.7,501.0,515.0,514.5,514.5,514.9,515.6,516.0,516.1,516.0,517.5,515.3,513.5,512.8,514.2,517.0,520.2,518.1,516.1,514.9,515.1,516.4,516.2,516.4,516.4,516.2,515.9,515.7,515.8,516.0,26.3,-45.5,501.4,0.335,0.253,0.055,0.0,0.0,0.0,0.0,0.0,0.34,0.0,0.0,0.0,0.0,0.1,0.2,0.0,0.0,0.1,0.18
-0.211118,0.380861,-0.900208,-0.243676,0.340757,-0.908023,-0.246,0.38,257.3,259.4,263.4,267.0,268.2,266.5,262.1,258.5,253.8,256.0,259.3,263.7,268.1,271.3,273.4,270.4,266.5,262.4,258.7,255.7,261.2,262.7,264.4,265.3,264.8,263.2,261.5,260.7,310.8,312.7,316.6,320.2,321.3,319.3,315.4,311.6,306.9,309.1,312.2,316.6,320.9,324.3,326.4,323.8,320.3,316.5,312.7,309.2,314.3,315.8,317.4,318.2,317.7,316.3,314.7,313.9,166.1,162.2,160.9,163.0,167.2,171.5,172.5,170.4,167.5,165.5,164.4,164.2,165.6,167.8,170.8,171.7,171.8,171.5,170.7,169.4,168.3,169.2,168.7,167.0,165.2,164.3,164.9,166.5,169.2,165.7,164.6,166.5,170.5,174.0,175.2,173.4,171.0,168.8,167.6,167.4,168.4,169.8,171.9,173.8,174.7,174.9,174.1,172.9,171.1,171.9,171.4,170.0,168.4,167.5,168.0,169.5,-7.0,-4.9,-0.6,3.2,4.4,2.6,-2.0,-5.8,-10.8,-8.5,-4.9,-0.3,4.3,7.7,9.9,6.7,2.6,-1.7,-5.5,-8.8,-3.0,-1.4,0.4,1.3,0.8,-0.8,-2.6,-3.5,51.0,53.0,57.2,61.1,62.4,60.4,56.2,52.0,47.1,49.2,52.4,57.0,61.9,65.9,68.6,65.5,61.5,57.3,53.1,49.5,55.0,56.6,58.3,59.2,58.6,57.0,55.3,54.5,-88.5,-92.5,-93.7,-91.3,-86.7,-82.4,-81.5,-83.9,-87.8,-89.4,-89.9,-89.8,-88.4,-86.2,-83.3,-82.2,-82.0,-82.3,-83.4,-85.3,-86.1,-85.1,-85.6,-87.3,-89.2,-90.3,-89.8,-88.1,-88.0,-91.8,-92.9,-90.8,-86.7,-82.9,-81.8,-83.8,-86.7,-88.6,-89.6,-89.6,-88.7,-87.7,-85.9,-83.5,-82.2,-81.9,-82.8,-84.4,-86.2,-85.3,-85.8,-87.4,-89.1,-89.9,-89.5,-87.9,492.5,492.1,490.9,489.7,489.2,489.7,490.7,491.9,496.6,493.5,490.4,488.5,488.5,489.6,491.1,490.1,489.2,489.5,491.2,493.9,492.1,491.5,491.1,490.9,491.1,491.7,492.1,492.3,508.8,507.8,507.4,507.8,508.6,509.6,510.0,510.0,511.6,509.1,506.9,505.9,507.1,509.9,513.2,511.4,509.7,508.8,509.1,510.5,509.9,510.0,509.8,509.5,509.1,509.0,509.1,509.5,25.0,-44.3,498.3,0.352,0.264,0.044,0.0,0.0,0.0,0.01,0.0,0.45,0.0,0.0,0.0,0.0,0.2,0.16,0.0,0.0,0.24,0.34
-0.22946,0.375345,-0.898033,-0.240328,0.322154,-0.915674,-0.253,0.367,255.8,257.8,261.8,265.4,266.6,265.0,260.7,257.0,252.6,254.7,258.0,262.3,266.7,270.0,272.1,269.1,265.3,261.2,257.5,254.5,259.7,261.2,262.9,263.8,263.2,261.7,260.0,259.2,309.4,311.3,315.3,318.9,320.0,318.0,314.1,310.2,305.4,307.5,310.6,315.2,319.7,323.1,325.1,322.5,318.9,315.0,311.2,307.7,312.9,314.4,316.1,316.9,316.4,314.9,313.3,312.5,167.1,163.2,161.9,164.0,168.3,172.5,173.4,171.3,168.3,166.4,165.6,165.4,166.6,168.7,171.5,172.6,172.9,172.7,171.8,170.4,169.2,170.1,169.6,167.9,166.1,165.2,165.8,167.4,169.9,166.4,165.2,167.2,171.1,174.7,175.8,174.0,172.1,169.6,168.1,167.9,168.9,170.3,172.7,175.3,176.7,177.0,176.2,174.5,171.7,172.5,172.1,170.6,169.0,168.1,168.6,170.1,-8.7,-6.6,-2.3,1.5,2.7,1.0,-3.5,-7.4,-12.2,-9.9,-6.4,-1.8,2.9,6.3,8.5,5.4,1.3,-3.0,-6.9,-10.1,-4.6,-2.9,-1.2,-0.3,-0.8,-2.4,-4.2,-5.1,47.2,49.2,53.2,57.0,58.3,56.4,52.3,48.3,43.4,45.3,48.4,52.9,57.8,61.8,64.3,61.3,57.4,53.3,49.3,45.7,51.1,52.7,54.4,55.2,54.7,53.1,51.4,50.6,-87.9,-91.9,-93.0,-90.5,-86.0,-81.8,-80.9,-83.4,-87.3,-88.7,-89.1,-88.9,-87.6,-85.6,-83.0,-81.7,-81.3,-81.5,-82.7,-84.6,-85.6,-84.5,-85.0,-86.7,-88.6,-89.7,-89.2,-87.5,-83.4,-86.9,-88.0,-86.0,-82.1,-78.6,-77.5,-79.4,-81.7,-83.8,-84.9,-85.0,-84.2,-83.2,-81.3,-78.4,-76.7,-76.2,-77.1,-79.0,-81.7,-80.9,-81.4,-82.8,-84.4,-85.3,-84.8,-83.4,494.7,493.9,492.6,491.5,491.2,492.1,493.3,494.4,498.7,495.4,492.3,490.4,490.4,491.7,493.4,492.5,491.6,492.0,493.6,496.2,494.4,493.9,493.3,493.0,493.1,493.6,494.2,494.5,486.0,484.9,484.5,485.0,486.1,487.2,487.6,487.5,489.3,486.4,484.1,482.9,484.4,487.3,490.9,489.6,488.2,487.4,487.5,488.6,487.3,487.5,487.3,486.8,486.4,486.2,486.3,486.8,23.8,-42.9,496.2,0.376,0.266,0.032,0.0,0.0,0.0,0.01,0.0,0.33,0.0,0.0,0.0,0.0,0.31,0.16,0.02,0.0,0.33,0.39
-0.216968,0.377918,-0.900057,-0.223738,0.329162,-0.917384,-0.238,0.371,254.7,256.7,260.6,264.3,265.5,263.8,259.6,255.9,251.1,253.4,256.8,261.1,265.5,268.7,270.7,267.9,264.1,260.0,256.3,253.2,258.5,260.1,261.7,262.6,262.1,260.5,258.8,258.0,308.0,310.0,314.1,317.8,319.0,317.0,313.0,309.0,303.8,306.0,309.4,314.0,318.5,321.8,323.6,321.1,317.7,313.9,310.0,306.3,311.7,313.2,314.9,315.7,315.2,313.7,312.0,311.2,168.5,164.6,163.4,165.4,169.6,173.7,174.7,172.6,169.8,167.9,167.0,166.8,167.9,170.0,172.7,173.8,174.1,174.0,173.2,171.8,170.6,171.4,170.9,169.3,167.5,166.6,167.2,168.8,171.3,167.7,166.3,168.1,172.0,175.6,176.9,175.3,173.6,171.0,169.5,169.1,169.7,170.8,172.9,175.7,177.5,178.2,177.5,175.9,172.9,173.6,173.1,171.5,169.9,169.2,169.7,171.2,-10.0,-7.9,-3.6,0.3,1.6,-0.2,-4.7,-8.7,-13.9,-11.4,-7.7,-3.0,1.6,5.0,7.2,4.1,0.1,-4.2,-8.2,-11.6,-5.9,-4.2,-2.4,-1.5,-2.1,-3.7,-5.6,-6.4,45.0,46.9,51.0,54.9,56.3,54.4,50.3,46.1,40.9,43.0,46.1,50.8,55.5,59.3,61.6,59.0,55.2,51.2,47.2,43.4,48.9,50.5,52.2,53.0,52.4,50.8,49.1,48.3,-87.6,-91.6,-92.7,-90.4,-85.9,-81.6,-80.7,-83.1,-86.9,-88.3,-88.8,-88.7,-87.6,-85.6,-83.0,-81.6,-81.1,-81.3,-82.4,-84.2,-85.3,-84.3,-84.8,-86.5,-88.4,-89.4,-88.9,-87.2,-80.4,-83.9,-85.2,-83.6,-79.9,-76.4,-75.0,-76.6,-78.5,-80.7,-81.9,-82.2,-81.8,-81.3,-79.8,-76.7,-74.5,-73.7,-74.3,-76.1,-79.1,-78.4,-78.9,-80.4,-81.9,-82.6,-82.1,-80.6,501.2,500.6,499.6,498.7,498.6,499.4,500.2,501.1,505.2,502.0,499.1,497.4,497.8,499.2,501.1,500.0,498.9,499.0,500.4,502.8,501.2,500.9,500.4,500.1,500.2,500.6,501.0,501.3,476.6,475.3,475.2,476.2,477.8,479.1,479.2,478.5,479.6,476.7,474.6,473.8,475.7,479.0,482.8,481.7,480.1,479.1,478.8,479.4,478.3,478.8,478.7,478.2,477.5,477.1,477.1,477.7,22.9,-42.1,498.2,0.378,0.264,0.025,0.0,0.0,0.0,0.01,0.0,0.32,0.0,0.0,0.0,0.0,0.35,0.15,0.02,0.0,0.23,0.21
-0.236677,0.366705,-0.899729,-0.236905,0.308451,-0.921268,-0.254,0.355,253.9,255.9,259.9,263.5,264.7,263.0,258.7,255.1,250.6,252.7,256.0,260.4,265.0,268.4,270.6,267.6,263.6,259.4,255.6,252.5,257.8,259.3,261.0,261.8,261.3,259.8,258.2,257.3,307.4,309.3,313.2,316.8,318.0,316.1,312.2,308.3,303.2,305.5,308.8,313.4,318.0,321.2,322.9,320.4,316.9,313.2,309.3,305.6,310.9,312.4,314.1,314.9,314.4,312.9,311.2,310.4,170.0,166.0,164.8,166.9,171.2,175.5,176.4,174.3,171.4,169.4,168.5,168.2,169.5,171.6,174.4,175.5,175.7,175.5,174.7,173.4,172.1,173.0,172.5,170.9,169.1,168.2,168.7,170.3,172.6,169.0,167.7,169.6,173.4,177.1,178.3,176.7,175.1,172.4,170.7,170.3,171.2,172.6,175.1,178.1,179.8,180.3,179.5,177.7,174.3,175.0,174.5,173.0,171.4,170.6,171.2,172.7,-10.5,-8.4,-4.3,-0.5,0.7,-1.0,-5.4,-9.3,-14.0,-11.8,-8.3,-3.7,1.0,4.5,6.9,3.7,-0.4,-4.8,-8.7,-11.9,-6.4,-4.8,-3.1,-2.3,-2.8,-4.3,-6.1,-6.9,44.3,46.1,50.1,53.9,55.2,53.4,49.4,45.3,40.3,42.3,45.5,50.1,55.0,58.7,60.9,58.1,54.4,50.4,46.4,42.7,48.0,49.6,51.3,52.0,51.5,49.9,48.3,47.5,-83.1,-87.1,-88.1,-85.7,-81.2,-77.0,-76.2,-78.6,-82.4,-83.8,-84.3,-84.2,-82.9,-80.9,-78.2,-77.0,-76.7,-76.9,-78.0,-79.8,-80.8,-79.8,-80.2,-81.9,-83.8,-84.8,-84.3,-82.7,-78.9,-82.5,-83.7,-82.0,-78.3,-74.7,-73.4,-75.1,-76.9,-79.2,-80.5,-80.8,-80.2,-79.3,-77.4,-74.2,-72.2,-71.5,-72.2,-74.1,-77.5,-76.8,-77.3,-78.8,-80.3,-81.1,-80.5,-79.1,484.7,484.0,482.6,481.3,480.9,481.8,483.1,484.3,489.0,485.7,482.4,480.3,480.2,481.4,483.1,482.1,481.3,481.8,483.6,486.3,484.2,483.7,483.1,482.8,483.0,483.5,484.1,484.4,476.1,475.1,475.0,475.8,477.0,477.9,478.0,477.6,479.1,476.3,474.2,473.4,475.3,478.6,482.5,481.1,479.5,478.4,478.1,478.8,477.6,477.9,477.8,477.4,476.9,476.6,476.7,477.1,22.5,-41.2,501.2,0.379,0.263,0.019,0.0,0.0,0.0,0.0,0.0,0.24,0.0,0.0,0.0,0.0,0.26,0.24,0.02,0.0,0.09,0.05
-0.232206,0.374845,-0.897536,-0.238667,0.308857,-0.920677,-0.253,0.36,253.3,255.2,259.1,262.8,264.1,262.5,258.2,254.6,250.0,252.0,255.3,259.7,264.3,267.7,270.0,267.0,263.0,258.8,255.0,251.9,257.2,258.8,260.4,261.2,260.7,259.1,257.5,256.7,306.8,308.7,312.7,316.3,317.5,315.6,311.7,307.8,302.9,305.0,308.2,312.7,317.3,320.7,322.5,320.0,316.5,312.7,308.8,305.3,310.4,312.0,313.6,314.4,313.9,312.4,310.7,309.9,170.9,167.0,165.7,167.9,172.1,176.4,177.3,175.2,172.0,170.2,169.3,169.2,170.4,172.5,175.2,176.3,176.6,176.5,175.6,174.2,173.0,173.9,173.4,171.7,169.9,169.1,169.6,171.2,173.4,169.8,168.5,170.4,174.3,177.9,179.1,177.5,175.9,173.2,171.6,171.2,172.1,173.4,175.8,178.7,180.3,180.8,180.0,178.4,175.1,175.9,175.4,173.9,172.2,171.4,172.0,173.5,-11.1,-9.1,-5.0,-1.2,0.1,-1.5,-6.0,-9.8,-14.7,-12.5,-9.0,-4.4,0.3,3.8,6.2,3.1,-1.0,-5.4,-9.3,-12.6,-7.1,-5.4,-3.7,-2.9,-3.4,-5.0,-6.8,-7.6,44.2,46.0,50.0,53.9,55.2,53.4,49.3,45.2,40.3,42.3,45.4,50.0,54.8,58.6,61.1,58.3,54.4,50.4,46.4,42.8,48.0,49.6,51.3,52.1,51.5,49.9,48.2,47.4,-82.1,-86.0,-87.1,-84.7,-80.3,-76.1,-75.3,-77.7,-81.8,-83.1,-83.4,-83.2,-81.9,-80.0,-77.5,-76.2,-75.8,-76.0,-77.1,-79.1,-79.9,-78.9,-79.3,-81.0,-82.8,-83.9,-83.4,-81.8,-79.0,-82.5,-83.8,-81.9,-78.1,-74.5,-73.3,-75.0,-76.9,-79.2,-80.5,-80.8,-80.2,-79.2,-77.4,-74.2,-72.3,-71.6,-72.4,-74.3,-77.4,-76.7,-77.2,-78.7,-80.3,-81.1,-80.5,-79.0,484.7,483.7,482.2,481.1,481.1,482.3,483.6,484.7,489.2,485.7,482.3,480.2,480.2,481.6,483.4,482.5,481.8,482.2,483.9,486.5,484.4,484.0,483.3,482.9,482.9,483.4,484.0,484.5,481.1,480.1,479.8,480.4,481.6,482.6,482.9,482.6,484.3,481.5,479.2,478.3,479.9,483.0,486.6,485.4,483.9,483.0,482.9,483.8,482.5,482.7,482.6,482.2,481.7,481.5,481.6,482.0,22.0,-40.4,501.3,0.373,0.263,0.018,0.0,0.0,0.0,0.01,0.0,0.37,0.01,0.0,0.0,0.0,0.14,0.2,0.0,0.0,0.01,0.0
-0.224749,0.352449,-0.908443,-0.26894,0.262635,-0.926658,-0.263,0.323,252.7,254.7,258.7,262.4,263.6,262.0,257.6,254.0,249.3,251.5,254.9,259.4,263.9,267.2,269.4,266.5,262.6,258.4,254.5,251.4,256.6,258.2,259.8,260.6,260.1,258.6,256.9,256.1,306.7,308.7,312.8,316.5,317.7,315.6,311.5,307.6,303.3,305.0,307.9,312.4,317.7,322.0,325.0,321.4,317.1,312.7,308.6,305.3,310.6,312.2,313.9,314.7,314.3,312.7,311.0,310.1,171.6,167.7,166.3,168.4,172.6,176.9,177.9,175.8,173.2,171.1,170.0,169.7,170.9,173.1,176.0,177.0,177.1,176.9,176.3,175.1,173.7,174.6,174.0,172.4,170.6,169.7,170.3,171.9,173.5,169.4,168.2,170.4,174.8,178.8,180.1,178.1,176.3,173.6,171.9,171.5,173.1,175.2,178.3,180.5,181.3,181.2,180.2,178.7,175.7,176.7,176.1,174.4,172.6,171.6,172.2,173.9,-11.8,-9.8,-5.6,-1.7,-0.4,-2.1,-6.6,-10.5,-15.5,-13.1,-9.5,-4.8,-0.1,3.4,5.6,2.6,-1.5,-5.9,-9.9,-13.3,-7.7,-6.1,-4.4,-3.5,-4.0,-5.7,-7.4,-8.3,40.6,42.5,46.2,49.6,50.7,48.8,45.1,41.5,37.7,39.1,41.6,45.6,50.6,54.8,57.9,54.4,50.2,46.1,42.3,39.4,44.3,45.7,47.3,48.1,47.6,46.2,44.6,43.8,-82.0,-86.1,-87.3,-85.0,-80.5,-76.2,-75.2,-77.5,-81.0,-82.7,-83.4,-83.4,-82.1,-80.1,-77.3,-76.1,-75.8,-76.0,-77.0,-78.6,-79.8,-78.8,-79.3,-81.0,-82.9,-83.9,-83.4,-81.7,-72.8,-76.5,-77.5,-75.2,-71.0,-67.3,-66.3,-68.4,-70.7,-72.9,-74.0,-73.9,-72.5,-70.7,-68.2,-65.9,-65.0,-65.1,-66.3,-68.1,-70.6,-69.6,-70.0,-71.6,-73.4,-74.3,-73.9,-72.4,488.5,488.0,486.8,485.6,485.2,485.9,486.9,488.0,492.6,489.4,486.3,484.4,484.6,485.9,487.6,486.5,485.4,485.7,487.3,489.9,488.1,487.6,487.1,486.9,487.1,487.6,488.1,488.3,443.9,443.2,441.9,440.7,440.4,441.1,442.4,443.9,447.5,444.8,442.0,439.8,439.7,441.2,443.6,442.2,441.4,441.6,443.0,445.5,443.5,443.0,442.4,442.1,442.3,442.8,443.3,443.6,21.7,-39.4,500.0,0.363,0.251,0.017,0.0,0.0,0.0,0.01,0.0,0.4,0.02,0.0,0.0,0.0,0.04,0.18,0.0,0.0,0.04,0.0
-0.222657,0.349685,-0.910024,-0.268262,0.258946,-0.927891,-0.261,0.32,252.5,254.4,258.3,261.9,263.1,261.6,257.4,253.7,249.3,251.3,254.6,259.0,263.4,266.7,268.8,266.0,262.1,258.1,254.3,251.3,256.3,257.9,259.5,260.3,259.8,258.2,256.6,255.8,306.2,308.3,312.5,316.2,317.3,315.2,311.1,307.2,302.8,304.6,307.5,312.1,317.3,321.6,324.5,321.0,316.7,312.3,308.2,304.8,310.2,311.7,313.5,314.3,313.9,312.3,310.6,309.7,172.9,169.0,167.7,169.7,173.8,178.0,179.0,177.0,174.3,172.5,171.5,171.3,172.3,174.3,176.9,178.0,178.3,178.2,177.5,176.2,174.9,175.8,175.2,173.6,171.8,170.9,171.5,173.1,174.6,170.6,169.2,171.4,175.7,179.8,181.1,179.3,177.8,174.9,173.0,172.5,174.0,176.3,179.5,181.5,182.3,182.2,181.3,180.0,176.9,177.8,177.2,175.5,173.6,172.7,173.3,175.0,-12.3,-10.3,-6.1,-2.2,-0.9,-2.6,-7.1,-11.0,-15.9,-13.6,-10.0,-5.4,-0.6,2.9,5.2,2.1,-2.0,-6.3,-10.3,-13.7,-8.2,-6.6,-4.8,-3.9,-4.5,-6.2,-8.0,-8.8,40.2,42.2,46.0,49.4,50.4,48.4,44.7,41.1,37.2,38.7,41.3,45.4,50.3,54.6,57.6,54.1,49.9,45.7,41.9,39.0,43.9,45.3,46.9,47.8,47.3,45.9,44.3,43.5,-82.6,-86.7,-87.8,-85.5,-81.0,-76.7,-75.8,-78.1,-81.8,-83.2,-83.7,-83.7,-82.5,-80.7,-78.2,-76.8,-76.4,-76.5,-77.5,-79.3,-80.4,-79.4,-79.9,-81.6,-83.5,-84.5,-84.0,-82.3,-71.8,-75.6,-76.7,-74.4,-70.2,-66.4,-65.3,-67.3,-69.3,-71.6,-73.0,-73.1,-71.7,-69.8,-67.1,-64.9,-64.1,-64.2,-65.2,-66.8,-69.6,-68.6,-69.1,-70.7,-72.5,-73.4,-73.0,-71.4,499.9,499.2,498.0,496.8,496.5,497.4,498.5,499.6,504.1,500.8,497.7,495.8,495.9,497.2,499.0,498.0,497.0,497.3,498.9,501.5,499.6,499.2,498.6,498.3,498.4,498.9,499.5,499.8,444.3,443.9,442.8,441.6,441.0,441.3,442.4,443.9,447.6,445.1,442.5,440.4,440.4,441.8,444.1,442.5,441.5,441.6,443.0,445.5,443.8,443.2,442.8,442.6,442.9,443.4,443.9,444.0,21.7,-38.4,500.9,0.365,0.247,0.012,0.0,0.0,0.0,0.01,0.0,0.51,0.02,0.0,0.0,0.0,0.0,0.08,0.05,0.0,0.14,0.0
-0.212007,0.356788,-0.909811,-0.276688,0.251657,-0.927423,-0.26,0.32,252.1,254.0,258.0,261.7,262.9,261.2,256.9,253.3,248.5,250.8,254.4,258.9,263.3,266.4,268.4,265.6,261.8,257.7,253.8,250.6,255.9,257.4,259.1,259.9,259.4,257.9,256.2,255.4,305.8,307.8,311.9,315.6,316.8,314.8,310.7,306.8,302.5,304.3,307.2,311.8,317.0,321.3,324.2,320.8,316.5,312.1,308.0,304.6,309.7,311.3,313.0,313.9,313.4,311.8,310.1,309.2,174.2,170.3,169.1,171.1,175.3,179.5,180.4,178.4,175.6,173.6,172.6,172.3,173.5,175.7,178.5,179.6,179.7,179.5,178.8,177.6,176.3,177.2,176.6,175.0,173.2,172.4,172.9,174.5,175.7,171.6,170.3,172.4,176.7,180.8,182.1,180.3,178.9,176.0,174.1,173.5,175.0,177.2,180.4,182.6,183.5,183.5,182.6,181.3,177.9,178.8,178.2,176.5,174.6,173.7,174.3,176.0,-12.7,-10.6,-6.3,-2.4,-1.1,-2.9,-7.5,-11.4,-16.7,-14.1,-10.2,-5.4,-0.8,2.6,4.7,1.7,-2.4,-6.7,-10.8,-14.3,-8.6,-7.0,-5.2,-4.3,-4.8,-6.5,-8.3,-9.2,39.8,41.6,45.4,48.8,49.9,48.0,44.3,40.7,36.9,38.4,40.9,45.0,50.0,54.2,57.3,53.8,49.6,45.5,41.7,38.7,43.4,44.9,46.5,47.3,46.8,45.4,43.8,43.0,-80.6,-84.6,-85.8,-83.5,-79.1,-74.7,-73.8,-76.1,-79.7,-81.4,-82.0,-82.0,-80.8,-78.8,-76.0,-74.8,-74.4,-74.6,-75.6,-77.3,-78.4,-77.4,-77.9,-79.6,-81.5,-82.5,-82.0,-80.3,-70.7,-74.5,-75.6,-73.4,-69.2,-65.4,-64.3,-66.2,-68.2,-70.5,-71.9,-72.1,-70.7,-68.9,-66.2,-63.9,-62.9,-62.9,-63.9,-65.6,-68.5,-67.6,-68.1,-69.7,-71.4,-72.4,-71.9,-70.3,496.3,495.9,494.9,494.1,493.8,494.4,495.2,496.0,500.2,497.1,494.3,492.7,493.1,494.7,496.5,495.3,494.0,494.0,495.3,497.7,496.3,495.9,495.5,495.3,495.4,495.8,496.2,496.4,443.8,443.4,442.3,441.1,440.5,440.9,442.1,443.6,447.1,444.6,441.9,439.9,440.0,441.4,443.8,442.2,441.3,441.4,442.6,445.1,443.4,442.8,442.4,442.2,442.4,442.9,443.4,443.6,21.4,-36.7,499.5,0.372,0.246,0.005,0.0,0.0,0.0,0.0,0.0,0.59,0.0,0.0,0.0,0.0,0.0,0.07,0.09,0.0,0.28,0.03
-0.204061,0.353636,-0.912853,-0.26716,0.243354,-0.932419,-0.25,0.313,252.1,254.1,258.1,261.8,263.0,261.3,257.0,253.4,248.5,250.8,254.3,258.8,263.2,266.4,268.4,265.6,261.8,257.6,253.8,250.6,256.0,257.5,259.2,260.0,259.5,257.9,256.3,255.5,305.9,307.9,312.0,315.7,316.9,314.8,310.8,306.9,302.4,304.2,307.1,311.7,316.9,321.3,324.2,320.7,316.3,312.0,307.8,304.5,309.8,311.4,313.1,313.9,313.4,311.9,310.2,309.3,174.3,170.4,169.1,171.1,175.2,179.4,180.4,178.4,175.8,173.7,172.6,172.3,173.5,175.6,178.4,179.4,179.6,179.4,178.8,177.6,176.3,177.2,176.6,175.0,173.3,172.4,173.0,174.6,175.6,171.6,170.3,172.4,176.7,180.7,182.1,180.3,178.9,176.0,174.1,173.5,175.0,177.3,180.5,182.7,183.6,183.5,182.7,181.3,177.8,178.7,178.1,176.4,174.6,173.7,174.3,176.0,-12.7,-10.6,-6.3,-2.4,-1.1,-2.9,-7.4,-11.4,-16.7,-14.1,-10.3,-5.5,-0.8,2.5,4.7,1.7,-2.4,-6.8,-10.8,-14.4,-8.6,-6.9,-5.2,-4.3,-4.8,-6.5,-8.2,-9.1,39.8,41.7,45.4,48.7,49.8,47.9,44.2,40.7,36.8,38.2,40.7,44.8,49.8,54.1,57.2,53.6,49.4,45.3,41.5,38.5,43.4,44.9,46.4,47.2,46.8,45.3,43.8,43.0,-80.9,-85.0,-86.2,-83.9,-79.5,-75.1,-74.1,-76.4,-79.9,-81.7,-82.4,-82.5,-81.2,-79.2,-76.5,-75.2,-74.9,-75.0,-75.9,-77.5,-78.7,-77.7,-78.2,-79.9,-81.8,-82.8,-82.3,-80.6,-70.6,-74.3,-75.4,-73.3,-69.1,-65.3,-64.2,-66.2,-68.0,-70.3,-71.8,-71.9,-70.6,-68.7,-66.0,-63.7,-62.7,-62.7,-63.8,-65.4,-68.4,-67.5,-68.0,-69.6,-71.3,-72.2,-71.8,-70.2,498.5,498.2,497.3,496.4,495.9,496.4,497.1,498.0,502.4,499.4,496.6,495.0,495.4,496.8,498.6,497.2,495.9,496.0,497.4,499.8,498.4,498.0,497.6,497.5,497.7,498.1,498.4,498.6,443.0,442.6,441.5,440.3,439.7,440.1,441.2,442.8,446.5,443.9,441.2,439.1,439.2,440.6,443.0,441.4,440.5,440.6,441.9,444.4,442.5,442.0,441.6,441.4,441.6,442.1,442.6,442.8,21.4,-36.7,499.9,0.364,0.246,0.006,0.0,0.0,0.0,0.0,0.0,0.7,0.0,0.0,0.0,0.0,0.0,0.03,0.09,0.0,0.24,0.06
-0.207065,0.36053,-0.909474,-0.273379,0.239313,-0.931662,-0.255,0.315,251.4,253.3,257.3,261.1,262.4,260.8,256.5,252.7,247.9,250.1,253.4,257.9,262.5,266.0,268.2,265.3,261.3,257.0,253.2,250.0,255.3,256.9,258.6,259.4,258.9,257.3,255.6,254.8,305.2,307.2,311.3,315.1,316.4,314.4,310.3,306.3,301.8,303.6,306.5,311.2,316.7,321.1,324.1,320.5,316.1,311.7,307.5,304.0,309.2,310.8,312.6,313.4,312.9,311.2,309.5,308.7,175.7,171.7,170.5,172.6,176.9,181.1,182.1,180.0,176.9,175.1,174.3,174.1,175.2,177.1,179.7,180.8,181.2,181.1,180.3,178.9,177.8,178.7,178.1,176.5,174.7,173.8,174.3,176.0,176.9,172.8,171.4,173.5,177.9,182.0,183.4,181.6,180.5,177.5,175.4,174.8,176.3,178.5,181.7,184.0,185.0,185.0,184.2,182.8,179.1,180.0,179.4,177.6,175.8,174.9,175.5,177.2,-13.1,-11.1,-6.9,-3.0,-1.6,-3.3,-7.8,-11.7,-16.8,-14.5,-10.9,-6.2,-1.5,2.0,4.4,1.3,-2.8,-7.2,-11.2,-14.6,-9.0,-7.3,-5.5,-4.7,-5.3,-6.9,-8.7,-9.5,38.3,40.1,43.8,47.2,48.4,46.6,42.9,39.3,35.4,36.9,39.4,43.5,48.6,52.9,55.9,52.4,48.3,44.1,40.3,37.3,42.0,43.5,45.0,45.8,45.3,43.9,42.3,41.5,-77.0,-80.9,-82.0,-79.7,-75.3,-71.1,-70.2,-72.6,-76.5,-77.7,-78.1,-78.0,-76.9,-75.1,-72.8,-71.4,-70.9,-71.1,-72.1,-73.9,-74.8,-73.8,-74.3,-75.9,-77.8,-78.8,-78.3,-76.7,-68.0,-71.7,-72.9,-70.7,-66.6,-62.9,-61.7,-63.6,-65.2,-67.6,-69.0,-69.3,-68.0,-66.2,-63.6,-61.2,-60.2,-60.2,-61.1,-62.7,-65.9,-65.0,-65.5,-67.1,-68.8,-69.7,-69.2,-67.7,483.6,482.6,481.2,480.3,480.3,481.6,482.7,483.6,488.0,484.5,481.3,479.3,479.5,481.0,482.9,482.0,481.0,481.4,483.0,485.5,483.5,483.1,482.5,482.0,482.0,482.4,483.0,483.4,434.0,433.5,432.4,431.3,430.9,431.4,432.5,433.9,437.5,434.9,432.2,430.1,430.3,432.0,434.5,432.9,431.9,432.0,433.2,435.5,433.7,433.2,432.7,432.5,432.7,433.2,433.7,433.9,21.0,-34.9,497.8,0.377,0.235,0.001,0.0,0.0,0.0,0.0,0.0,0.61,0.0,0.0,0.0,0.01,0.0,0.38,0.04,0.11,0.15,0.06
-0.209379,0.362447,-0.908181,-0.274772,0.251425,-0.928055,-0.258,0.323,249.9,251.7,255.7,259.4,260.7,259.2,254.9,251.2,246.5,248.6,252.0,256.4,260.9,264.3,266.5,263.6,259.7,255.5,251.7,248.6,253.8,255.4,257.0,257.8,257.3,255.7,254.0,253.2,303.6,305.6,309.7,313.6,315.0,313.0,308.9,304.7,300.2,302.1,305.1,309.9,315.3,319.7,322.6,319.2,314.8,310.4,306.1,302.5,307.7,309.3,311.1,311.9,311.3,309.7,307.9,307.1,178.3,174.4,173.1,175.2,179.4,183.6,184.6,182.5,179.5,177.7,176.8,176.5,177.6,179.6,182.3,183.4,183.8,183.7,182.9,181.6,180.3,181.2,180.7,179.0,177.3,176.4,176.9,178.6,179.2,175.1,173.5,175.6,179.9,184.1,185.7,183.9,182.5,179.6,177.6,177.0,178.4,180.5,183.6,186.0,187.0,187.1,186.3,184.9,181.4,182.2,181.6,179.8,177.9,177.1,177.7,179.5,-14.8,-12.8,-8.7,-4.8,-3.4,-5.0,-9.5,-13.4,-18.5,-16.2,-12.6,-7.9,-3.2,0.3,2.6,-0.4,-4.5,-8.9,-12.9,-16.2,-10.7,-9.1,-7.3,-6.5,-7.0,-8.7,-10.5,-11.3,36.8,38.6,42.3,45.8,47.0,45.2,41.5,37.8,33.9,35.4,38.0,42.3,47.3,51.5,54.5,51.1,47.0,42.8,39.0,35.8,40.5,42.0,43.6,44.3,43.8,42.4,40.8,40.0,-75.3,-79.2,-80.3,-78.0,-73.6,-69.4,-68.5,-70.8,-74.6,-76.1,-76.5,-76.4,-75.3,-73.5,-70.9,-69.6,-69.1,-69.3,-70.3,-72.1,-73.1,-72.1,-72.6,-74.2,-76.1,-77.1,-76.6,-74.9,-65.7,-69.5,-70.8,-68.7,-64.6,-60.8,-59.5,-61.3,-63.2,-65.5,-67.0,-67.2,-66.0,-64.3,-61.7,-59.3,-58.2,-58.1,-59.0,-60.6,-63.7,-62.8,-63.4,-65.0,-66.7,-67.6,-67.1,-65.5,489.8,488.7,487.3,486.4,486.4,487.7,488.8,489.8,494.1,490.6,487.4,485.4,485.6,487.0,489.0,488.1,487.2,487.5,489.1,491.6,489.6,489.2,488.6,488.2,488.2,488.6,489.2,489.6,433.4,433.1,432.1,431.0,430.4,430.8,431.8,433.2,436.6,434.1,431.6,429.7,430.0,431.6,434.0,432.3,431.2,431.1,432.2,434.6,433.1,432.6,432.2,432.0,432.3,432.7,433.2,433.3,19.7,-32.6,496.8,0.369,0.23,-0.008,0.0,0.0,0.0,0.0,0.0,0.53,0.0,0.0,0.0,0.09,0.0,0.6,0.0,0.24,0.0,0.02
-0.212998,0.353513,-0.910857,-0.271268,0.260221,-0.92666,-0.258,0.322,249.9,251.7,255.6,259.3,260.6,259.1,254.9,251.2,246.6,248.6,251.9,256.3,260.9,264.3,266.5,263.6,259.7,255.5,251.7,248.6,253.8,255.3,257.0,257.7,257.2,255.6,254.0,253.3,303.5,305.5,309.6,313.5,314.9,312.9,308.8,304.6,300.0,302.0,305.1,309.8,315.2,319.5,322.4,319.0,314.7,310.3,306.0,302.3,307.5,309.2,311.0,311.9,311.3,309.6,307.8,307.0,178.2,174.4,173.1,175.2,179.4,183.5,184.5,182.4,179.5,177.6,176.7,176.4,177.5,179.6,182.3,183.4,183.8,183.7,182.9,181.5,180.2,181.1,180.6,179.0,177.2,176.4,176.9,178.5,179.4,175.3,173.7,175.7,180.1,184.2,185.8,184.1,182.7,179.7,177.6,176.9,178.3,180.5,183.8,186.0,186.9,187.0,186.2,185.0,181.6,182.4,181.8,180.0,178.1,177.2,177.9,179.7,-14.9,-12.9,-8.8,-4.9,-3.5,-5.1,-9.6,-13.5,-18.5,-16.2,-12.6,-8.0,-3.2,0.3,2.6,-0.4,-4.5,-8.9,-12.9,-16.3,-10.7,-9.1,-7.4,-6.6,-7.2,-8.8,-10.5,-11.3,37.0,38.8,42.6,46.1,47.3,45.5,41.7,38.0,33.9,35.6,38.3,42.5,47.5,51.7,54.7,51.3,47.2,43.0,39.1,35.9,40.7,42.2,43.9,44.6,44.1,42.6,41.0,40.2,-75.6,-79.5,-80.6,-78.3,-73.9,-69.7,-68.8,-71.1,-74.9,-76.4,-76.8,-76.8,-75.6,-73.8,-71.2,-69.9,-69.4,-69.5,-70.5,-72.4,-73.4,-72.5,-72.9,-74.5,-76.4,-77.3,-76.9,-75.3,-66.0,-69.9,-71.2,-69.2,-65.0,-61.2,-59.8,-61.6,-63.4,-65.9,-67.4,-67.8,-66.6,-64.7,-62.1,-59.7,-58.7,-58.6,-59.5,-61.0,-64.0,-63.1,-63.7,-65.3,-67.1,-68.0,-67.4,-65.8,491.3,490.3,488.9,487.9,488.0,489.2,490.4,491.4,495.7,492.3,489.0,486.9,487.1,488.6,490.6,489.7,488.8,489.1,490.7,493.2,491.2,490.8,490.2,489.7,489.7,490.1,490.7,491.1,436.5,436.4,435.5,434.5,433.8,433.9,434.8,436.2,439.4,437.1,434.8,433.1,433.4,435.0,437.4,435.5,434.2,434.1,435.1,437.4,436.2,435.7,435.4,435.3,435.6,436.1,436.4,436.5,19.8,-32.5,497.1,0.364,0.232,-0.009,0.0,0.0,0.0,0.0,0.0,0.42,0.02,0.0,0.0,0.15,0.0,0.84,0.0,0.28,0.04,0.17
-0.2079,0.378094,-0.902121,-0.218752,0.377953,-0.89961,-0.233,0.397,248.4,250.3,254.1,257.7,259.0,257.4,253.2,249.6,245.2,247.2,250.4,254.7,259.2,262.5,264.6,261.7,257.8,253.8,250.1,247.1,252.2,253.7,255.4,256.2,255.7,254.1,252.5,251.7,302.0,303.6,307.4,311.1,312.6,311.0,307.2,303.2,298.3,300.4,303.4,307.8,312.1,315.5,317.7,315.3,312.1,308.4,304.4,300.9,305.7,307.2,308.8,309.5,308.9,307.3,305.7,305.1,178.3,174.5,173.2,175.3,179.5,183.6,184.6,182.5,179.5,177.6,176.7,176.5,177.7,179.8,182.6,183.6,183.9,183.7,182.9,181.6,180.4,181.3,180.8,179.1,177.4,176.5,177.0,178.6,180.4,176.7,175.2,176.8,180.6,184.3,185.8,184.4,182.3,179.8,178.2,177.6,178.2,179.3,181.3,183.3,184.6,185.1,184.8,183.9,181.9,182.6,182.0,180.4,178.8,178.1,178.8,180.3,-16.6,-14.6,-10.5,-6.6,-5.3,-7.0,-11.5,-15.3,-20.2,-17.9,-14.4,-9.8,-5.1,-1.6,0.7,-2.4,-6.5,-10.9,-14.8,-18.1,-12.6,-10.9,-9.2,-8.3,-8.9,-10.5,-12.3,-13.1,41.5,43.2,47.4,51.5,53.2,51.5,47.4,43.0,37.7,39.8,42.9,47.6,52.5,56.5,59.3,56.5,52.6,48.5,44.2,40.4,45.7,47.4,49.1,49.9,49.1,47.4,45.7,45.0,-76.5,-80.4,-81.5,-79.2,-74.7,-70.5,-69.7,-72.0,-75.9,-77.4,-77.9,-77.8,-76.5,-74.5,-71.8,-70.5,-70.2,-70.4,-71.5,-73.3,-74.2,-73.2,-73.7,-75.4,-77.3,-78.3,-77.8,-76.1,-76.1,-80.0,-81.6,-79.9,-75.9,-71.9,-70.3,-71.9,-74.4,-76.7,-78.1,-78.7,-78.3,-77.5,-75.8,-73.3,-71.7,-71.0,-71.3,-72.5,-74.6,-73.9,-74.6,-76.2,-77.9,-78.6,-77.9,-76.3,498.1,497.2,495.7,494.6,494.5,495.6,496.8,498.0,502.5,499.1,495.7,493.6,493.7,495.0,496.8,495.9,495.1,495.5,497.3,499.9,497.8,497.3,496.7,496.3,496.4,496.8,497.5,497.9,510.1,509.1,508.8,509.4,510.4,511.3,511.6,511.4,512.6,510.1,508.1,507.2,508.7,511.7,515.1,513.2,511.3,510.2,510.3,511.6,511.4,511.6,511.5,511.1,510.7,510.4,510.6,511.0,17.7,-30.9,491.3,0.359,0.247,-0.017,0.0,0.0,0.0,0.0,0.0,0.54,0.11,0.0,0.0,0.21,0.01,0.69,0.0,0.22,0.15,0.52
-0.204046,0.376121,-0.903824,-0.232385,0.360972,-0.903159,-0.237,0.387,247.4,249.2,253.1,256.7,257.9,256.4,252.3,248.7,244.2,246.2,249.4,253.7,258.0,261.2,263.3,260.5,256.8,252.8,249.1,246.1,251.2,252.7,254.3,255.1,254.6,253.0,251.4,250.6,300.8,302.4,306.2,309.8,311.2,309.6,305.8,301.9,297.4,299.5,302.5,306.8,311.0,314.1,316.1,313.9,310.8,307.2,303.4,299.9,304.3,305.9,307.5,308.2,307.6,306.0,304.4,303.7,177.8,174.1,172.8,174.8,178.9,183.0,183.9,181.9,179.0,177.0,176.1,175.8,176.8,178.8,181.6,182.8,183.1,183.1,182.3,181.0,179.8,180.7,180.2,178.6,176.8,176.0,176.5,178.1,179.4,175.8,174.3,175.9,179.6,183.3,184.7,183.3,181.1,178.8,177.4,176.8,177.4,178.4,180.2,182.3,183.5,184.1,183.7,182.7,180.9,181.6,181.0,179.4,177.8,177.1,177.7,179.3,-18.1,-16.1,-11.9,-7.9,-6.6,-8.2,-12.8,-16.7,-21.8,-19.4,-15.8,-11.2,-6.4,-3.0,-0.7,-3.8,-7.9,-12.2,-16.2,-19.5,-14.0,-12.3,-10.5,-9.7,-10.2,-11.9,-13.7,-14.6,41.0,42.8,46.9,51.1,52.7,51.0,46.8,42.4,37.4,39.5,42.8,47.5,52.3,56.1,58.8,56.0,52.3,48.3,44.0,40.1,45.1,46.9,48.7,49.5,48.7,46.9,45.1,44.4,-78.6,-82.6,-83.7,-81.4,-77.0,-72.8,-71.9,-74.2,-78.0,-79.6,-80.2,-80.2,-79.1,-77.1,-74.4,-73.0,-72.5,-72.6,-73.6,-75.4,-76.4,-75.4,-75.9,-77.6,-79.5,-80.5,-80.0,-78.3,-78.8,-82.7,-84.2,-82.6,-78.6,-74.7,-73.1,-74.6,-77.3,-79.4,-80.7,-81.2,-80.8,-80.2,-78.7,-76.1,-74.4,-73.6,-74.0,-75.3,-77.3,-76.6,-77.3,-79.0,-80.7,-81.4,-80.7,-79.0,508.5,507.5,506.2,505.3,505.3,506.4,507.5,508.4,512.6,509.3,506.1,504.2,504.4,505.8,507.7,506.8,505.9,506.1,507.7,510.2,508.3,507.9,507.4,507.0,507.0,507.4,507.9,508.3,520.7,519.7,519.5,520.1,521.3,522.3,522.5,522.2,523.0,520.5,518.7,518.0,519.7,522.7,526.2,524.3,522.3,521.1,521.1,522.1,522.2,522.5,522.4,521.9,521.4,521.1,521.2,521.7,16.6,-31.4,491.5,0.328,0.257,-0.017,0.0,0.0,0.0,0.0,0.0,0.7,0.17,0.0,0.0,0.28,0.01,0.7,0.0,0.17,0.25,0.82
-0.218652,0.370455,-0.902748,-0.210225,0.354286,-0.911201,-0.232,0.38,246.7,248.6,252.6,256.2,257.5,255.9,251.6,248.0,243.6,245.6,248.8,253.2,257.9,261.2,263.4,260.4,256.4,252.2,248.5,245.5,250.6,252.2,253.8,254.6,254.1,252.6,250.9,250.1,300.6,302.2,306.0,309.8,311.3,309.6,305.8,301.7,296.9,298.9,301.9,306.3,310.6,314.0,316.2,313.8,310.5,306.8,302.9,299.4,304.2,305.8,307.5,308.2,307.6,305.9,304.3,303.6,177.7,173.7,172.5,174.6,178.9,183.1,184.1,182.0,178.9,176.8,175.8,175.5,176.9,179.2,182.2,183.2,183.4,183.1,182.3,181.0,179.8,180.7,180.2,178.5,176.7,175.8,176.4,178.0,179.2,175.4,174.0,175.6,179.5,183.2,184.7,183.2,180.8,178.5,177.0,176.5,177.1,178.2,180.2,182.2,183.4,183.9,183.5,182.5,180.8,181.5,180.8,179.2,177.6,176.9,177.5,179.1,-17.9,-15.9,-11.8,-8.0,-6.7,-8.3,-12.8,-16.6,-21.3,-19.1,-15.6,-11.0,-6.3,-2.8,-0.6,-3.7,-7.8,-12.2,-16.1,-19.2,-13.8,-12.2,-10.5,-9.6,-10.2,-11.8,-13.5,-14.3,40.1,41.8,46.0,50.1,51.8,50.1,45.9,41.5,36.2,38.3,41.4,46.1,50.9,54.9,57.7,54.9,51.1,46.9,42.7,38.9,44.2,46.0,47.8,48.5,47.8,46.0,44.2,43.5,-74.8,-78.7,-79.8,-77.4,-73.0,-68.8,-68.0,-70.3,-74.2,-75.9,-76.4,-76.3,-74.9,-72.7,-69.9,-68.7,-68.5,-68.8,-69.9,-71.7,-72.5,-71.5,-72.0,-73.6,-75.5,-76.5,-76.1,-74.4,-77.6,-81.6,-83.1,-81.4,-77.4,-73.4,-71.8,-73.4,-76.2,-78.4,-79.7,-80.1,-79.7,-78.9,-77.2,-74.8,-73.1,-72.5,-72.9,-74.2,-76.1,-75.3,-76.0,-77.7,-79.5,-80.2,-79.5,-77.8,482.9,481.9,480.3,479.0,478.8,479.9,481.3,482.6,487.3,483.8,480.4,478.1,478.0,479.2,480.9,480.1,479.5,480.0,481.9,484.6,482.4,481.8,481.1,480.7,480.8,481.4,482.1,482.5,511.5,510.6,510.3,510.8,511.8,512.7,513.1,512.9,514.1,511.6,509.6,508.7,510.1,512.9,516.2,514.4,512.6,511.6,511.7,513.0,512.9,513.1,512.9,512.5,512.1,511.9,512.0,512.4,16.1,-31.3,489.4,0.326,0.263,-0.019,0.0,0.0,0.0,0.0,0.0,0.88,0.24,0.0,0.0,0.34,0.07,0.63,0.0,0.15,0.38,1.0
-0.212154,0.37559,-0.902177,-0.238726,0.354945,-0.903894,-0.245,0.384,245.7,247.5,251.4,255.0,256.3,254.9,250.7,247.0,242.7,244.4,247.4,251.7,256.4,260.0,262.4,259.3,255.2,250.9,247.3,244.4,249.7,251.2,252.8,253.6,253.0,251.5,249.9,249.2,298.8,300.4,304.1,307.8,309.3,307.7,304.0,300.1,295.5,297.4,300.3,304.4,308.8,312.4,314.8,312.4,308.9,305.2,301.3,297.9,302.6,304.1,305.7,306.3,305.7,304.1,302.6,301.9,177.3,173.3,172.0,174.2,178.6,182.8,183.8,181.7,178.3,176.3,175.3,175.1,176.4,178.6,181.6,182.7,182.9,182.7,181.9,180.5,179.5,180.4,179.8,178.1,176.3,175.4,176.0,177.6,178.6,174.9,173.4,175.0,178.8,182.5,184.0,182.6,180.2,177.9,176.4,175.8,176.4,177.5,179.5,181.5,182.6,183.1,182.7,181.9,180.1,180.8,180.2,178.6,177.1,176.4,177.0,178.6,-18.6,-16.7,-12.7,-9.0,-7.7,-9.2,-13.5,-17.2,-21.9,-20.0,-16.7,-12.3,-7.6,-4.0,-1.6,-4.7,-8.9,-13.2,-17.0,-20.0,-14.5,-13.0,-11.3,-10.5,-11.1,-12.6,-14.3,-15.1,38.7,40.3,44.4,48.5,50.2,48.6,44.5,40.2,35.2,37.1,40.1,44.6,49.5,53.7,56.8,53.8,49.9,45.7,41.4,37.7,42.9,44.6,46.3,47.0,46.3,44.6,42.9,42.2,-73.9,-77.8,-78.8,-76.4,-72.0,-67.8,-67.1,-69.5,-73.7,-75.2,-75.6,-75.3,-74.0,-71.9,-69.1,-68.0,-67.7,-68.0,-69.2,-71.1,-71.7,-70.6,-71.1,-72.7,-74.5,-75.6,-75.1,-73.5,-79.3,-83.3,-84.8,-83.0,-78.9,-74.9,-73.4,-75.0,-77.9,-80.1,-81.4,-81.9,-81.4,-80.6,-78.8,-76.3,-74.8,-74.2,-74.6,-75.8,-77.7,-77.0,-77.6,-79.3,-81.0,-81.7,-81.1,-79.4,474.7,473.4,471.5,470.1,470.0,471.4,473.1,474.6,479.7,475.9,472.2,469.5,469.1,470.0,471.7,471.1,470.8,471.7,473.9,476.8,474.0,473.4,472.6,472.1,472.1,472.8,473.6,474.1,518.2,517.3,516.7,516.7,517.3,518.2,518.9,519.2,520.9,518.4,516.2,515.0,516.0,518.4,521.5,519.7,518.0,517.3,517.8,519.5,519.0,519.0,518.8,518.4,518.1,518.1,518.4,518.8,14.8,-31.8,488.2,0.313,0.278,-0.025,0.0,0.0,0.0,0.0,0.0,0.97,0.27,0.0,0.0,0.39,0.14,0.62,0.0,0.1,0.49,1.02
-0.21576,0.367558,-0.904626,-0.224434,0.350856,-0.909137,-0.238,0.377,244.2,246.0,250.0,253.7,255.0,253.5,249.2,245.5,241.2,242.9,246.0,250.3,255.0,258.5,260.9,257.8,253.7,249.5,245.8,242.9,248.2,249.7,251.4,252.2,251.6,250.1,248.4,247.6,297.4,299.0,302.8,306.5,308.0,306.4,302.6,298.7,293.9,295.7,298.6,302.7,307.1,310.8,313.4,310.8,307.2,303.3,299.5,296.2,301.2,302.8,304.3,305.0,304.4,302.8,301.2,300.6,176.6,172.6,171.3,173.5,177.9,182.2,183.2,181.0,177.6,175.6,174.7,174.5,175.8,178.0,181.0,182.1,182.3,182.1,181.3,179.8,178.8,179.7,179.2,177.5,175.6,174.7,175.2,176.9,177.9,174.1,172.6,174.3,178.2,182.0,183.5,182.0,179.6,177.3,175.7,175.2,175.9,177.1,179.2,181.0,182.0,182.4,182.0,181.2,179.6,180.3,179.7,178.1,176.4,175.7,176.3,177.9,-20.1,-18.2,-14.1,-10.4,-9.1,-10.6,-15.0,-18.8,-23.4,-21.4,-18.2,-13.8,-9.1,-5.5,-3.1,-6.2,-10.4,-14.7,-18.4,-21.5,-16.0,-14.4,-12.7,-11.9,-12.5,-14.1,-15.8,-16.6,36.9,38.6,42.7,46.7,48.4,46.7,42.6,38.3,33.2,35.0,38.0,42.4,47.3,51.6,54.8,51.6,47.6,43.3,39.1,35.6,41.1,42.8,44.5,45.2,44.5,42.8,41.1,40.4,-74.5,-78.3,-79.3,-76.8,-72.4,-68.3,-67.6,-70.0,-74.2,-75.7,-76.0,-75.8,-74.5,-72.4,-69.6,-68.4,-68.1,-68.4,-69.6,-71.6,-72.1,-71.1,-71.5,-73.2,-75.0,-76.1,-75.7,-74.0,-79.5,-83.6,-85.1,-83.2,-79.0,-74.9,-73.4,-75.1,-78.1,-80.4,-81.7,-82.1,-81.4,-80.3,-78.4,-76.2,-74.8,-74.4,-75.0,-76.2,-77.8,-77.0,-77.6,-79.3,-81.1,-81.9,-81.3,-79.6,473.4,472.1,470.3,468.9,468.8,470.3,472.0,473.4,478.2,474.6,470.9,468.3,467.9,469.0,470.6,470.1,469.8,470.6,472.7,475.5,472.8,472.2,471.4,470.9,470.9,471.5,472.3,472.9,515.0,514.2,513.5,513.3,513.6,514.4,515.1,515.7,518.1,515.6,513.3,511.8,512.4,514.5,517.2,515.5,514.0,513.5,514.4,516.4,515.5,515.4,515.1,514.8,514.7,514.8,515.1,515.4,13.3,-32.3,488.0,0.31,0.295,-0.029,0.0,0.0,0.0,0.0,0.0,0.93,0.31,0.0,0.0,0.29,0.19,0.48,0.0,0.03,0.71,1.11
-0.213787,0.375488,-0.901834,-0.22167,0.352814,-0.909057,-0.236,0.382,242.8,244.5,248.3,252.0,253.4,252.0,247.8,244.1,239.8,241.5,244.5,248.7,253.2,256.7,259.1,256.1,252.1,248.0,244.5,241.6,246.7,248.3,249.9,250.7,250.1,248.5,246.8,246.1,295.9,297.5,301.3,305.0,306.5,304.9,301.1,297.2,292.3,294.2,297.1,301.2,305.6,309.1,311.6,309.1,305.6,301.8,298.0,294.6,299.7,301.2,302.8,303.5,302.8,301.3,299.7,299.0,176.5,172.7,171.4,173.6,177.8,182.0,182.9,180.8,177.3,175.5,174.7,174.5,175.6,177.6,180.5,181.7,182.2,182.1,181.2,179.6,178.6,179.5,179.0,177.3,175.5,174.6,175.1,176.8,177.8,174.0,172.5,174.2,178.0,181.8,183.3,181.8,179.7,177.3,175.7,175.1,175.8,177.0,179.1,180.9,182.0,182.4,182.0,181.2,179.4,180.1,179.5,177.9,176.3,175.6,176.2,177.8,-22.2,-20.3,-16.3,-12.4,-11.0,-12.4,-16.8,-20.7,-25.5,-23.5,-20.3,-15.8,-11.1,-7.6,-5.1,-8.2,-12.3,-16.6,-20.4,-23.5,-18.0,-16.4,-14.6,-13.8,-14.5,-16.1,-17.9,-18.7,35.5,37.2,41.3,45.5,47.1,45.4,41.3,36.9,31.6,33.5,36.6,41.1,46.0,50.2,53.2,50.2,46.2,42.0,37.7,34.1,39.7,41.4,43.2,43.9,43.2,41.4,39.7,39.0,-76.6,-80.4,-81.4,-79.0,-74.6,-70.6,-69.8,-72.2,-76.5,-77.9,-78.2,-78.0,-76.8,-74.9,-72.2,-70.9,-70.3,-70.5,-71.7,-73.8,-74.4,-73.4,-73.8,-75.4,-77.3,-78.4,-77.9,-76.3,-80.3,-84.3,-85.9,-84.0,-79.9,-75.8,-74.2,-75.8,-78.6,-80.9,-82.3,-82.7,-82.1,-81.1,-79.2,-76.9,-75.5,-75.0,-75.5,-76.6,-78.6,-77.8,-78.4,-80.2,-81.9,-82.7,-82.1,-80.3,486.9,485.4,483.5,482.3,482.6,484.3,486.0,487.1,491.5,487.9,484.2,481.8,481.5,482.7,484.5,484.1,483.7,484.5,486.5,489.2,486.5,486.0,485.2,484.6,484.5,485.0,485.8,486.4,518.5,517.8,517.3,517.3,517.8,518.4,518.9,519.2,521.4,519.0,516.8,515.6,516.5,518.8,521.7,519.8,518.2,517.5,518.1,519.9,519.3,519.3,519.1,518.8,518.6,518.6,518.8,519.1,11.9,-32.6,489.2,0.322,0.302,-0.034,0.0,0.0,0.0,0.0,0.0,0.87,0.34,0.0,0.0,0.17,0.23,0.47,0.0,0.02,0.8,1.04
-0.200482,0.387798,-0.899678,-0.216591,0.348114,-0.912088,-0.226,0.386,241.8,243.5,247.3,251.0,252.4,251.1,246.9,243.2,238.9,240.3,243.1,247.2,251.9,255.5,258.1,255.1,251.0,246.8,243.3,240.5,245.8,247.4,249.0,249.7,249.1,247.5,245.9,245.2,294.5,296.1,299.9,303.6,305.2,303.6,299.8,295.8,290.6,292.5,295.5,299.7,304.2,307.8,310.2,307.7,304.3,300.4,296.5,293.1,298.3,299.9,301.5,302.1,301.5,299.9,298.3,297.6,176.9,172.9,171.7,173.9,178.2,182.5,183.4,181.2,177.6,175.6,174.7,174.5,175.7,177.9,181.1,182.2,182.5,182.4,181.5,179.9,179.0,179.9,179.4,177.7,175.9,175.0,175.5,177.2,177.9,174.1,172.5,174.1,178.0,181.9,183.4,182.0,179.9,177.4,175.8,175.1,175.7,176.9,179.0,180.9,182.0,182.4,182.2,181.4,179.5,180.2,179.5,177.9,176.3,175.6,176.3,177.9,-22.5,-20.7,-16.8,-13.0,-11.6,-13.0,-17.2,-21.0,-25.7,-24.0,-21.0,-16.8,-12.1,-8.5,-5.9,-9.0,-13.1,-17.3,-21.0,-23.9,-18.4,-16.8,-15.1,-14.4,-15.0,-16.6,-18.2,-19.0,33.4,35.1,39.2,43.4,45.1,43.5,39.3,34.9,29.3,31.3,34.4,38.9,43.8,48.0,51.0,48.0,44.1,39.9,35.6,31.9,37.6,39.4,41.1,41.8,41.1,39.3,37.6,36.9,-74.0,-77.7,-78.6,-76.2,-71.9,-67.9,-67.2,-69.6,-74.1,-75.6,-75.9,-75.6,-74.3,-72.2,-69.3,-68.1,-67.8,-68.1,-69.3,-71.4,-71.8,-70.7,-71.1,-72.7,-74.6,-75.6,-75.2,-73.6,-78.9,-83.0,-84.7,-83.0,-78.8,-74.7,-73.0,-74.6,-77.2,-79.6,-81.0,-81.6,-81.1,-80.2,-78.3,-76.0,-74.5,-73.9,-74.3,-75.4,-77.4,-76.6,-77.3,-79.1,-80.8,-81.5,-80.8,-79.1,472.4,470.8,468.7,467.3,467.5,469.3,471.2,472.5,477.7,473.8,469.8,467.0,466.4,467.3,469.1,468.8,468.7,469.8,472.1,475.0,471.8,471.2,470.3,469.6,469.5,470.1,471.0,471.7,511.2,510.5,510.2,510.3,510.9,511.6,511.9,512.1,514.2,511.8,509.7,508.5,509.5,511.9,514.9,513.0,511.3,510.5,511.1,512.7,512.2,512.2,512.1,511.8,511.6,511.5,511.7,511.9,10.5,-32.9,490.4,0.323,0.312,-0.034,0.0,0.0,0.01,0.0,0.0,0.7,0.38,0.0,0.0,0.04,0.21,0.45,0.0,0.12,0.7,0.76
-0.207255,0.377676,-0.902445,-0.221477,0.353867,-0.908695,-0.232,0.384,240.7,242.5,246.2,249.8,251.2,249.7,245.6,242.0,237.7,239.3,242.2,246.4,250.9,254.3,256.6,253.7,249.7,245.7,242.2,239.4,244.6,246.1,247.7,248.4,247.9,246.4,244.8,244.0,293.3,294.9,298.6,302.4,303.9,302.3,298.6,294.6,289.4,291.4,294.3,298.6,303.0,306.5,308.8,306.4,303.0,299.2,295.3,291.9,297.0,298.6,300.2,300.8,300.2,298.6,297.1,296.4,177.5,173.7,172.5,174.6,178.8,182.9,183.8,181.7,178.5,176.4,175.5,175.2,176.5,178.7,181.8,182.8,183.1,183.0,182.1,180.6,179.6,180.5,179.9,178.3,176.5,175.7,176.2,177.8,178.8,175.0,173.5,175.1,178.9,182.7,184.2,182.9,180.6,178.2,176.6,176.0,176.7,177.9,179.9,181.8,182.9,183.3,182.9,182.1,180.4,181.0,180.4,178.8,177.2,176.5,177.2,178.8,-24.5,-22.6,-18.5,-14.7,-13.4,-14.9,-19.3,-23.1,-27.9,-26.0,-22.8,-18.3,-13.6,-10.1,-7.7,-10.8,-14.9,-19.1,-22.9,-26.0,-20.4,-18.8,-17.1,-16.3,-16.9,-18.5,-20.2,-21.0,32.4,34.1,38.2,42.4,44.1,42.4,38.3,33.9,28.3,30.3,33.4,38.0,43.0,47.1,50.0,47.1,43.1,38.9,34.6,30.9,36.6,38.4,40.1,40.8,40.1,38.3,36.6,35.9,-76.2,-80.0,-80.9,-78.5,-74.2,-70.1,-69.4,-71.8,-75.9,-77.5,-77.9,-77.7,-76.4,-74.3,-71.4,-70.2,-69.8,-70.1,-71.3,-73.3,-73.9,-72.9,-73.3,-75.0,-76.8,-77.8,-77.4,-75.8,-78.7,-82.8,-84.5,-82.7,-78.6,-74.5,-72.9,-74.4,-77.2,-79.5,-80.9,-81.4,-80.9,-79.9,-78.1,-75.8,-74.3,-73.8,-74.2,-75.3,-77.2,-76.5,-77.2,-78.9,-80.6,-81.3,-80.6,-78.9,490.4,489.0,487.2,485.9,486.0,487.6,489.2,490.5,495.3,491.6,487.9,485.3,485.0,486.1,487.9,487.5,487.1,488.0,490.0,492.8,489.9,489.4,488.6,488.0,488.0,488.5,489.3,489.9,516.2,515.5,515.2,515.4,516.1,516.8,517.1,517.2,519.2,516.7,514.6,513.5,514.6,517.2,520.2,518.3,516.5,515.7,516.1,517.8,517.3,517.4,517.2,516.9,516.7,516.6,516.7,517.0,9.2,-32.8,492.2,0.332,0.323,-0.035,0.0,0.0,0.02,0.0,0.0,0.62,0.48,0.0,0.0,0.01,0.23,0.52,0.0,0.25,0.48,0.41
-0.219093,0.385462,-0.896335,-0.214783,0.350671,-0.911536,-0.236,0.387,239.6,241.3,245.1,248.8,250.2,248.8,244.7,241.0,236.8,238.3,241.2,245.4,250.1,253.6,256.0,253.0,248.9,244.8,241.2,238.5,243.6,245.2,246.8,247.5,246.9,245.3,243.7,243.0,292.4,293.9,297.6,301.3,302.8,301.2,297.5,293.6,288.5,290.4,293.3,297.5,301.8,305.3,307.6,305.2,301.8,298.1,294.3,290.9,296.0,297.6,299.1,299.8,299.1,297.6,296.0,295.4,178.4,174.5,173.3,175.5,179.8,184.0,184.9,182.7,179.2,177.2,176.4,176.2,177.5,179.8,182.9,183.8,184.1,183.9,182.9,181.4,180.5,181.4,180.9,179.3,177.4,176.5,177.0,178.7,179.4,175.7,174.2,175.8,179.5,183.2,184.7,183.3,181.2,178.8,177.2,176.6,177.3,178.4,180.5,182.5,183.6,184.1,183.7,182.8,180.9,181.5,180.9,179.4,177.8,177.1,177.7,179.3,-24.9,-23.1,-19.1,-15.4,-14.0,-15.4,-19.7,-23.5,-28.1,-26.3,-23.2,-18.8,-14.1,-10.5,-8.1,-11.2,-15.3,-19.5,-23.3,-26.3,-20.8,-19.2,-17.6,-16.8,-17.4,-19.0,-20.7,-21.4,31.6,33.3,37.4,41.5,43.2,41.6,37.4,33.1,27.5,29.4,32.6,37.1,42.1,46.2,49.0,46.1,42.2,38.0,33.8,30.0,35.8,37.5,39.2,39.9,39.2,37.5,35.8,35.0,-73.3,-77.0,-77.9,-75.4,-71.1,-67.1,-66.4,-68.9,-73.2,-74.7,-74.9,-74.6,-73.2,-71.1,-68.3,-67.2,-66.9,-67.3,-68.5,-70.6,-71.0,-70.0,-70.4,-71.9,-73.8,-74.8,-74.4,-72.9,-78.8,-82.8,-84.4,-82.6,-78.6,-74.6,-72.9,-74.5,-77.2,-79.5,-80.9,-81.4,-80.8,-79.9,-78.1,-75.6,-74.1,-73.5,-73.9,-75.2,-77.2,-76.5,-77.2,-78.9,-80.6,-81.3,-80.6,-78.9,477.3,475.7,473.6,472.3,472.5,474.3,476.2,477.5,482.3,478.5,474.6,471.8,471.4,472.5,474.4,474.1,473.9,474.8,477.0,479.8,476.8,476.2,475.3,474.6,474.5,475.1,476.0,476.7,520.3,519.5,519.1,519.4,520.2,521.0,521.4,521.4,523.3,520.8,518.6,517.5,518.6,521.2,524.4,522.5,520.8,520.0,520.5,522.0,521.4,521.5,521.4,521.0,520.7,520.6,520.7,521.0,8.4,-32.5,494.0,0.342,0.325,-0.042,0.0,0.0,0.02,0.0,0.0,0.46,0.6,0.02,0.0,0.01,0.16,0.55,0.0,0.4,0.43,0.19
-0.202252,0.359764,-0.910859,-0.223395,0.306864,-0.925164,-0.228,0.348,239.2,241.0,244.8,248.5,249.8,248.4,244.2,240.5,235.7,237.5,240.6,244.9,249.5,252.9,255.2,252.3,248.3,244.2,240.5,237.6,243.1,244.6,246.2,247.0,246.4,244.9,243.3,242.5,291.4,293.1,296.9,300.6,302.1,300.4,296.6,292.6,287.3,289.2,292.2,296.7,301.3,304.8,306.8,304.4,300.9,297.2,293.3,289.7,295.1,296.6,298.2,298.9,298.3,296.8,295.2,294.5,178.9,175.1,173.8,175.9,180.1,184.2,185.2,183.1,179.9,178.1,177.3,177.1,178.3,180.4,183.3,184.2,184.4,184.2,183.4,182.0,181.0,181.8,181.3,179.7,177.9,177.0,177.6,179.2,180.1,176.4,174.9,176.6,180.3,184.0,185.5,184.1,182.6,179.8,178.1,177.4,178.2,179.4,181.8,184.9,186.7,187.4,186.7,185.2,181.6,182.3,181.7,180.1,178.5,177.8,178.4,180.0,-25.9,-24.0,-19.9,-16.1,-14.7,-16.3,-20.7,-24.6,-29.8,-27.7,-24.3,-19.8,-15.0,-11.5,-9.1,-12.2,-16.3,-20.6,-24.5,-27.7,-21.8,-20.2,-18.5,-17.7,-18.3,-19.9,-21.6,-22.4,28.4,30.1,34.0,37.9,39.5,37.8,33.8,29.7,24.3,26.1,29.1,33.7,38.5,42.4,44.8,42.2,38.5,34.5,30.5,26.8,32.3,33.9,35.6,36.3,35.6,34.0,32.3,31.6,-74.2,-78.0,-79.1,-76.8,-72.4,-68.3,-67.5,-69.8,-73.9,-75.3,-75.6,-75.4,-74.1,-72.1,-69.4,-68.4,-68.1,-68.4,-69.5,-71.4,-72.0,-71.1,-71.5,-73.1,-75.0,-75.9,-75.5,-73.9,-72.4,-76.1,-77.6,-76.0,-72.3,-68.6,-67.1,-68.5,-70.3,-72.8,-74.3,-74.7,-74.2,-73.4,-71.4,-68.1,-66.0,-65.2,-65.8,-67.6,-71.1,-70.4,-71.0,-72.6,-74.2,-74.8,-74.2,-72.7,487.2,486.0,484.4,483.3,483.4,484.8,486.2,487.3,492.3,488.7,485.0,482.6,482.5,483.7,485.6,484.9,484.4,485.0,486.9,489.7,486.9,486.5,485.8,485.3,485.2,485.7,486.4,486.9,483.5,482.5,482.3,482.9,484.0,485.0,485.2,484.9,486.9,484.1,481.8,480.7,482.2,485.2,488.9,487.7,486.3,485.5,485.5,486.4,484.9,485.1,485.0,484.6,484.2,483.9,484.0,484.4,7.7,-31.9,495.2,0.365,0.339,-0.048,0.0,0.0,0.01,0.0,0.0,0.52,0.66,0.06,0.0,0.1,0.1,0.54,0.0,0.51,0.51,0.09
-0.204962,0.368632,-0.906698,-0.216324,0.338893,-0.915618,-0.227,0.37,238.3,240.1,243.9,247.5,248.8,247.4,243.2,239.5,235.1,236.7,239.7,243.9,248.6,252.0,254.4,251.4,247.4,243.3,239.6,236.8,242.2,243.7,245.3,246.1,245.5,244.0,242.4,241.6,290.3,291.8,295.5,299.3,300.9,299.4,295.7,291.6,286.3,288.1,291.1,295.4,299.8,303.3,305.5,303.2,299.9,296.2,292.3,288.8,294.0,295.6,297.2,297.8,297.1,295.5,294.0,293.3,179.4,175.5,174.2,176.3,180.6,184.8,185.8,183.6,180.6,178.6,177.6,177.4,178.7,180.9,184.0,184.8,184.9,184.7,183.9,182.6,181.5,182.4,181.8,180.2,178.4,177.5,178.0,179.7,180.6,176.8,175.1,176.6,180.4,184.2,185.8,184.6,183.1,180.5,178.7,177.9,178.3,179.4,181.3,183.6,185.1,185.7,185.5,184.7,182.0,182.6,181.9,180.3,178.8,178.1,178.8,180.4,-26.7,-24.7,-20.7,-16.9,-15.6,-17.1,-21.5,-25.3,-30.3,-28.4,-25.0,-20.6,-15.8,-12.3,-9.9,-13.0,-17.1,-21.4,-25.2,-28.3,-22.6,-21.0,-19.3,-18.5,-19.1,-20.7,-22.4,-23.2,28.6,30.2,34.2,38.4,40.2,38.6,34.6,30.1,24.3,26.3,29.4,34.0,38.9,42.9,45.6,42.9,39.2,35.1,30.8,27.1,32.7,34.5,36.2,36.8,36.1,34.3,32.6,32.0,-73.2,-77.1,-78.1,-75.7,-71.3,-67.2,-66.4,-68.8,-72.7,-74.2,-74.7,-74.5,-73.1,-71.0,-68.1,-67.2,-67.0,-67.3,-68.4,-70.2,-71.0,-70.0,-70.4,-72.0,-73.9,-74.9,-74.5,-72.8,-75.4,-79.5,-81.3,-79.7,-75.8,-71.7,-69.9,-71.3,-73.1,-75.7,-77.3,-78.0,-77.8,-77.1,-75.4,-72.6,-70.8,-69.9,-70.2,-71.3,-74.1,-73.5,-74.2,-75.9,-77.6,-78.2,-77.5,-75.8,483.7,482.5,480.8,479.5,479.4,480.8,482.3,483.6,488.8,485.2,481.5,478.9,478.5,479.6,481.3,480.7,480.3,481.1,483.2,486.1,483.2,482.6,481.9,481.4,481.4,482.0,482.7,483.2,507.4,506.6,506.5,507.1,508.0,508.7,508.8,508.6,510.4,507.9,505.9,504.9,506.3,509.2,512.4,510.6,508.8,507.9,508.1,509.4,508.7,508.9,508.9,508.6,508.2,508.0,508.0,508.3,7.0,-31.5,494.7,0.365,0.335,-0.053,0.0,0.0,0.0,0.0,0.0,0.41,0.65,0.13,0.0,0.21,0.05,0.56,0.0,0.59,0.58,0.06
-0.214082,0.376915,-0.901168,-0.19741,0.337481,-0.9204,-0.222,0.374,237.6,239.4,243.2,246.9,248.2,246.8,242.6,238.9,234.4,236.2,239.2,243.4,248.0,251.4,253.8,250.8,246.8,242.7,239.1,236.2,241.5,243.0,244.7,245.4,244.9,243.3,241.7,240.9,289.7,291.3,295.2,299.1,300.6,299.0,295.2,291.0,285.2,287.2,290.3,294.7,299.3,302.9,305.2,302.8,299.3,295.5,291.5,287.8,293.4,295.1,296.8,297.5,296.8,295.1,293.5,292.8,179.9,176.0,174.6,176.7,180.9,185.2,186.2,184.2,181.2,179.2,178.1,177.8,179.0,181.1,184.0,184.9,185.1,184.9,184.2,183.0,182.0,182.9,182.3,180.6,178.8,177.9,178.5,180.2,180.8,177.0,175.3,176.9,180.7,184.6,186.2,184.9,183.4,180.8,179.1,178.3,178.7,179.6,181.5,184.0,185.7,186.4,186.1,185.1,182.3,182.9,182.2,180.6,178.9,178.3,179.0,180.6,-27.6,-25.7,-21.6,-17.7,-16.4,-17.9,-22.4,-26.2,-31.2,-29.2,-25.8,-21.3,-16.6,-13.0,-10.6,-13.7,-17.8,-22.1,-26.0,-29.2,-23.5,-21.9,-20.1,-19.3,-19.9,-21.5,-23.3,-24.1,27.0,28.6,32.7,36.8,38.5,36.9,32.8,28.4,22.5,24.4,27.5,32.1,36.9,40.9,43.7,41.0,37.2,33.1,28.9,25.2,31.0,32.8,34.5,35.2,34.5,32.7,31.0,30.3,-73.3,-77.2,-78.4,-76.0,-71.6,-67.4,-66.5,-68.8,-72.7,-74.3,-74.8,-74.8,-73.5,-71.4,-68.6,-67.6,-67.4,-67.7,-68.6,-70.3,-71.0,-70.1,-70.5,-72.2,-74.1,-75.1,-74.6,-72.9,-72.6,-76.5,-78.2,-76.7,-72.9,-68.9,-67.2,-68.6,-70.4,-72.7,-74.2,-74.8,-74.6,-74.1,-72.7,-69.8,-67.8,-66.9,-67.3,-68.4,-71.3,-70.7,-71.4,-73.1,-74.7,-75.4,-74.7,-73.0,488.0,487.0,485.3,484.0,483.7,485.0,486.4,487.8,492.8,489.3,485.7,483.3,482.9,483.9,485.5,484.8,484.4,485.1,487.2,490.1,487.5,486.9,486.2,485.7,485.8,486.4,487.1,487.5,489.9,488.9,488.8,489.5,490.7,491.7,491.8,491.4,493.3,490.6,488.4,487.4,488.8,491.7,495.1,493.5,491.8,491.0,491.2,492.4,491.4,491.7,491.7,491.3,490.7,490.4,490.5,490.9,6.5,-31.3,494.7,0.363,0.333,-0.056,0.0,0.0,0.0,0.0,0.0,0.52,0.64,0.14,0.0,0.26,0.07,0.51,0.0,0.64,0.58,0.07
-0.237525,0.358193,-0.902928,-0.263396,0.297194,-0.917768,-0.268,0.346,236.7,238.3,242.0,245.6,247.0,245.8,241.8,238.2,234.0,235.5,238.4,242.5,247.0,250.4,252.8,249.9,246.0,242.0,238.5,235.7,240.6,242.1,243.7,244.4,243.8,242.2,240.7,240.0,288.8,290.5,294.4,298.3,299.8,298.0,294.1,290.1,285.2,286.7,289.4,293.8,299.0,303.5,306.7,303.3,299.1,294.7,290.7,287.4,292.8,294.4,296.1,296.8,296.2,294.5,292.9,292.2,180.0,176.2,174.9,176.9,181.0,185.1,186.1,184.1,181.1,179.3,178.5,178.3,179.3,181.2,183.9,185.0,185.4,185.3,184.6,183.2,181.9,182.8,182.2,180.6,178.9,178.0,178.6,180.2,180.4,176.4,175.0,176.9,181.2,185.2,186.6,184.9,183.2,180.7,179.0,178.4,179.4,181.1,183.5,186.1,187.4,187.6,186.9,185.5,182.3,183.2,182.6,180.9,179.1,178.3,178.9,180.6,-29.1,-27.3,-23.3,-19.5,-18.0,-19.3,-23.7,-27.6,-32.4,-30.5,-27.2,-22.8,-17.9,-14.4,-11.9,-15.0,-19.1,-23.4,-27.2,-30.3,-25.0,-23.3,-21.6,-20.9,-21.5,-23.1,-24.8,-25.6,23.9,25.5,29.2,32.8,34.3,32.7,29.0,25.2,20.7,22.0,24.4,28.5,33.5,38.0,41.3,37.9,33.8,29.6,25.8,22.7,27.8,29.4,30.9,31.6,31.0,29.4,27.9,27.2,-74.7,-78.6,-79.6,-77.3,-73.0,-68.9,-68.1,-70.4,-74.3,-75.6,-75.9,-75.8,-74.7,-72.8,-70.2,-69.0,-68.5,-68.7,-69.8,-71.7,-72.6,-71.6,-72.1,-73.7,-75.6,-76.5,-76.1,-74.5,-67.2,-70.9,-72.1,-70.1,-66.0,-62.3,-61.1,-63.0,-65.1,-67.2,-68.4,-68.5,-67.5,-66.2,-64.2,-61.6,-60.3,-60.1,-61.0,-62.6,-65.3,-64.5,-65.0,-66.6,-68.3,-69.1,-68.6,-67.1,498.3,496.8,494.9,493.6,493.8,495.4,497.2,498.4,503.1,499.4,495.6,493.1,492.8,494.0,495.9,495.4,495.1,495.9,497.9,500.6,497.8,497.3,496.4,495.8,495.8,496.3,497.1,497.7,450.8,449.7,448.4,447.5,447.7,448.8,450.1,451.3,455.2,452.1,449.0,446.7,446.7,448.4,451.0,449.9,449.3,449.6,451.0,453.4,450.7,450.3,449.8,449.3,449.3,449.6,450.2,450.6,6.0,-31.0,494.4,0.37,0.341,-0.061,0.0,0.0,0.0,0.0,0.0,0.43,0.7,0.14,0.0,0.24,0.07,0.53,0.0,0.6,0.56,0.07
-0.206297,0.41749,-0.884954,-0.234861,0.384136,-0.892905,-0.243,0.424,236.4,238.0,241.7,245.4,247.0,245.8,241.8,238.0,233.4,235.0,237.9,242.0,246.5,250.1,252.6,249.7,245.7,241.7,238.1,235.3,240.4,242.0,243.7,244.3,243.6,242.0,240.4,239.7,288.0,289.5,293.2,296.9,298.4,296.9,293.2,289.2,284.3,286.2,289.1,293.2,297.5,301.0,303.3,300.9,297.6,293.9,290.1,286.7,291.7,293.2,294.7,295.4,294.7,293.2,291.6,291.0,180.8,176.9,175.6,177.6,181.7,185.8,186.9,184.9,181.3,179.7,179.1,178.9,179.8,181.6,184.1,185.2,185.6,185.5,184.8,183.3,182.7,183.6,183.0,181.3,179.5,178.6,179.2,180.9,181.3,177.6,176.1,177.6,181.3,185.0,186.5,185.2,182.9,180.9,179.6,179.0,179.5,180.3,181.8,183.9,185.1,185.7,185.4,184.5,182.7,183.3,182.7,181.1,179.6,179.0,179.6,181.1,-29.1,-27.4,-23.4,-19.4,-17.8,-19.1,-23.5,-27.5,-32.6,-30.7,-27.4,-23.0,-18.2,-14.6,-12.0,-15.0,-19.1,-23.5,-27.3,-30.5,-24.9,-23.2,-21.4,-20.7,-21.4,-23.1,-24.9,-25.6,27.0,28.6,32.8,36.9,38.7,37.1,33.0,28.5,23.0,25.0,28.2,32.8,37.6,41.7,44.6,41.8,37.9,33.7,29.4,25.6,31.2,33.0,34.7,35.4,34.6,32.9,31.2,30.5,-73.1,-76.9,-78.0,-75.7,-71.4,-67.4,-66.5,-68.8,-73.3,-74.4,-74.5,-74.3,-73.3,-71.6,-69.2,-68.0,-67.5,-67.7,-68.8,-70.8,-71.0,-70.0,-70.5,-72.2,-74.0,-75.0,-74.6,-72.9,-77.4,-81.4,-83.0,-81.3,-77.4,-73.4,-71.7,-73.3,-76.0,-77.9,-79.1,-79.5,-79.2,-78.7,-77.4,-74.8,-73.2,-72.4,-72.9,-74.1,-76.0,-75.3,-76.0,-77.7,-79.3,-80.0,-79.4,-77.7,492.7,491.1,489.1,487.9,488.3,490.2,492.0,493.1,497.7,493.9,490.1,487.6,487.3,488.4,490.3,489.9,489.5,490.4,492.4,495.2,492.4,491.9,491.1,490.3,490.2,490.7,491.5,492.2,525.8,524.7,524.1,524.5,525.6,526.7,527.2,527.2,528.8,526.2,523.9,522.8,523.9,526.5,529.7,528.0,526.4,525.6,526.1,527.6,527.0,527.1,526.9,526.4,526.0,525.8,526.0,526.5,5.6,-31.1,494.8,0.372,0.334,-0.068,0.0,0.0,0.0,0.0,0.0,0.39,0.82,0.07,0.0,0.25,0.06,0.57,0.0,0.52,0.65,0.07
-0.19324,0.417698,-0.887799,-0.253998,0.381152,-0.888936,-0.247,0.423,235.9,237.4,241.1,244.8,246.3,245.1,241.0,237.4,232.7,234.4,237.3,241.3,245.7,249.1,251.5,248.7,244.9,240.9,237.4,234.5,239.8,241.3,242.9,243.6,242.9,241.4,239.8,239.1,287.1,288.5,292.1,295.8,297.4,296.0,292.4,288.4,283.8,285.5,288.2,292.2,296.5,300.3,303.1,300.4,296.8,293.0,289.2,286.1,290.8,292.4,293.9,294.6,293.9,292.3,290.8,290.2,181.2,177.4,176.2,178.1,182.1,186.1,187.1,185.2,181.6,180.2,179.7,179.6,180.5,182.1,184.4,185.6,186.0,186.0,185.2,183.7,183.0,183.8,183.3,181.7,180.0,179.2,179.7,181.3,181.5,177.8,176.3,177.9,181.7,185.4,186.9,185.4,183.2,181.3,180.0,179.5,180.0,180.8,182.2,184.3,185.5,186.0,185.7,184.8,183.0,183.7,183.1,181.5,179.9,179.2,179.8,181.4,-30.7,-28.9,-24.8,-20.8,-19.2,-20.6,-25.0,-29.1,-34.5,-32.4,-29.0,-24.5,-19.8,-16.1,-13.6,-16.6,-20.7,-25.1,-29.0,-32.3,-26.4,-24.7,-23.0,-22.2,-22.9,-24.6,-26.4,-27.1,25.8,27.4,31.4,35.5,37.3,35.8,31.8,27.4,22.4,24.1,27.0,31.3,36.2,40.6,43.9,40.7,36.7,32.4,28.3,24.8,30.1,31.8,33.5,34.2,33.4,31.7,30.0,29.3,-75.1,-78.9,-80.0,-77.8,-73.5,-69.4,-68.5,-70.8,-75.3,-76.3,-76.3,-76.1,-75.1,-73.6,-71.3,-70.0,-69.4,-69.6,-70.7,-72.7,-73.1,-72.1,-72.6,-74.2,-76.0,-77.0,-76.5,-74.9,-76.8,-80.7,-82.2,-80.4,-76.3,-72.3,-70.8,-72.5,-75.3,-77.1,-78.1,-78.4,-77.9,-77.4,-76.1,-73.6,-72.1,-71.5,-72.0,-73.3,-75.1,-74.3,-75.0,-76.7,-78.4,-79.2,-78.6,-76.9,509.2,507.6,505.8,504.9,505.4,507.2,508.8,509.7,514.0,510.3,506.7,504.4,504.3,505.5,507.5,507.0,506.5,507.1,509.0,511.6,509.1,508.7,507.9,507.3,507.0,507.4,508.2,508.9,522.8,521.6,520.5,520.2,520.8,522.1,523.1,523.8,526.2,523.4,520.8,519.1,519.6,521.6,524.3,522.8,521.6,521.5,522.5,524.6,523.3,523.2,522.7,522.2,521.9,522.1,522.5,523.0,5.0,-31.1,495.2,0.373,0.338,-0.071,0.0,0.0,0.01,0.0,0.0,0.3,0.94,0.07,0.02,0.39,0.04,0.62,0.0,0.46,0.66,0.05
-0.188542,0.418259,-0.888545,-0.278459,0.383027,-0.880767,-0.258,0.425,235.4,237.0,240.7,244.3,245.9,244.6,240.6,236.9,232.0,233.9,237.0,241.0,245.3,248.5,250.8,248.1,244.5,240.6,237.0,234.0,239.2,240.8,242.4,243.1,242.4,240.8,239.3,238.6,286.5,288.0,291.7,295.3,296.7,295.2,291.5,287.8,283.5,285.1,287.7,291.6,296.2,300.3,303.6,300.3,296.3,292.2,288.5,285.5,290.3,291.8,293.4,294.0,293.4,291.9,290.4,289.7,181.6,177.9,176.6,178.4,182.3,186.2,187.3,185.5,182.1,180.8,180.2,180.0,180.7,182.1,184.1,185.5,186.1,186.2,185.5,184.1,183.3,184.1,183.5,181.9,180.3,179.5,180.1,181.7,181.7,177.8,176.4,178.2,182.2,186.1,187.5,186.0,183.5,181.7,180.4,180.0,180.7,181.8,183.5,185.2,186.0,186.2,185.7,185.0,183.5,184.3,183.6,182.0,180.3,179.6,180.2,181.8,-32.0,-30.2,-26.0,-21.9,-20.2,-21.6,-26.2,-30.3,-36.2,-33.8,-30.1,-25.6,-20.8,-17.3,-14.8,-17.7,-21.8,-26.2,-30.2,-33.7,-27.7,-26.0,-24.2,-23.4,-24.1,-25.9,-27.7,-28.4,24.2,25.8,29.7,33.4,35.0,33.4,29.6,25.6,21.2,22.8,25.4,29.5,34.3,38.9,42.5,38.9,34.5,30.2,26.3,23.2,28.3,29.9,31.5,32.2,31.5,29.9,28.3,27.7,-76.6,-80.5,-81.8,-79.7,-75.4,-71.3,-70.2,-72.3,-76.7,-77.7,-77.8,-77.8,-77.0,-75.7,-73.7,-72.1,-71.3,-71.2,-72.2,-74.1,-74.7,-73.8,-74.3,-76.0,-77.8,-78.7,-78.2,-76.5,-73.6,-77.6,-78.9,-76.7,-72.4,-68.4,-67.1,-69.0,-72.2,-73.7,-74.6,-74.7,-73.9,-72.9,-71.4,-69.4,-68.4,-68.3,-69.0,-70.2,-71.6,-70.7,-71.2,-72.9,-74.7,-75.6,-75.1,-73.4,522.6,521.2,519.8,519.2,519.7,521.4,522.6,523.2,527.1,523.6,520.3,518.3,518.6,520.1,522.2,521.4,520.6,521.0,522.5,524.9,522.8,522.6,522.0,521.4,521.1,521.4,522.0,522.6,502.4,501.4,499.9,498.8,498.6,499.6,501.2,502.7,506.1,503.2,500.2,498.0,497.8,499.1,501.4,499.8,499.0,499.4,501.0,503.8,502.1,501.6,500.9,500.5,500.6,501.1,501.7,502.1,4.6,-31.1,495.8,0.373,0.34,-0.073,0.0,0.0,0.02,0.0,0.0,0.38,1.0,0.09,0.02,0.41,0.11,0.61,0.0,0.41,0.83,0.23
-0.186137,0.420137,-0.888165,-0.281244,0.363731,-0.888032,-0.257,0.416,235.0,236.6,240.3,244.0,245.5,244.3,240.2,236.5,231.5,233.5,236.5,240.5,244.8,248.1,250.4,247.7,244.0,240.1,236.5,233.5,238.8,240.4,242.0,242.7,242.0,240.5,238.9,238.2,286.0,287.6,291.4,295.0,296.5,294.8,291.1,287.3,283.0,284.6,287.2,291.2,295.9,300.2,303.4,300.1,296.0,291.8,288.0,284.9,289.9,291.4,293.0,293.7,293.1,291.5,290.0,289.3,181.6,177.9,176.6,178.4,182.3,186.2,187.3,185.5,182.0,180.7,180.2,180.0,180.7,182.0,184.0,185.4,186.0,186.1,185.4,184.1,183.4,184.1,183.5,181.9,180.3,179.5,180.1,181.7,181.1,177.2,175.8,177.7,181.8,185.7,187.1,185.5,183.0,181.1,179.9,179.5,180.3,181.6,183.5,185.3,186.1,186.2,185.7,184.8,183.0,183.8,183.2,181.6,179.8,179.0,179.6,181.3,-32.4,-30.6,-26.4,-22.2,-20.6,-22.0,-26.6,-30.7,-36.7,-34.2,-30.6,-26.0,-21.3,-17.7,-15.2,-18.2,-22.2,-26.6,-30.7,-34.2,-28.1,-26.3,-24.5,-23.8,-24.5,-26.3,-28.1,-28.8,23.0,24.6,28.4,32.1,33.6,32.0,28.2,24.3,20.0,21.5,24.1,28.1,33.0,37.6,41.1,37.5,33.2,28.9,25.0,21.9,27.0,28.6,30.2,30.9,30.2,28.7,27.1,26.4,-76.4,-80.4,-81.7,-79.6,-75.3,-71.2,-70.0,-72.1,-76.7,-77.6,-77.7,-77.7,-76.9,-75.6,-73.7,-72.1,-71.3,-71.2,-72.2,-74.0,-74.5,-73.7,-74.2,-75.9,-77.7,-78.6,-78.1,-76.4,-71.9,-75.8,-77.0,-74.9,-70.6,-66.7,-65.5,-67.4,-70.4,-72.0,-72.9,-72.9,-72.1,-70.9,-69.3,-67.2,-66.2,-66.2,-67.0,-68.3,-69.9,-69.0,-69.5,-71.2,-72.9,-73.8,-73.3,-71.7,521.8,520.4,519.0,518.4,518.9,520.6,521.7,522.3,526.3,522.8,519.5,517.6,517.8,519.2,521.3,520.5,519.7,520.0,521.6,524.0,522.0,521.7,521.1,520.5,520.3,520.6,521.2,521.8,487.0,486.0,484.4,483.3,483.3,484.3,485.9,487.4,491.0,488.0,484.9,482.7,482.5,483.9,486.2,484.8,484.1,484.5,486.1,488.8,486.7,486.2,485.6,485.1,485.1,485.6,486.3,486.7,4.2,-31.4,496.0,0.368,0.342,-0.074,0.0,0.0,0.02,0.0,0.0,0.59,1.06,0.12,0.02,0.41,0.1,0.57,0.0,0.38,0.94,0.42
-0.201922,0.40955,-0.889661,-0.263253,0.395662,-0.879858,-0.257,0.427,234.8,236.4,240.1,243.8,245.3,244.0,239.9,236.3,231.6,233.5,236.5,240.5,244.7,248.1,250.5,247.7,243.9,240.0,236.4,233.5,238.6,240.2,241.8,242.5,241.9,240.3,238.7,238.0,285.8,287.2,290.8,294.4,296.0,294.6,291.0,287.2,282.7,284.4,287.1,291.1,295.3,298.8,301.4,298.9,295.5,291.8,288.1,285.0,289.5,291.0,292.5,293.1,292.5,290.9,289.4,288.8,181.3,177.5,176.1,177.9,181.9,186.0,187.2,185.3,182.1,180.6,179.9,179.6,180.4,182.0,184.2,185.4,185.8,185.9,185.2,184.0,183.2,184.0,183.3,181.7,180.0,179.2,179.8,181.4,181.3,177.7,176.4,177.9,181.5,185.1,186.5,185.1,182.7,181.1,180.0,179.7,180.0,180.6,181.8,183.7,185.0,185.5,185.1,184.2,182.7,183.4,182.8,181.3,179.8,179.1,179.7,181.2,-32.3,-30.5,-26.3,-22.2,-20.6,-22.1,-26.6,-30.7,-36.2,-33.9,-30.4,-25.9,-21.2,-17.5,-15.0,-18.0,-22.1,-26.5,-30.5,-33.9,-28.1,-26.3,-24.5,-23.7,-24.4,-26.2,-28.0,-28.8,25.2,26.8,30.9,35.0,36.9,35.3,31.3,26.9,21.8,23.7,26.7,31.1,36.0,40.2,43.5,40.4,36.4,32.1,27.9,24.3,29.5,31.3,33.0,33.7,32.9,31.1,29.4,28.8,-76.1,-80.1,-81.5,-79.3,-74.9,-70.6,-69.5,-71.6,-75.9,-77.1,-77.4,-77.3,-76.4,-74.9,-72.7,-71.3,-70.7,-70.7,-71.7,-73.4,-74.0,-73.1,-73.7,-75.4,-77.3,-78.3,-77.7,-75.9,-79.5,-83.4,-84.8,-83.0,-79.0,-75.1,-73.6,-75.3,-78.3,-79.8,-80.6,-80.8,-80.5,-80.1,-79.2,-76.7,-75.1,-74.5,-75.0,-76.3,-78.0,-77.2,-77.8,-79.4,-81.1,-81.9,-81.3,-79.7,517.1,516.0,514.5,513.4,513.5,514.8,516.1,517.1,521.6,518.1,514.8,512.7,512.6,513.8,515.6,514.8,514.0,514.5,516.3,519.0,516.9,516.4,515.8,515.3,515.3,515.7,516.4,516.9,539.8,538.4,537.3,537.3,538.3,539.7,540.8,541.2,543.0,540.2,537.6,536.1,536.8,539.0,542.0,540.5,539.2,538.8,539.7,541.5,540.6,540.6,540.1,539.5,539.1,539.1,539.6,540.2,3.8,-31.6,496.8,0.36,0.351,-0.075,0.0,0.0,0.01,0.0,0.0,0.68,1.0,0.17,0.02,0.39,0.07,0.52,0.0,0.35,1.13,0.58
-0.202628,0.404334,-0.891883,-0.264374,0.399931,-0.877589,-0.258,0.427,234.3,235.8,239.5,243.2,244.7,243.5,239.5,235.8,231.0,232.9,235.9,239.9,244.2,247.5,249.8,247.1,243.5,239.5,236.0,233.0,238.1,239.7,241.3,242.0,241.3,239.7,238.1,237.5,285.5,286.8,290.3,293.9,295.6,294.3,290.8,287.0,282.6,284.2,286.7,290.5,294.7,298.5,301.3,298.6,295.1,291.4,287.8,284.7,289.3,290.8,292.3,292.8,292.1,290.6,289.2,288.6,181.0,177.2,175.8,177.6,181.6,185.6,186.7,184.9,181.7,180.3,179.6,179.3,180.0,181.4,183.5,184.8,185.4,185.5,184.9,183.6,182.8,183.5,182.9,181.3,179.6,178.8,179.4,181.1,180.8,177.2,175.8,177.4,181.1,184.6,186.0,184.6,181.9,180.3,179.4,179.1,179.5,180.1,181.3,183.3,184.6,185.0,184.6,183.6,182.2,182.9,182.3,180.8,179.3,178.6,179.2,180.7,-33.3,-31.5,-27.3,-23.1,-21.5,-22.9,-27.4,-31.6,-37.3,-34.9,-31.3,-26.8,-22.0,-18.4,-15.9,-18.9,-22.9,-27.3,-31.3,-34.8,-29.0,-27.2,-25.4,-24.6,-25.3,-27.1,-29.0,-29.7,24.8,26.2,30.1,34.3,36.2,34.8,30.9,26.5,21.6,23.3,26.1,30.3,35.1,39.5,43.0,39.8,35.7,31.4,27.3,24.0,29.1,30.9,32.5,33.1,32.3,30.6,28.9,28.3,-77.3,-81.3,-82.7,-80.6,-76.2,-72.0,-70.8,-72.9,-77.2,-78.2,-78.5,-78.6,-77.8,-76.4,-74.4,-72.8,-72.0,-71.9,-72.9,-74.6,-75.3,-74.4,-75.0,-76.8,-78.6,-79.6,-79.0,-77.2,-79.8,-83.6,-84.9,-83.0,-79.0,-75.2,-73.8,-75.6,-79.0,-80.3,-80.9,-81.0,-80.5,-80.1,-79.2,-76.7,-75.1,-74.6,-75.2,-76.7,-78.2,-77.4,-77.9,-79.6,-81.3,-82.1,-81.5,-79.9,522.9,521.7,520.2,519.4,519.7,521.2,522.4,523.2,527.2,523.8,520.6,518.6,518.7,520.1,522.0,521.2,520.4,520.7,522.4,524.9,522.9,522.6,522.0,521.4,521.3,521.7,522.3,522.8,537.6,535.9,534.4,534.0,534.9,536.5,538.0,538.9,541.0,538.0,535.1,533.2,533.5,535.2,537.9,536.7,535.9,535.9,537.2,539.4,537.9,537.8,537.1,536.4,536.0,536.2,536.9,537.6,3.5,-31.8,497.4,0.356,0.349,-0.076,0.0,0.0,0.01,0.0,0.0,0.77,0.99,0.16,0.03,0.52,0.0,0.54,0.0,0.33,1.2,0.59
-0.223002,0.398737,-0.889539,-0.280829,0.365388,-0.887483,-0.276,0.406,234.1,235.6,239.2,242.9,244.4,243.2,239.2,235.6,231.1,232.9,235.9,239.8,244.1,247.4,249.7,247.0,243.3,239.4,235.9,233.0,237.9,239.4,241.0,241.6,241.0,239.5,237.9,237.3,285.2,286.7,290.3,293.9,295.3,293.8,290.2,286.4,282.3,283.8,286.3,290.2,294.8,298.9,302.0,298.9,294.9,290.9,287.2,284.2,289.0,290.5,292.0,292.6,292.0,290.5,289.0,288.4,181.0,177.3,175.8,177.6,181.5,185.6,186.7,185.0,181.8,180.3,179.5,179.2,179.9,181.4,183.5,184.8,185.4,185.5,184.9,183.7,182.8,183.5,182.9,181.3,179.6,178.9,179.5,181.1,180.1,176.4,175.1,177.1,181.0,184.7,186.0,184.3,181.5,179.8,178.8,178.6,179.5,180.7,182.5,184.3,185.1,185.1,184.5,183.3,181.9,182.7,182.2,180.6,179.0,178.2,178.7,180.3,-33.7,-31.9,-27.7,-23.6,-22.0,-23.4,-27.9,-32.0,-37.4,-35.0,-31.5,-27.0,-22.3,-18.6,-16.0,-19.0,-23.1,-27.5,-31.6,-35.0,-29.4,-27.6,-25.8,-25.1,-25.8,-27.5,-29.3,-30.1,22.8,24.4,28.2,32.0,33.5,31.9,28.2,24.2,19.9,21.4,23.9,28.0,32.9,37.4,40.9,37.4,33.1,28.9,24.9,21.9,26.9,28.5,30.1,30.7,30.1,28.5,26.9,26.3,-77.6,-81.7,-83.1,-80.9,-76.6,-72.2,-71.1,-73.2,-77.4,-78.6,-79.0,-79.0,-78.2,-76.7,-74.6,-73.1,-72.3,-72.3,-73.2,-74.9,-75.7,-74.7,-75.3,-77.1,-78.9,-79.9,-79.3,-77.5,-75.4,-79.1,-80.2,-78.0,-73.8,-70.0,-68.9,-71.0,-74.4,-75.8,-76.4,-76.2,-75.3,-74.2,-72.7,-70.6,-69.6,-69.6,-70.5,-72.1,-73.4,-72.5,-72.9,-74.5,-76.2,-77.1,-76.7,-75.1,525.4,524.2,522.7,521.6,521.7,523.1,524.4,525.4,529.7,526.2,522.9,520.8,520.8,522.0,523.9,523.0,522.3,522.7,524.5,527.1,525.1,524.7,524.0,523.5,523.5,524.0,524.6,525.1,503.1,501.6,499.9,498.9,499.2,500.7,502.4,503.8,507.0,503.9,500.8,498.4,498.3,499.7,502.2,501.0,500.4,500.7,502.3,505.0,502.8,502.4,501.7,501.1,501.0,501.4,502.1,502.7,3.2,-32.1,498.0,0.346,0.35,-0.073,0.0,0.0,0.03,0.0,0.0,0.76,0.93,0.13,0.03,0.61,0.01,0.53,0.0,0.31,1.27,0.65
-0.234585,0.397962,-0.886902,-0.297384,0.373944,-0.878481,-0.293,0.412,233.6,235.1,238.8,242.6,244.2,243.1,239.0,235.2,230.4,232.4,235.5,239.6,243.9,247.2,249.7,247.0,243.3,239.3,235.7,232.6,237.5,239.2,240.7,241.4,240.7,239.1,237.5,236.9,285.1,286.5,290.1,293.6,295.1,293.7,290.2,286.4,282.4,283.8,286.2,290.1,294.7,298.9,302.1,298.9,295.0,291.0,287.2,284.3,288.9,290.4,291.9,292.5,291.8,290.3,288.9,288.3,180.3,176.5,175.0,176.8,180.7,184.8,186.0,184.3,180.9,179.6,178.9,178.6,179.1,180.3,182.1,183.6,184.4,184.7,184.2,182.9,182.0,182.7,182.1,180.5,178.8,178.1,178.7,180.3,179.7,176.0,174.7,176.6,180.5,184.2,185.5,183.9,181.2,179.6,178.6,178.4,179.0,180.0,181.5,183.5,184.5,184.7,184.1,183.0,181.5,182.2,181.7,180.1,178.5,177.7,178.3,179.8,-33.8,-32.1,-27.9,-23.7,-21.9,-23.3,-27.8,-32.1,-37.7,-35.2,-31.6,-27.0,-22.2,-18.6,-16.0,-18.9,-23.0,-27.4,-31.5,-35.1,-29.5,-27.7,-25.9,-25.1,-25.9,-27.7,-29.5,-30.2,22.7,24.2,27.9,31.7,33.3,31.9,28.2,24.2,20.0,21.4,23.9,27.9,32.8,37.3,41.0,37.5,33.2,28.9,25.0,21.9,26.8,28.4,30.0,30.6,29.9,28.3,26.8,26.2,-77.6,-81.7,-83.1,-81.1,-76.8,-72.5,-71.3,-73.3,-77.6,-78.5,-78.8,-78.9,-78.4,-77.3,-75.6,-73.8,-72.7,-72.5,-73.3,-75.0,-75.8,-74.9,-75.5,-77.3,-79.1,-80.0,-79.4,-77.6,-75.8,-79.5,-80.6,-78.5,-74.3,-70.6,-69.4,-71.4,-74.8,-76.1,-76.6,-76.5,-75.7,-74.9,-73.6,-71.4,-70.2,-70.1,-70.9,-72.5,-73.9,-73.0,-73.4,-75.0,-76.7,-77.6,-77.2,-75.6,520.1,518.8,517.3,516.6,517.0,518.5,519.7,520.4,524.1,520.7,517.6,515.7,515.9,517.4,519.4,518.5,517.6,517.9,519.4,521.8,520.1,519.8,519.2,518.6,518.5,518.8,519.4,520.0,503.1,501.6,499.8,498.8,499.1,500.7,502.5,503.9,507.0,503.9,500.7,498.3,498.2,499.6,502.0,500.9,500.3,500.7,502.4,505.0,502.9,502.4,501.7,501.0,500.9,501.3,502.1,502.7,3.0,-32.7,498.0,0.341,0.355,-0.07,0.0,0.0,0.12,0.0,0.0,0.76,0.98,0.04,0.02,0.58,0.05,0.57,0.0,0.21,1.2,0.7
-0.200162,0.398326,-0.895138,-0.289258,0.372667,-0.881731,-0.269,0.409,234.0,235.5,239.1,242.8,244.3,243.1,239.2,235.6,230.5,232.5,235.6,239.5,243.6,246.7,249.0,246.4,242.9,239.1,235.6,232.7,237.7,239.3,240.9,241.6,240.9,239.3,237.7,237.0,284.8,286.4,289.9,293.3,294.6,293.0,289.5,285.9,281.8,283.5,286.1,290.0,294.3,297.8,300.4,297.7,294.3,290.6,286.9,283.9,288.3,289.7,291.2,291.9,291.3,289.9,288.4,287.8,179.9,176.2,174.8,176.4,180.2,184.1,185.3,183.6,180.4,179.2,178.6,178.3,178.8,179.9,181.7,183.2,183.9,184.2,183.6,182.4,181.5,182.2,181.6,180.0,178.3,177.6,178.2,179.8,179.4,175.9,174.7,176.4,180.1,183.6,184.8,183.3,181.2,179.5,178.4,178.0,178.7,179.7,181.3,183.0,183.9,184.2,183.7,182.8,181.1,181.8,181.3,179.8,178.3,177.6,178.1,179.5,-34.7,-32.9,-28.6,-24.4,-22.7,-24.1,-28.7,-32.9,-39.0,-36.4,-32.7,-28.2,-23.5,-19.9,-17.4,-20.3,-24.3,-28.7,-32.8,-36.4,-30.4,-28.5,-26.7,-25.9,-26.7,-28.5,-30.4,-31.2,24.1,25.9,29.9,33.9,35.4,33.7,29.6,25.4,20.8,22.6,25.6,30.0,34.9,39.2,42.4,39.1,35.0,30.8,26.6,23.1,28.2,29.9,31.6,32.3,31.7,30.0,28.3,27.6,-81.1,-85.2,-86.6,-84.6,-80.4,-76.1,-74.8,-76.8,-81.1,-82.0,-82.3,-82.4,-81.8,-80.7,-79.0,-77.2,-76.2,-75.9,-76.8,-78.5,-79.3,-78.4,-79.1,-80.8,-82.7,-83.6,-83.0,-81.2,-81.9,-85.8,-87.1,-85.0,-80.8,-76.9,-75.6,-77.5,-80.3,-82.0,-82.9,-83.0,-82.3,-81.5,-80.0,-77.8,-76.5,-76.2,-76.9,-78.2,-80.1,-79.2,-79.7,-81.4,-83.1,-84.0,-83.5,-81.8,539.8,538.6,537.4,536.9,537.4,538.9,539.8,540.3,544.0,540.6,537.6,535.9,536.2,537.8,539.8,538.9,537.9,538.1,539.5,541.8,540.1,539.9,539.4,538.9,538.6,538.9,539.4,539.9,541.7,540.7,539.7,539.3,539.7,540.7,541.8,542.6,545.0,542.3,539.7,538.1,538.6,540.7,543.6,541.9,540.6,540.3,541.3,543.3,542.1,541.9,541.5,541.1,540.9,541.1,541.5,541.9,2.7,-33.4,499.4,0.342,0.364,-0.069,0.0,0.0,0.21,0.0,0.0,0.79,1.0,0.0,0.02,0.55,0.1,0.58,0.0,0.15,1.16,0.76
-0.205342,0.404737,-0.891079,-0.29369,0.375771,-0.878944,-0.275,0.415,234.0,235.5,239.1,242.7,244.2,243.0,239.1,235.5,230.6,232.6,235.6,239.5,243.5,246.7,248.9,246.4,242.8,239.0,235.6,232.7,237.7,239.2,240.8,241.5,240.8,239.3,237.7,237.0,284.6,286.3,289.9,293.3,294.5,292.8,289.2,285.6,281.6,283.4,286.1,290.0,294.2,297.8,300.3,297.6,294.1,290.3,286.7,283.6,288.1,289.6,291.1,291.8,291.3,289.8,288.3,287.6,179.3,175.7,174.3,176.0,179.8,183.6,184.8,183.1,179.8,178.6,178.1,177.8,178.4,179.6,181.3,182.6,183.2,183.4,182.8,181.6,181.0,181.8,181.1,179.5,177.9,177.1,177.7,179.4,178.8,175.3,174.2,176.0,179.8,183.3,184.4,182.8,180.3,178.7,177.7,177.6,178.4,179.5,181.2,182.9,183.7,183.8,183.1,182.1,180.6,181.4,180.9,179.4,177.8,177.1,177.5,179.0,-35.0,-33.2,-28.9,-24.7,-23.0,-24.5,-29.1,-33.3,-39.3,-36.7,-33.0,-28.4,-23.7,-20.1,-17.6,-20.6,-24.6,-29.0,-33.2,-36.7,-30.8,-28.9,-27.0,-26.2,-27.0,-28.8,-30.7,-31.5,23.7,25.6,29.7,33.6,35.0,33.1,29.0,24.9,20.4,22.3,25.3,29.7,34.6,38.8,41.9,38.6,34.5,30.2,26.1,22.7,27.8,29.4,31.1,31.9,31.3,29.7,28.0,27.2,-82.5,-86.6,-88.0,-86.0,-81.6,-77.3,-76.1,-78.2,-82.6,-83.5,-83.7,-83.7,-83.1,-81.9,-80.2,-78.5,-77.6,-77.5,-78.4,-80.1,-80.6,-79.7,-80.3,-82.1,-84.0,-84.9,-84.3,-82.5,-82.0,-85.8,-86.9,-84.7,-80.5,-76.6,-75.5,-77.5,-80.7,-82.2,-82.9,-82.8,-81.9,-80.9,-79.4,-77.2,-76.2,-76.0,-76.9,-78.4,-79.9,-79.0,-79.5,-81.1,-82.9,-83.9,-83.4,-81.8,545.0,543.8,542.6,542.0,542.3,543.7,544.7,545.4,549.2,545.8,542.8,541.0,541.2,542.7,544.7,543.7,542.7,542.9,544.4,546.8,545.2,545.0,544.4,543.9,543.7,544.0,544.6,545.1,537.2,536.2,535.1,534.6,535.0,536.0,537.1,537.9,540.4,537.7,535.1,533.4,534.0,536.0,538.8,537.1,535.9,535.6,536.6,538.7,537.5,537.3,536.8,536.4,536.2,536.5,536.9,537.4,2.6,-33.9,498.8,0.342,0.366,-0.068,0.0,0.0,0.24,0.0,0.0,0.78,1.04,0.0,0.05,0.51,0.09,0.62,0.0,0.1,1.09,0.73
-0.219093,0.390387,-0.894202,-0.307962,0.352717,-0.883601,-0.288,0.396,233.5,235.2,238.9,242.5,243.9,242.6,238.6,234.9,230.2,232.3,235.3,239.3,243.4,246.6,248.8,246.2,242.6,238.7,235.2,232.2,237.2,238.8,240.5,241.2,240.6,239.0,237.3,236.6,284.4,286.0,289.6,292.9,294.1,292.5,288.9,285.3,281.5,283.3,286.1,290.0,294.1,297.5,299.9,297.3,293.8,290.2,286.6,283.6,287.8,289.2,290.7,291.4,290.9,289.5,288.0,287.3,178.6,174.9,173.5,175.3,179.2,183.2,184.4,182.6,179.4,178.0,177.4,177.1,177.8,179.2,181.2,182.4,182.9,183.0,182.4,181.2,180.5,181.3,180.7,179.0,177.2,176.5,177.1,178.8,177.9,174.5,173.3,175.1,178.9,182.3,183.4,181.8,179.7,177.9,176.9,176.7,177.5,178.7,180.4,182.1,183.0,183.2,182.5,181.5,179.7,180.4,180.0,178.5,176.9,176.2,176.7,178.1,-34.8,-32.8,-28.5,-24.4,-22.8,-24.3,-29.0,-33.2,-38.9,-36.3,-32.6,-28.0,-23.3,-19.8,-17.3,-20.3,-24.3,-28.7,-32.8,-36.4,-30.6,-28.7,-26.8,-25.9,-26.6,-28.5,-30.4,-31.3,23.7,25.6,29.7,33.5,34.9,33.1,29.0,24.9,20.5,22.5,25.6,30.0,34.8,39.0,41.9,38.7,34.7,30.4,26.3,22.8,27.7,29.4,31.1,31.9,31.3,29.7,28.0,27.1,-81.4,-85.6,-87.0,-84.8,-80.4,-76.0,-74.8,-76.9,-81.2,-82.2,-82.6,-82.6,-81.8,-80.4,-78.4,-76.9,-76.2,-76.1,-77.0,-78.7,-79.3,-78.4,-79.0,-80.8,-82.8,-83.8,-83.2,-81.3,-83.9,-87.7,-88.9,-86.7,-82.5,-78.7,-77.5,-79.5,-82.3,-83.9,-84.8,-84.8,-83.9,-82.9,-81.3,-79.0,-77.8,-77.6,-78.4,-80.0,-81.9,-81.0,-81.5,-83.1,-84.9,-85.8,-85.3,-83.7,532.5,531.7,530.6,529.7,529.7,530.7,531.7,532.5,536.5,533.3,530.4,528.6,528.8,530.2,532.0,530.9,529.9,530.1,531.6,534.1,532.5,532.2,531.7,531.3,531.3,531.7,532.2,532.6,543.1,542.2,541.2,540.7,541.1,542.0,543.0,543.8,546.1,543.4,541.0,539.5,540.2,542.3,545.1,543.5,542.2,541.8,542.6,544.5,543.5,543.3,542.9,542.5,542.3,542.5,542.9,543.3,2.5,-34.6,499.1,0.339,0.366,-0.068,0.0,0.0,0.15,0.0,0.0,0.88,1.03,0.0,0.1,0.51,0.05,0.6,0.0,0.15,1.11,0.68
-0.227055,0.378831,-0.89718,-0.319236,0.342561,-0.883595,-0.298,0.385,233.6,235.2,238.9,242.5,243.9,242.5,238.5,234.9,230.3,232.4,235.4,239.3,243.4,246.6,248.8,246.1,242.5,238.7,235.2,232.3,237.2,238.8,240.5,241.2,240.6,239.0,237.3,236.6,284.3,286.0,289.6,293.0,294.2,292.5,288.9,285.3,281.6,283.3,286.0,289.9,294.2,297.8,300.4,297.5,293.9,290.2,286.6,283.5,287.8,289.2,290.8,291.5,291.0,289.5,288.0,287.3,178.6,174.8,173.4,175.2,179.1,183.1,184.2,182.5,179.5,178.0,177.3,177.0,177.7,179.2,181.3,182.5,182.9,182.9,182.3,181.2,180.4,181.2,180.6,178.9,177.2,176.4,177.0,178.7,177.5,174.0,172.9,174.8,178.6,182.1,183.2,181.5,179.3,177.5,176.4,176.3,177.2,178.5,180.3,182.0,182.9,183.0,182.3,181.1,179.3,180.2,179.7,178.2,176.6,175.8,176.2,177.7,-34.9,-33.0,-28.7,-24.6,-23.0,-24.6,-29.2,-33.3,-39.0,-36.4,-32.7,-28.1,-23.5,-19.9,-17.5,-20.5,-24.5,-28.9,-33.0,-36.5,-30.7,-28.9,-27.0,-26.1,-26.8,-28.7,-30.6,-31.4,22.9,24.8,28.8,32.5,33.9,32.1,28.1,24.1,20.0,21.8,24.7,29.0,33.9,38.1,41.2,37.9,33.7,29.5,25.5,22.2,26.9,28.5,30.2,31.0,30.4,28.8,27.1,26.3,-82.0,-86.2,-87.6,-85.4,-81.0,-76.5,-75.3,-77.5,-81.6,-82.8,-83.1,-83.2,-82.4,-80.8,-78.7,-77.2,-76.6,-76.6,-77.5,-79.2,-79.8,-78.9,-79.5,-81.4,-83.4,-84.4,-83.7,-81.8,-82.0,-85.7,-86.8,-84.5,-80.3,-76.5,-75.4,-77.5,-80.4,-82.0,-82.8,-82.7,-81.7,-80.6,-79.0,-76.7,-75.6,-75.5,-76.4,-78.1,-79.9,-78.9,-79.4,-81.0,-82.8,-83.8,-83.3,-81.7,535.7,535.0,533.8,532.8,532.6,533.5,534.5,535.5,539.7,536.5,533.5,531.7,531.8,533.1,534.8,533.7,532.7,533.0,534.6,537.1,535.6,535.1,534.6,534.3,534.4,534.8,535.3,535.6,527.5,526.4,525.1,524.5,524.8,525.9,527.1,528.2,530.6,527.8,525.2,523.4,523.8,525.8,528.5,527.0,526.0,525.8,526.8,528.9,527.6,527.3,526.8,526.3,526.2,526.5,527.0,527.5,2.6,-35.0,500.6,0.333,0.368,-0.07,0.0,0.0,0.09,0.0,0.0,0.74,0.98,0.01,0.13,0.49,0.0,0.69,0.0,0.22,1.04,0.51
-0.231912,0.390693,-0.890829,-0.344037,0.343854,-0.873729,-0.315,0.394,233.6,235.2,238.9,242.6,244.0,242.7,238.7,235.1,230.2,232.3,235.5,239.5,243.7,246.8,249.0,246.4,242.8,239.0,235.4,232.3,237.3,238.9,240.5,241.2,240.6,239.0,237.4,236.7,284.4,286.0,289.6,293.1,294.5,292.8,289.2,285.5,281.9,283.4,286.0,290.0,294.6,298.7,301.8,298.6,294.7,290.6,286.9,283.8,288.1,289.6,291.1,291.8,291.3,289.8,288.2,287.6,178.7,175.0,173.6,175.3,179.2,183.2,184.3,182.6,179.4,178.1,177.4,177.1,177.7,179.1,181.0,182.3,182.9,183.0,182.4,181.2,180.4,181.2,180.6,179.0,177.3,176.5,177.1,178.8,177.6,173.9,172.8,174.8,178.9,182.5,183.7,181.8,179.3,177.6,176.6,176.5,177.4,178.6,180.4,182.4,183.3,183.4,182.6,181.4,179.5,180.4,179.9,178.4,176.7,175.8,176.3,177.8,-34.8,-32.9,-28.6,-24.4,-22.7,-24.3,-28.9,-33.1,-39.0,-36.3,-32.5,-27.8,-23.1,-19.6,-17.2,-20.1,-24.1,-28.5,-32.7,-36.4,-30.5,-28.7,-26.8,-26.0,-26.7,-28.6,-30.4,-31.3,21.6,23.3,27.0,30.6,32.0,30.4,26.7,22.8,19.1,20.6,23.1,27.2,32.1,36.5,40.0,36.5,32.3,28.1,24.2,21.1,25.5,27.1,28.7,29.4,28.8,27.2,25.6,24.9,-81.6,-85.7,-87.1,-85.0,-80.7,-76.3,-75.1,-77.2,-81.4,-82.4,-82.7,-82.8,-82.2,-80.9,-79.0,-77.4,-76.5,-76.4,-77.2,-78.9,-79.6,-78.7,-79.4,-81.2,-83.1,-84.0,-83.3,-81.5,-76.7,-80.4,-81.3,-79.0,-74.8,-71.1,-70.2,-72.4,-75.4,-76.7,-77.3,-77.1,-76.2,-75.1,-73.7,-71.4,-70.3,-70.3,-71.2,-73.0,-74.6,-73.6,-74.0,-75.6,-77.4,-78.3,-78.0,-76.4,534.0,533.0,532.0,531.4,531.7,532.9,533.8,534.3,537.9,534.7,531.8,530.3,530.7,532.3,534.4,533.3,532.1,532.1,533.4,535.7,534.3,534.1,533.6,533.2,533.0,533.3,533.8,534.2,494.5,493.0,491.2,490.2,490.5,492.0,493.8,495.3,498.0,494.9,491.8,489.6,489.6,491.1,493.7,492.6,492.0,492.3,493.7,496.1,494.2,493.8,493.0,492.4,492.3,492.7,493.5,494.1,2.8,-35.2,500.7,0.334,0.365,-0.068,0.0,0.0,0.08,0.0,0.0,0.72,0.9,0.11,0.17,0.5,0.0,0.79,0.0,0.3,0.87,0.29
-0.222811,0.393674,-0.891838,-0.330683,0.347996,-0.877239,-0.303,0.397,234.1,235.7,239.4,243.0,244.4,243.1,239.1,235.5,230.7,232.8,235.8,239.7,243.9,247.1,249.3,246.6,243.0,239.2,235.7,232.7,237.8,239.4,241.0,241.7,241.1,239.5,237.8,237.1,284.7,286.3,289.9,293.3,294.6,293.0,289.5,285.8,282.1,283.7,286.2,290.1,294.7,298.7,301.6,298.6,294.7,290.8,287.1,284.1,288.4,289.8,291.3,292.0,291.5,290.0,288.5,287.8,178.8,175.1,173.7,175.5,179.4,183.3,184.5,182.7,179.3,178.1,177.5,177.3,177.9,179.3,181.2,182.5,183.0,183.1,182.5,181.2,180.6,181.4,180.8,179.1,177.4,176.6,177.2,178.9,177.7,174.2,173.0,175.0,178.9,182.5,183.6,181.8,179.4,177.8,176.8,176.7,177.6,178.7,180.3,182.4,183.4,183.5,182.7,181.4,179.6,180.4,180.0,178.5,176.8,175.9,176.4,177.9,-34.2,-32.3,-28.1,-23.9,-22.3,-23.8,-28.5,-32.6,-38.4,-35.8,-32.1,-27.5,-22.9,-19.3,-16.8,-19.8,-23.9,-28.3,-32.4,-35.9,-30.0,-28.2,-26.3,-25.4,-26.2,-28.0,-29.9,-30.7,22.4,24.1,27.9,31.5,33.0,31.3,27.6,23.7,19.8,21.4,24.0,28.1,33.0,37.4,40.8,37.4,33.2,28.9,25.0,21.9,26.4,28.0,29.6,30.3,29.7,28.1,26.5,25.8,-81.5,-85.6,-86.9,-84.8,-80.4,-76.0,-74.9,-77.1,-81.5,-82.4,-82.6,-82.6,-81.9,-80.5,-78.7,-77.0,-76.3,-76.2,-77.1,-78.9,-79.4,-78.5,-79.1,-80.9,-82.8,-83.8,-83.2,-81.4,-78.4,-82.0,-82.9,-80.7,-76.5,-72.9,-72.0,-74.1,-77.1,-78.4,-78.9,-78.7,-77.8,-76.9,-75.5,-73.1,-72.0,-71.9,-72.9,-74.6,-76.3,-75.4,-75.8,-77.3,-79.1,-80.1,-79.7,-78.1,534.0,533.0,531.7,530.9,531.1,532.4,533.5,534.2,538.2,534.8,531.8,530.0,530.2,531.5,533.5,532.5,531.5,531.8,533.3,535.7,534.1,533.8,533.2,532.8,532.7,533.0,533.6,534.0,506.2,504.7,503.0,502.1,502.5,504.0,505.7,507.0,509.7,506.6,503.6,501.4,501.5,503.2,505.9,504.7,504.0,504.3,505.6,507.9,506.0,505.6,504.9,504.3,504.1,504.5,505.2,505.8,3.2,-35.3,501.8,0.339,0.367,-0.073,0.0,0.0,0.1,0.0,0.0,0.6,0.84,0.12,0.18,0.57,0.0,0.98,0.0,0.38,0.63,0.08
-0.215313,0.401919,-0.890001,-0.326836,0.353122,-0.876632,-0.298,0.404,234.1,235.7,239.4,243.1,244.5,243.2,239.2,235.5,230.7,232.7,235.7,239.7,243.8,247.1,249.5,246.8,243.1,239.2,235.6,232.7,237.8,239.4,241.1,241.8,241.2,239.6,237.9,237.2,284.7,286.3,289.9,293.4,294.7,293.0,289.4,285.8,282.1,283.7,286.3,290.2,294.7,298.7,301.6,298.5,294.7,290.8,287.1,284.1,288.4,289.8,291.3,292.0,291.5,290.0,288.5,287.8,179.3,175.5,174.1,175.9,179.9,183.9,185.1,183.3,179.9,178.7,178.0,177.8,178.5,179.8,181.6,183.0,183.5,183.6,183.0,181.8,181.2,182.0,181.3,179.7,177.9,177.1,177.7,179.4,178.0,174.4,173.2,175.2,179.1,182.7,183.9,182.1,179.7,178.0,177.0,176.8,177.6,178.8,180.5,182.4,183.3,183.4,182.7,181.6,179.9,180.7,180.2,178.7,177.0,176.2,176.7,178.2,-33.7,-31.8,-27.6,-23.4,-21.8,-23.4,-28.0,-32.1,-37.8,-35.3,-31.8,-27.2,-22.6,-18.9,-16.3,-19.3,-23.5,-27.9,-31.9,-35.4,-29.5,-27.7,-25.8,-24.9,-25.7,-27.5,-29.4,-30.2,22.6,24.3,28.1,31.8,33.3,31.6,27.8,23.9,19.9,21.5,24.2,28.4,33.3,37.7,41.1,37.6,33.4,29.1,25.2,22.0,26.6,28.2,29.8,30.5,29.9,28.3,26.7,26.0,-79.7,-83.9,-85.2,-83.1,-78.6,-74.2,-73.1,-75.3,-79.7,-80.6,-80.8,-80.8,-80.1,-78.8,-76.9,-75.3,-74.6,-74.6,-75.4,-77.2,-77.6,-76.7,-77.3,-79.1,-81.1,-82.1,-81.4,-79.6,-78.7,-82.4,-83.4,-81.2,-76.9,-73.2,-72.2,-74.2,-77.3,-78.7,-79.4,-79.3,-78.4,-77.3,-75.9,-73.6,-72.5,-72.4,-73.3,-74.9,-76.6,-75.6,-76.1,-77.6,-79.4,-80.4,-80.0,-78.4,526.3,525.3,524.0,523.1,523.1,524.3,525.4,526.3,530.7,527.3,524.2,522.2,522.2,523.4,525.2,524.2,523.4,523.7,525.5,528.0,526.2,525.8,525.2,524.8,524.8,525.2,525.8,526.2,509.9,508.6,507.0,506.0,506.3,507.5,509.1,510.5,513.2,510.3,507.4,505.3,505.4,507.0,509.6,508.3,507.4,507.6,508.9,511.3,509.7,509.3,508.6,508.0,508.0,508.4,509.0,509.6,3.4,-34.9,500.4,0.343,0.365,-0.078,0.0,0.0,0.17,0.0,0.0,0.57,0.84,0.2,0.2,0.57,0.0,1.03,0.0,0.46,0.44,0.02
-0.223408,0.411223,-0.883733,-0.322689,0.363277,-0.874015,-0.301,0.415,234.1,235.6,239.3,242.8,244.2,243.0,239.1,235.5,230.8,232.9,235.9,239.8,243.9,247.0,249.2,246.6,243.1,239.3,235.8,232.9,237.8,239.3,240.9,241.6,240.9,239.4,237.8,237.1,284.6,286.1,289.7,293.2,294.5,292.9,289.3,285.7,282.0,283.6,286.1,290.0,294.5,298.4,301.5,298.3,294.5,290.6,286.9,284.0,288.2,289.7,291.2,291.9,291.4,289.9,288.3,287.6,180.4,176.7,175.4,177.1,180.9,184.8,185.9,184.2,180.9,179.7,179.1,178.8,179.5,180.8,182.7,184.0,184.6,184.7,184.1,182.8,182.1,182.9,182.3,180.7,179.0,178.3,178.9,180.5,178.8,175.1,174.0,175.9,179.8,183.5,184.6,182.9,180.3,178.7,177.7,177.5,178.4,179.5,181.2,183.1,184.0,184.2,183.5,182.3,180.7,181.5,181.0,179.4,177.7,176.9,177.4,179.0,-34.8,-33.0,-28.7,-24.5,-22.9,-24.4,-29.0,-33.2,-38.9,-36.3,-32.6,-28.0,-23.3,-19.8,-17.3,-20.2,-24.3,-28.7,-32.8,-36.4,-30.6,-28.8,-26.9,-26.1,-26.8,-28.6,-30.5,-31.3,22.4,24.1,27.9,31.5,33.0,31.3,27.6,23.7,19.8,21.3,24.0,28.0,32.9,37.3,40.8,37.3,33.1,28.8,24.9,21.8,26.4,28.0,29.6,30.3,29.7,28.1,26.5,25.7,-81.1,-85.2,-86.6,-84.5,-80.1,-75.8,-74.6,-76.7,-81.1,-82.1,-82.3,-82.3,-81.6,-80.3,-78.4,-76.8,-76.0,-75.9,-76.8,-78.5,-79.1,-78.2,-78.8,-80.6,-82.5,-83.5,-82.9,-81.1,-77.7,-81.4,-82.4,-80.1,-75.9,-72.2,-71.1,-73.2,-76.4,-77.8,-78.4,-78.3,-77.4,-76.3,-74.8,-72.6,-71.5,-71.4,-72.4,-74.0,-75.5,-74.6,-75.0,-76.6,-78.4,-79.4,-79.0,-77.4,543.9,542.8,541.6,540.9,541.1,542.4,543.4,544.2,548.0,544.6,541.6,539.8,540.1,541.6,543.6,542.6,541.6,541.7,543.2,545.6,544.0,543.7,543.2,542.7,542.6,542.9,543.5,543.9,508.6,507.3,505.5,504.5,504.7,506.1,507.8,509.3,512.1,509.0,506.0,503.8,503.8,505.3,507.8,506.6,505.9,506.2,507.7,510.1,508.4,507.9,507.2,506.6,506.5,506.9,507.7,508.3,3.7,-34.1,501.2,0.356,0.362,-0.087,0.0,0.0,0.13,0.0,0.0,0.61,0.84,0.14,0.2,0.52,0.0,1.15,0.0,0.55,0.37,0.02
-0.218522,0.401245,-0.889523,-0.339012,0.354747,-0.871335,-0.307,0.406,234.2,235.8,239.4,242.9,244.3,243.0,239.1,235.5,230.8,232.9,236.0,239.8,243.8,246.9,249.0,246.5,243.0,239.2,235.8,232.8,237.8,239.3,240.9,241.6,241.0,239.5,237.9,237.2,284.4,286.0,289.6,293.0,294.3,292.6,289.1,285.5,281.9,283.5,286.1,290.1,294.6,298.4,301.1,298.2,294.5,290.7,287.0,283.9,288.0,289.4,291.0,291.7,291.1,289.7,288.1,287.4,180.3,176.6,175.3,177.0,180.8,184.7,185.8,184.1,181.0,179.6,178.9,178.7,179.3,180.7,182.6,183.9,184.4,184.5,184.0,182.8,182.1,182.8,182.2,180.6,178.9,178.2,178.8,180.4,178.7,175.1,174.0,175.9,179.8,183.3,184.5,182.7,180.4,178.7,177.7,177.6,178.4,179.6,181.3,183.2,184.1,184.2,183.5,182.4,180.5,181.4,180.9,179.4,177.7,176.9,177.4,178.9,-35.0,-33.1,-28.8,-24.6,-23.0,-24.6,-29.2,-33.4,-39.3,-36.6,-32.8,-28.2,-23.6,-20.0,-17.6,-20.5,-24.6,-29.0,-33.1,-36.7,-30.8,-29.0,-27.1,-26.2,-26.9,-28.8,-30.7,-31.5,22.5,24.2,28.1,31.8,33.2,31.5,27.7,23.8,19.9,21.6,24.3,28.6,33.5,37.8,41.0,37.7,33.6,29.3,25.3,22.1,26.5,28.1,29.7,30.4,29.8,28.3,26.6,25.9,-81.9,-86.0,-87.5,-85.4,-80.9,-76.5,-75.3,-77.4,-81.6,-82.8,-83.1,-83.2,-82.5,-81.1,-79.1,-77.4,-76.7,-76.6,-77.4,-79.1,-79.8,-78.9,-79.5,-81.4,-83.3,-84.2,-83.6,-81.8,-78.8,-82.4,-83.4,-81.2,-77.0,-73.3,-72.3,-74.4,-77.3,-78.7,-79.4,-79.3,-78.4,-77.4,-75.9,-73.6,-72.5,-72.4,-73.3,-74.9,-76.7,-75.7,-76.2,-77.7,-79.5,-80.5,-80.1,-78.5,548.1,547.3,546.3,545.6,545.7,546.7,547.5,548.2,552.1,548.9,546.0,544.4,544.7,546.2,548.1,546.9,545.8,545.9,547.3,549.6,548.3,548.0,547.5,547.2,547.1,547.4,547.9,548.2,515.4,514.0,512.5,511.6,511.9,513.3,514.9,516.1,518.5,515.6,512.8,510.8,511.1,512.9,515.6,514.3,513.4,513.4,514.6,516.8,515.3,514.9,514.3,513.7,513.5,513.9,514.6,515.1,3.7,-34.4,502.0,0.353,0.369,-0.089,0.0,0.0,0.1,0.0,0.0,0.53,0.89,0.13,0.19,0.51,0.0,1.19,0.0,0.66,0.33,0.02
-0.223273,0.407547,-0.885468,-0.344291,0.370221,-0.862786,-0.314,0.419,234.0,235.5,239.2,242.8,244.2,243.0,239.0,235.4,230.7,232.8,235.8,239.6,243.7,246.8,249.0,246.4,242.9,239.2,235.7,232.8,237.6,239.2,240.8,241.5,240.9,239.3,237.7,237.0,284.1,285.7,289.2,292.7,294.1,292.5,288.9,285.3,281.7,283.5,286.2,290.1,294.4,298.0,300.7,297.9,294.4,290.6,287.0,283.8,287.7,289.2,290.7,291.4,290.8,289.3,287.8,287.1,179.9,176.2,174.8,176.6,180.4,184.3,185.4,183.7,180.4,179.1,178.5,178.2,178.8,180.2,182.1,183.5,184.1,184.3,183.6,182.4,181.6,182.4,181.8,180.2,178.5,177.7,178.3,179.9,178.4,174.8,173.6,175.4,179.2,182.7,184.0,182.4,180.1,178.4,177.3,177.0,177.6,178.5,180.1,182.0,183.1,183.4,182.9,181.8,180.1,180.9,180.4,178.9,177.2,176.5,177.0,178.5,-34.9,-33.1,-28.8,-24.6,-22.9,-24.4,-29.1,-33.3,-39.0,-36.4,-32.7,-28.2,-23.5,-19.9,-17.4,-20.4,-24.4,-28.8,-32.9,-36.4,-30.7,-28.8,-26.9,-26.1,-26.8,-28.7,-30.6,-31.4,22.7,24.5,28.4,32.3,33.9,32.2,28.2,24.1,20.1,22.0,25.0,29.3,34.1,38.4,41.6,38.4,34.3,30.0,25.9,22.5,26.8,28.5,30.2,30.9,30.3,28.6,26.9,26.2,-81.6,-85.7,-87.1,-85.0,-80.6,-76.3,-75.1,-77.2,-81.6,-82.6,-82.9,-82.9,-82.2,-81.0,-79.0,-77.3,-76.4,-76.2,-77.2,-79.0,-79.6,-78.7,-79.3,-81.1,-83.1,-84.0,-83.4,-81.6,-81.1,-84.8,-86.0,-83.9,-79.7,-75.9,-74.7,-76.7,-79.5,-81.1,-81.9,-82.0,-81.4,-80.6,-79.3,-76.9,-75.5,-75.1,-75.9,-77.3,-79.1,-78.2,-78.7,-80.3,-82.1,-83.0,-82.5,-80.9,543.3,542.2,540.9,540.2,540.5,541.8,542.9,543.6,547.3,543.9,540.9,539.2,539.4,540.9,542.8,541.9,540.9,541.1,542.6,544.9,543.4,543.1,542.6,542.1,542.0,542.3,542.8,543.3,528.1,526.9,525.5,524.9,525.4,526.6,528.0,529.0,530.9,528.1,525.5,523.9,524.4,526.5,529.3,527.8,526.6,526.4,527.3,529.3,528.3,528.1,527.5,526.9,526.7,527.0,527.6,528.1,3.6,-34.7,501.7,0.351,0.363,-0.088,0.0,0.0,0.0,0.0,0.0,0.51,0.94,0.05,0.16,0.57,0.0,1.24,0.0,0.61,0.56,0.17
-0.229241,0.403213,-0.885928,-0.32979,0.393671,-0.858057,-0.31,0.429,233.9,235.5,239.2,242.8,244.2,242.9,238.9,235.3,230.7,232.7,235.7,239.7,243.8,247.0,249.2,246.5,242.9,239.1,235.6,232.7,237.6,239.2,240.9,241.6,240.9,239.3,237.7,237.0,284.1,285.5,289.0,292.6,294.0,292.6,289.1,285.3,281.5,283.3,286.1,290.0,294.0,297.4,299.9,297.5,294.2,290.6,287.0,283.8,287.7,289.2,290.7,291.3,290.7,289.1,287.6,287.0,179.0,175.3,173.9,175.7,179.7,183.6,184.7,182.9,179.6,178.2,177.6,177.4,178.2,179.7,181.7,183.0,183.5,183.5,182.8,181.5,180.9,181.7,181.1,179.4,177.7,176.9,177.5,179.1,178.2,174.7,173.4,175.0,178.5,182.0,183.3,181.9,179.7,178.1,177.0,176.6,176.9,177.5,178.6,180.7,182.0,182.5,182.2,181.3,179.6,180.3,179.8,178.3,176.7,176.0,176.6,178.1,-34.3,-32.4,-28.2,-24.0,-22.4,-23.9,-28.5,-32.7,-38.2,-35.7,-32.1,-27.5,-22.8,-19.3,-16.8,-19.9,-23.9,-28.3,-32.3,-35.8,-30.1,-28.3,-26.3,-25.5,-26.2,-28.1,-30.0,-30.8,23.5,25.1,29.1,33.2,35.0,33.4,29.4,25.0,20.6,22.6,25.7,30.2,34.9,39.1,42.2,39.2,35.3,31.1,26.9,23.2,27.7,29.5,31.2,31.9,31.1,29.4,27.6,26.9,-80.9,-85.0,-86.3,-84.1,-79.7,-75.4,-74.3,-76.5,-80.9,-81.9,-82.1,-82.1,-81.2,-79.8,-77.7,-76.2,-75.5,-75.5,-76.5,-78.4,-78.9,-77.9,-78.5,-80.3,-82.3,-83.2,-82.6,-80.8,-84.1,-87.9,-89.2,-87.4,-83.3,-79.5,-78.1,-79.8,-82.7,-84.1,-85.0,-85.3,-85.0,-84.7,-83.9,-81.2,-79.5,-78.8,-79.3,-80.6,-82.4,-81.6,-82.2,-83.9,-85.6,-86.4,-85.8,-84.2,532.1,531.0,529.6,528.8,529.0,530.4,531.5,532.3,536.2,532.9,529.7,527.9,528.1,529.4,531.3,530.4,529.6,529.8,531.4,533.9,532.2,531.8,531.2,530.7,530.6,531.0,531.6,532.1,546.0,544.6,543.5,543.3,544.2,545.7,546.8,547.3,548.6,545.8,543.5,542.2,543.0,545.4,548.4,546.9,545.4,544.9,545.6,547.2,546.7,546.6,546.1,545.5,545.1,545.2,545.7,546.3,3.6,-34.3,498.7,0.357,0.367,-0.09,0.0,0.0,0.04,0.0,0.0,0.43,1.01,0.02,0.12,0.61,0.0,1.19,0.0,0.53,0.75,0.29
-0.227578,0.401392,-0.887183,-0.320896,0.395271,-0.86069,-0.304,0.428,233.9,235.6,239.3,242.9,244.3,243.0,239.0,235.4,230.7,232.7,235.8,239.7,243.9,247.1,249.3,246.6,243.0,239.1,235.6,232.7,237.7,239.3,240.9,241.7,241.0,239.4,237.8,237.0,284.2,285.8,289.4,293.0,294.4,292.9,289.3,285.5,281.5,283.5,286.4,290.3,294.3,297.6,300.0,297.6,294.4,290.8,287.1,283.8,287.8,289.4,290.9,291.6,291.0,289.4,287.8,287.2,179.0,175.2,173.9,175.7,179.6,183.6,184.8,182.9,179.6,178.3,177.6,177.4,178.2,179.7,181.8,183.0,183.4,183.4,182.8,181.5,180.9,181.7,181.1,179.4,177.6,176.8,177.4,179.1,178.1,174.6,173.3,174.9,178.5,182.0,183.4,181.9,179.5,178.0,177.0,176.7,177.0,177.4,178.5,180.5,181.8,182.3,182.0,181.1,179.6,180.3,179.8,178.2,176.7,176.0,176.5,178.1,-34.1,-32.2,-27.9,-23.7,-22.1,-23.7,-28.3,-32.5,-38.1,-35.5,-31.9,-27.3,-22.6,-19.1,-16.6,-19.7,-23.7,-28.1,-32.1,-35.6,-29.9,-28.0,-26.1,-25.3,-26.0,-27.8,-29.7,-30.6,23.6,25.3,29.5,33.6,35.4,33.7,29.5,25.1,20.5,22.7,26.0,30.5,35.2,39.2,42.3,39.3,35.4,31.2,26.9,23.2,27.8,29.6,31.4,32.2,31.4,29.6,27.8,27.1,-80.5,-84.6,-85.9,-83.8,-79.3,-75.0,-73.8,-76.0,-80.4,-81.4,-81.7,-81.6,-80.8,-79.3,-77.2,-75.7,-75.1,-75.1,-76.1,-77.9,-78.4,-77.4,-78.0,-79.8,-81.8,-82.8,-82.2,-80.3,-83.8,-87.7,-89.1,-87.2,-83.2,-79.3,-77.9,-79.6,-82.5,-83.9,-84.7,-84.9,-84.8,-84.6,-83.9,-81.3,-79.6,-78.8,-79.2,-80.5,-82.2,-81.4,-82.0,-83.7,-85.4,-86.2,-85.6,-83.9,529.0,528.0,526.7,525.8,525.9,527.1,528.2,529.0,533.1,529.8,526.7,524.8,525.0,526.3,528.2,527.2,526.3,526.5,528.1,530.6,529.0,528.6,528.0,527.6,527.5,527.9,528.5,528.9,544.1,542.7,541.8,542.0,543.1,544.4,545.3,545.5,546.5,543.9,541.7,540.7,541.7,544.3,547.4,545.7,544.1,543.3,543.8,545.3,545.1,545.1,544.7,544.2,543.7,543.6,544.0,544.6,3.5,-34.5,499.5,0.347,0.367,-0.085,0.0,0.0,0.04,0.0,0.0,0.62,1.1,0.09,0.15,0.43,0.0,1.04,0.0,0.45,0.87,0.36
-0.239588,0.402999,-0.883283,-0.323798,0.386245,-0.863695,-0.312,0.424,234.0,235.6,239.3,243.1,244.5,243.3,239.2,235.5,230.7,232.7,235.8,239.9,244.2,247.5,249.8,247.0,243.3,239.4,235.8,232.8,237.8,239.4,241.1,241.8,241.2,239.5,237.8,237.1,284.3,285.8,289.3,292.9,294.5,293.0,289.5,285.7,281.6,283.5,286.3,290.2,294.3,297.7,300.3,297.8,294.5,290.9,287.2,283.9,288.0,289.5,291.0,291.6,291.0,289.5,288.0,287.4,179.1,175.3,173.9,175.7,179.7,183.7,184.9,183.1,179.8,178.4,177.7,177.4,178.1,179.5,181.6,182.9,183.5,183.6,183.0,181.7,181.0,181.8,181.1,179.4,177.6,176.8,177.5,179.2,178.2,174.7,173.3,174.9,178.5,182.0,183.3,181.9,179.6,177.9,176.8,176.4,176.7,177.2,178.4,180.7,182.1,182.7,182.4,181.4,179.6,180.2,179.7,178.2,176.7,176.0,176.6,178.1,-33.4,-31.5,-27.3,-23.1,-21.5,-23.0,-27.6,-31.7,-37.3,-34.8,-31.1,-26.5,-21.8,-18.3,-15.8,-18.8,-22.8,-27.2,-31.3,-34.8,-29.2,-27.3,-25.4,-24.6,-25.3,-27.2,-29.1,-29.9,23.4,25.0,29.0,33.2,35.0,33.4,29.4,25.0,20.4,22.4,25.5,29.9,34.7,38.8,42.0,39.0,35.1,30.9,26.7,23.0,27.7,29.4,31.1,31.8,31.0,29.3,27.6,26.9,-78.8,-82.8,-84.2,-82.0,-77.7,-73.4,-72.3,-74.4,-78.7,-79.7,-80.0,-80.0,-79.3,-77.9,-75.9,-74.3,-73.5,-73.5,-74.4,-76.1,-76.7,-75.8,-76.4,-78.2,-80.2,-81.1,-80.5,-78.7,-82.7,-86.5,-87.9,-86.1,-82.1,-78.3,-76.9,-78.6,-81.4,-83.0,-83.9,-84.2,-84.0,-83.7,-82.9,-80.0,-78.2,-77.4,-77.9,-79.2,-81.2,-80.5,-81.0,-82.6,-84.3,-85.1,-84.5,-82.9,518.5,517.4,516.0,515.2,515.4,516.8,517.9,518.7,522.7,519.3,516.2,514.3,514.5,515.9,517.9,516.9,516.0,516.3,517.8,520.2,518.5,518.2,517.6,517.1,517.0,517.3,517.9,518.4,537.5,536.0,534.9,534.9,536.0,537.5,538.6,538.9,540.1,537.3,534.9,533.6,534.6,537.0,540.1,538.7,537.3,536.8,537.3,538.9,538.3,538.3,537.8,537.2,536.7,536.7,537.2,537.8,3.5,-35.2,502.2,0.347,0.361,-0.081,0.0,0.0,0.03,0.0,0.0,0.77,1.14,0.17,0.2,0.27,0.0,0.89,0.0,0.5,0.73,0.2
-0.24998,0.40799,-0.878097,-0.321641,0.389214,-0.863168,-0.317,0.429,234.0,235.6,239.3,242.9,244.4,243.1,239.1,235.4,230.9,232.9,235.9,239.9,244.1,247.4,249.7,247.0,243.3,239.4,235.8,232.9,237.7,239.3,241.0,241.7,241.0,239.4,237.8,237.1,284.3,285.8,289.4,293.0,294.5,293.1,289.5,285.6,281.6,283.5,286.3,290.3,294.4,297.8,300.3,297.8,294.5,290.9,287.2,283.9,288.0,289.5,291.0,291.7,291.0,289.5,288.0,287.4,179.0,175.3,173.9,175.7,179.7,183.7,184.8,183.0,179.6,178.3,177.6,177.4,178.1,179.5,181.4,182.8,183.4,183.5,182.9,181.6,180.9,181.7,181.1,179.4,177.6,176.8,177.4,179.1,178.2,174.7,173.3,174.9,178.5,182.0,183.3,181.9,179.5,177.9,176.8,176.4,176.7,177.2,178.3,180.6,182.1,182.7,182.3,181.3,179.5,180.2,179.6,178.2,176.7,176.0,176.6,178.0,-33.7,-31.8,-27.6,-23.5,-21.9,-23.4,-27.9,-32.1,-37.5,-35.0,-31.4,-26.8,-22.1,-18.5,-16.0,-19.0,-23.1,-27.5,-31.6,-35.0,-29.5,-27.6,-25.8,-24.9,-25.7,-27.5,-29.4,-30.2,23.4,25.0,29.0,33.2,35.0,33.4,29.3,24.9,20.3,22.4,25.5,30.0,34.7,38.8,41.9,39.0,35.1,30.9,26.7,23.0,27.6,29.4,31.1,31.8,31.0,29.3,27.5,26.9,-79.6,-83.7,-84.9,-82.7,-78.4,-74.1,-73.0,-75.2,-79.6,-80.6,-80.8,-80.7,-80.0,-78.6,-76.7,-75.0,-74.3,-74.2,-75.2,-77.0,-77.5,-76.5,-77.1,-78.9,-80.9,-81.9,-81.3,-79.5,-82.5,-86.3,-87.7,-85.9,-82.0,-78.2,-76.8,-78.5,-81.4,-82.8,-83.7,-83.9,-83.8,-83.6,-82.8,-79.9,-78.0,-77.2,-77.7,-79.1,-81.1,-80.3,-80.9,-82.5,-84.2,-84.9,-84.3,-82.7,523.5,522.3,520.8,519.8,520.0,521.4,522.7,523.6,527.7,524.2,521.0,519.0,519.1,520.4,522.2,521.4,520.5,520.9,522.6,525.1,523.4,522.9,522.3,521.8,521.7,522.1,522.8,523.3,536.2,534.6,533.6,533.7,534.9,536.5,537.5,537.8,538.8,536.0,533.6,532.4,533.4,535.9,539.1,537.7,536.3,535.7,536.2,537.7,537.1,537.2,536.7,536.1,535.5,535.5,535.9,536.6,3.5,-35.3,502.5,0.35,0.359,-0.08,0.0,0.0,0.0,0.0,0.0,0.74,1.17,0.22,0.21,0.16,0.0,0.77,0.0,0.47,0.54,0.08
-0.2416,0.395641,-0.886057,-0.348118,0.339386,-0.87386,-0.323,0.396,234.5,236.1,239.9,243.5,244.9,243.6,239.6,235.9,231.4,233.4,236.4,240.4,244.6,247.8,250.1,247.4,243.7,239.8,236.3,233.4,238.2,239.9,241.5,242.2,241.6,240.0,238.3,237.6,285.3,287.0,290.7,294.2,295.5,293.8,290.1,286.4,282.7,284.4,287.1,291.2,295.9,299.9,302.8,299.7,295.7,291.7,287.8,284.7,289.1,290.5,292.1,292.8,292.2,290.8,289.3,288.5,178.7,174.9,173.5,175.3,179.3,183.3,184.4,182.6,179.4,178.0,177.3,177.0,177.7,179.1,181.2,182.5,183.0,183.0,182.4,181.2,180.5,181.3,180.7,179.0,177.3,176.5,177.1,178.8,177.9,174.1,172.8,174.8,178.8,182.6,183.9,182.1,179.8,177.9,176.7,176.4,177.4,178.9,181.0,182.8,183.6,183.6,182.9,181.8,179.8,180.6,180.1,178.5,176.8,176.0,176.5,178.1,-33.3,-31.4,-27.2,-23.0,-21.5,-23.0,-27.6,-31.7,-37.2,-34.7,-31.0,-26.5,-21.8,-18.2,-15.7,-18.7,-22.8,-27.2,-31.2,-34.7,-29.1,-27.3,-25.4,-24.5,-25.2,-27.1,-29.0,-29.8,22.5,24.3,28.1,31.7,33.0,31.3,27.5,23.7,19.9,21.6,24.3,28.5,33.4,37.7,41.0,37.5,33.3,29.1,25.1,21.9,26.5,28.0,29.6,30.3,29.7,28.2,26.6,25.9,-80.6,-84.7,-86.1,-83.9,-79.4,-75.1,-74.0,-76.1,-80.5,-81.5,-81.8,-81.8,-81.1,-79.6,-77.6,-76.0,-75.3,-75.3,-76.2,-77.9,-78.5,-77.5,-78.1,-79.9,-81.9,-82.9,-82.3,-80.5,-76.2,-80.0,-81.1,-78.9,-74.6,-70.8,-69.7,-71.7,-74.6,-76.2,-77.1,-77.0,-76.0,-74.7,-72.9,-70.7,-69.8,-69.8,-70.7,-72.2,-74.1,-73.2,-73.6,-75.2,-77.0,-77.9,-77.5,-75.9,527.3,526.4,525.0,524.0,524.0,525.2,526.4,527.4,531.5,528.1,525.0,523.1,523.2,524.4,526.2,525.3,524.4,524.7,526.4,528.9,527.2,526.8,526.2,525.8,525.8,526.2,526.8,527.2,493.1,492.1,490.6,489.4,489.3,490.3,491.8,493.4,496.2,493.4,490.5,488.5,488.6,490.2,492.7,491.2,490.3,490.4,491.7,494.2,492.7,492.2,491.6,491.2,491.2,491.7,492.3,492.7,3.8,-35.2,501.4,0.353,0.356,-0.069,0.0,0.0,0.0,0.0,0.0,0.59,1.15,0.19,0.18,0.14,0.0,0.8,0.0,0.41,0.54,0.01
-0.23142,0.406567,-0.883826,-0.294915,0.337125,-0.894076,-0.288,0.396,235.7,237.4,241.2,244.9,246.4,245.0,240.9,237.1,232.4,234.5,237.6,241.7,246.1,249.5,251.9,249.1,245.2,241.2,237.5,234.5,239.6,241.2,242.8,243.5,242.9,241.3,239.7,239.0,287.3,289.0,292.7,296.1,297.3,295.5,291.9,288.3,284.3,286.1,288.8,292.8,297.2,300.9,303.5,300.6,296.9,293.1,289.4,286.3,290.9,292.3,293.8,294.5,294.0,292.6,291.1,290.4,178.6,174.7,173.3,175.1,179.2,183.4,184.6,182.7,179.5,178.0,177.2,176.8,177.6,179.0,181.1,182.4,182.9,183.0,182.4,181.3,180.5,181.3,180.7,179.0,177.3,176.5,177.1,178.8,177.9,174.3,173.0,174.8,178.6,182.2,183.5,182.0,180.2,178.1,176.6,176.3,177.3,178.9,181.2,182.7,183.2,183.2,182.6,181.8,179.8,180.5,180.0,178.5,176.9,176.1,176.7,178.2,-31.0,-29.1,-24.8,-20.7,-19.2,-20.7,-25.3,-29.4,-34.8,-32.4,-28.8,-24.2,-19.5,-15.8,-13.2,-16.2,-20.4,-24.8,-28.9,-32.4,-26.7,-24.9,-23.1,-22.3,-23.0,-24.7,-26.6,-27.4,25.9,27.9,31.8,35.5,36.8,34.9,30.9,27.0,22.8,24.6,27.5,31.9,36.8,41.0,44.0,40.6,36.5,32.2,28.2,24.9,29.9,31.4,33.1,33.9,33.4,31.8,30.2,29.4,-78.1,-82.2,-83.6,-81.4,-76.9,-72.5,-71.4,-73.6,-77.8,-78.9,-79.3,-79.4,-78.6,-77.2,-75.2,-73.6,-73.0,-72.9,-73.8,-75.4,-76.0,-75.1,-75.6,-77.4,-79.4,-80.3,-79.7,-77.9,-80.2,-84.2,-85.5,-83.3,-79.0,-75.0,-73.7,-75.6,-78.1,-80.1,-81.3,-81.5,-80.4,-78.8,-76.6,-74.8,-74.0,-74.0,-74.8,-76.0,-78.1,-77.2,-77.8,-79.4,-81.2,-82.1,-81.6,-79.9,510.6,509.8,508.4,507.3,507.2,508.3,509.4,510.5,514.9,511.5,508.4,506.4,506.4,507.6,509.3,508.3,507.4,507.8,509.5,512.2,510.4,509.9,509.4,509.0,509.0,509.5,510.1,510.5,519.3,519.0,518.0,516.9,516.4,516.8,517.8,519.1,522.3,519.8,517.4,515.6,515.8,517.5,519.8,518.0,516.8,516.6,517.8,520.2,519.0,518.6,518.2,518.0,518.3,518.7,519.1,519.3,5.0,-35.0,500.9,0.36,0.34,-0.063,0.0,0.0,0.0,0.0,0.0,0.62,1.01,0.09,0.11,0.08,0.0,0.76,0.05,0.42,0.45,0.0
-0.188436,0.410601,-0.892131,-0.228045,0.346621,-0.909862,-0.227,0.398,240.0,241.6,245.4,249.3,250.9,249.6,245.4,241.6,236.5,238.4,241.6,245.8,250.3,253.8,256.3,253.5,249.6,245.4,241.7,238.6,244.0,245.7,247.3,248.0,247.3,245.7,244.0,243.4,292.7,294.2,298.0,301.7,303.2,301.6,297.9,293.9,289.0,290.8,293.7,297.9,302.5,306.3,308.9,306.2,302.5,298.6,294.7,291.3,296.5,298.0,299.6,300.2,299.6,298.0,296.5,295.8,177.0,173.0,171.6,173.4,177.5,181.7,182.9,181.1,177.5,176.0,175.2,174.9,175.6,177.1,179.3,180.7,181.3,181.5,180.9,179.6,178.8,179.6,178.9,177.3,175.5,174.7,175.3,177.0,176.8,173.0,171.5,173.2,177.1,180.9,182.4,180.9,179.2,176.7,175.1,174.5,175.3,176.6,178.8,181.0,182.2,182.6,182.1,181.1,178.4,179.1,178.5,176.9,175.3,174.6,175.3,176.8,-25.5,-23.8,-19.6,-15.5,-13.9,-15.2,-19.7,-23.8,-29.5,-27.2,-23.7,-19.2,-14.5,-10.8,-8.1,-11.1,-15.3,-19.7,-23.7,-27.1,-21.2,-19.5,-17.7,-17.0,-17.7,-19.4,-21.2,-21.9,30.6,32.3,36.3,40.2,41.8,40.2,36.2,32.0,27.0,28.7,31.6,36.0,41.0,45.2,48.2,45.2,41.1,36.9,32.8,29.3,34.7,36.4,38.0,38.7,38.0,36.4,34.8,34.1,-77.6,-81.6,-82.9,-80.8,-76.5,-72.3,-71.2,-73.3,-77.7,-78.8,-79.1,-79.1,-78.4,-77.0,-75.0,-73.4,-72.6,-72.5,-73.4,-75.2,-75.7,-74.8,-75.4,-77.1,-78.9,-79.8,-79.3,-77.6,-78.3,-82.2,-83.7,-81.8,-77.8,-73.8,-72.3,-74.0,-76.3,-78.5,-79.8,-80.2,-79.5,-78.4,-76.5,-73.9,-72.4,-72.0,-72.6,-74.0,-76.6,-75.8,-76.5,-78.1,-79.8,-80.6,-79.9,-78.3,496.1,494.8,493.2,492.4,492.7,494.3,495.6,496.4,500.7,497.1,493.7,491.6,491.6,492.9,494.9,494.1,493.3,493.8,495.5,498.1,496.1,495.7,495.0,494.5,494.3,494.7,495.3,495.9,499.0,498.3,497.6,497.4,497.6,498.3,499.0,499.6,502.5,499.9,497.4,495.9,496.6,498.8,501.6,500.0,498.6,498.2,499.0,501.0,499.5,499.4,499.1,498.8,498.7,498.8,499.1,499.4,9.4,-36.3,500.4,0.36,0.295,-0.047,0.0,0.0,0.0,0.0,0.0,0.58,0.81,0.04,0.08,0.07,0.0,0.71,0.13,0.52,0.32,0.0
-0.183372,0.420412,-0.888611,-0.231723,0.347988,-0.90841,-0.227,0.404,242.0,243.5,247.4,251.3,253.0,251.7,247.6,243.6,238.4,240.5,243.7,248.0,252.4,255.9,258.4,255.6,251.8,247.7,243.9,240.6,246.0,247.7,249.3,250.0,249.3,247.6,246.0,245.3,295.1,296.8,300.7,304.5,306.0,304.4,300.5,296.5,291.8,293.4,296.1,300.3,305.2,309.6,312.9,309.5,305.3,301.1,297.1,293.9,299.2,300.8,302.4,303.1,302.4,300.8,299.2,298.6,176.5,172.6,171.1,172.9,177.0,181.1,182.3,180.5,177.0,175.6,174.9,174.5,175.1,176.3,178.3,180.0,180.9,181.1,180.5,179.1,178.2,179.0,178.3,176.7,174.9,174.2,174.8,176.5,176.0,171.9,170.2,171.9,176.1,180.2,181.9,180.5,178.4,175.9,174.2,173.4,174.2,175.7,178.1,179.9,180.8,181.0,180.7,180.0,177.8,178.5,177.8,176.1,174.4,173.7,174.4,176.1,-23.5,-21.8,-17.6,-13.5,-11.7,-13.1,-17.6,-21.8,-27.6,-25.2,-21.6,-17.0,-12.3,-8.6,-6.0,-8.9,-13.0,-17.4,-21.5,-25.0,-19.2,-17.4,-15.6,-14.9,-15.7,-17.4,-19.2,-20.0,31.5,33.2,37.0,40.7,42.2,40.6,36.8,32.8,28.4,29.9,32.4,36.5,41.4,45.8,49.4,45.8,41.5,37.3,33.4,30.3,35.6,37.1,38.7,39.4,38.8,37.2,35.7,35.0,-78.5,-82.4,-83.8,-81.8,-77.6,-73.4,-72.3,-74.3,-78.7,-79.6,-79.8,-79.9,-79.4,-78.3,-76.5,-74.6,-73.5,-73.3,-74.1,-76.0,-76.7,-75.9,-76.5,-78.1,-79.9,-80.8,-80.2,-78.5,-74.9,-79.0,-80.6,-78.6,-74.3,-70.2,-68.6,-70.3,-73.0,-75.1,-76.5,-76.9,-76.0,-74.7,-72.7,-70.6,-69.5,-69.3,-69.9,-71.0,-73.0,-72.2,-72.8,-74.5,-76.3,-77.1,-76.5,-74.8,498.4,496.9,495.5,495.0,495.6,497.3,498.5,499.0,502.6,499.1,495.9,494.1,494.3,495.9,498.1,497.3,496.3,496.6,498.1,500.4,498.6,498.4,497.8,497.2,496.9,497.2,497.8,498.4,472.4,472.0,470.8,469.5,468.9,469.3,470.5,472.1,476.0,473.4,470.7,468.5,468.3,469.4,471.5,469.8,468.9,469.2,470.8,473.6,471.9,471.3,470.8,470.7,470.9,471.5,472.0,472.1,12.1,-37.3,500.9,0.353,0.263,-0.041,0.0,0.0,0.0,0.0,0.0,0.57,0.59,0.0,0.04,0.14,0.0,0.71,0.15,0.61,0.11,0.0
-0.184978,0.413112,-0.891696,-0.23543,0.324091,-0.916263,-0.228,0.387,242.0,243.5,247.4,251.3,253.0,251.8,247.5,243.6,238.4,240.5,243.7,248.0,252.5,256.0,258.5,255.7,251.8,247.7,243.9,240.6,246.0,247.7,249.3,250.0,249.3,247.6,246.0,245.3,295.2,297.0,300.9,304.7,306.1,304.3,300.4,296.4,291.8,293.5,296.2,300.5,305.5,309.9,313.2,309.7,305.4,301.1,297.1,293.8,299.2,300.8,302.4,303.2,302.6,301.0,299.4,298.6,176.4,172.5,171.0,172.9,176.9,181.1,182.4,180.5,177.0,175.5,174.8,174.5,175.1,176.5,178.5,180.1,180.9,181.2,180.5,179.1,178.2,178.9,178.3,176.6,174.9,174.1,174.8,176.4,175.7,171.6,170.0,171.9,176.1,180.3,181.8,180.3,178.4,175.9,174.1,173.5,174.5,176.2,178.7,180.6,181.5,181.6,181.1,180.2,177.7,178.4,177.8,176.1,174.3,173.5,174.2,175.9,-23.3,-21.6,-17.5,-13.3,-11.6,-12.9,-17.4,-21.6,-27.4,-25.0,-21.4,-16.8,-12.1,-8.4,-5.8,-8.8,-12.9,-17.2,-21.3,-24.9,-19.0,-17.3,-15.5,-14.8,-15.5,-17.3,-19.0,-19.8,30.9,32.6,36.4,40.0,41.4,39.6,35.9,32.1,27.8,29.2,31.8,35.8,40.7,45.2,48.6,45.0,40.7,36.5,32.6,29.6,34.8,36.3,37.9,38.6,38.1,36.6,35.0,34.3,-78.0,-81.9,-83.2,-81.2,-77.0,-72.8,-71.7,-73.7,-78.1,-79.0,-79.3,-79.3,-78.7,-77.5,-75.7,-73.9,-72.9,-72.7,-73.6,-75.4,-76.2,-75.3,-75.9,-77.5,-79.3,-80.2,-79.6,-78.0,-73.5,-77.5,-78.9,-76.8,-72.6,-68.6,-67.2,-69.0,-71.5,-73.5,-74.9,-75.1,-74.1,-72.6,-70.4,-68.3,-67.4,-67.3,-68.1,-69.3,-71.5,-70.7,-71.3,-72.9,-74.7,-75.5,-75.0,-73.3,494.5,493.1,491.6,491.0,491.6,493.3,494.4,495.0,498.9,495.3,492.1,490.1,490.4,491.9,494.1,493.2,492.3,492.7,494.2,496.6,494.7,494.4,493.8,493.2,493.0,493.2,493.8,494.4,462.0,461.6,460.4,459.1,458.4,458.9,460.1,461.7,465.8,463.1,460.3,458.1,457.9,459.1,461.1,459.6,458.7,459.1,460.7,463.4,461.5,460.9,460.4,460.2,460.5,461.0,461.6,461.7,12.1,-37.3,500.3,0.358,0.262,-0.041,0.0,0.0,0.0,0.0,0.0,0.32,0.45,0.0,0.02,0.12,0.0,0.7,0.1,0.58,0.0,0.0
-0.176293,0.402903,-0.898103,-0.22744,0.319323,-0.919948,-0.219,0.378,244.5,246.2,250.1,254.1,255.7,254.3,250.0,246.1,240.8,242.9,246.3,250.7,255.3,258.7,261.1,258.3,254.4,250.2,246.3,243.0,248.6,250.3,251.9,252.6,252.0,250.3,248.6,247.9,297.7,299.4,303.3,307.1,308.6,306.9,303.0,298.9,294.2,295.9,298.8,303.0,307.9,312.1,315.2,311.9,307.8,303.6,299.6,296.3,301.7,303.2,304.8,305.5,304.9,303.4,301.8,301.1,175.9,171.9,170.4,172.3,176.4,180.7,181.9,180.0,176.5,175.0,174.3,174.0,174.7,176.2,178.3,179.8,180.5,180.6,180.0,178.6,177.7,178.5,177.9,176.2,174.4,173.6,174.2,175.9,175.3,171.3,169.6,171.4,175.5,179.6,181.2,179.8,178.1,175.5,173.6,172.9,173.8,175.5,178.0,179.9,180.8,181.0,180.6,179.8,177.2,177.9,177.2,175.5,173.9,173.1,173.8,175.5,-20.5,-18.7,-14.5,-10.4,-8.7,-10.1,-14.6,-18.8,-24.6,-22.1,-18.5,-13.8,-9.1,-5.5,-3.0,-6.0,-10.0,-14.4,-18.6,-22.1,-16.2,-14.4,-12.6,-11.9,-12.6,-14.4,-16.1,-16.9,34.2,35.9,39.8,43.5,44.9,43.2,39.4,35.4,30.9,32.5,35.1,39.3,44.2,48.6,51.9,48.5,44.2,40.0,36.0,32.9,38.2,39.8,41.3,42.0,41.4,39.9,38.3,37.6,-77.8,-81.8,-83.1,-81.0,-76.8,-72.6,-71.4,-73.5,-77.8,-78.9,-79.1,-79.1,-78.4,-77.1,-75.2,-73.5,-72.7,-72.6,-73.4,-75.2,-75.9,-75.1,-75.6,-77.3,-79.1,-80.0,-79.5,-77.8,-75.7,-79.8,-81.3,-79.4,-75.1,-71.0,-69.5,-71.2,-73.4,-75.7,-77.2,-77.7,-76.7,-75.2,-73.0,-70.8,-69.8,-69.6,-70.2,-71.4,-73.8,-73.0,-73.7,-75.3,-77.1,-77.9,-77.3,-75.6,489.8,488.5,487.2,486.7,487.1,488.6,489.6,490.2,494.1,490.7,487.5,485.7,486.1,487.7,489.8,488.8,487.8,488.0,489.5,491.8,490.0,489.8,489.2,488.7,488.5,488.7,489.3,489.8,473.5,473.2,472.3,471.2,470.6,470.8,471.8,473.2,476.8,474.4,471.8,469.9,470.0,471.4,473.5,471.8,470.7,470.7,472.1,474.6,473.2,472.7,472.3,472.2,472.5,472.9,473.3,473.4,14.6,-38.0,502.6,0.349,0.244,-0.032,0.0,0.0,0.0,0.0,0.0,0.2,0.33,0.0,0.01,0.15,0.0,0.66,0.02,0.46,0.0,0.07
-0.166624,0.403039,-0.899887,-0.200839,0.316016,-0.927253,-0.198,0.375,246.2,247.9,251.8,255.7,257.3,255.9,251.6,247.7,242.2,244.5,248.0,252.5,256.9,260.2,262.4,259.7,255.9,251.8,247.9,244.6,250.1,251.8,253.5,254.2,253.5,251.9,250.2,249.5,299.8,301.5,305.4,309.1,310.5,308.8,305.0,301.0,296.1,297.9,300.8,305.0,309.7,313.5,316.1,313.3,309.5,305.5,301.7,298.3,303.6,305.2,306.8,307.5,306.9,305.3,303.8,303.0,174.9,171.0,169.5,171.4,175.4,179.6,180.8,179.0,175.6,174.1,173.4,173.0,173.7,175.2,177.3,178.8,179.5,179.6,179.0,177.7,176.7,177.5,176.8,175.2,173.4,172.7,173.3,175.0,174.3,170.5,169.0,170.7,174.7,178.6,180.0,178.6,177.3,174.7,172.8,172.1,173.1,174.7,177.2,179.1,180.0,180.2,179.8,179.0,176.1,176.9,176.2,174.6,173.0,172.2,172.9,174.5,-19.1,-17.2,-13.0,-8.8,-7.2,-8.7,-13.2,-17.4,-23.5,-20.8,-17.0,-12.2,-7.6,-4.1,-1.7,-4.6,-8.6,-13.0,-17.2,-20.8,-14.8,-13.0,-11.2,-10.5,-11.2,-12.9,-14.7,-15.5,37.9,39.7,43.7,47.6,49.1,47.3,43.3,39.2,34.2,36.0,38.8,43.2,48.1,52.4,55.4,52.2,48.1,43.8,39.8,36.5,42.0,43.6,45.3,46.0,45.4,43.8,42.1,41.4,-80.2,-84.2,-85.6,-83.6,-79.4,-75.2,-73.9,-75.9,-80.1,-81.2,-81.5,-81.6,-81.0,-79.7,-77.8,-76.1,-75.1,-75.0,-75.8,-77.6,-78.4,-77.6,-78.2,-79.9,-81.7,-82.5,-81.9,-80.2,-80.1,-84.2,-85.6,-83.7,-79.5,-75.4,-73.9,-75.6,-77.5,-79.9,-81.5,-81.9,-81.0,-79.6,-77.4,-75.1,-73.9,-73.6,-74.2,-75.4,-78.2,-77.4,-78.0,-79.7,-81.5,-82.3,-81.7,-80.0,498.5,497.5,496.5,496.2,496.8,498.1,498.8,499.1,502.6,499.3,496.4,494.9,495.6,497.4,499.7,498.6,497.3,497.2,498.4,500.4,499.1,498.9,498.5,498.1,497.8,498.0,498.4,498.8,494.0,493.8,493.3,492.7,492.4,492.6,493.2,494.1,497.4,495.0,492.7,491.1,491.6,493.5,496.0,494.1,492.7,492.4,493.4,495.5,494.2,494.0,493.8,493.7,493.8,494.0,494.3,494.4,16.3,-38.5,502.0,0.355,0.238,-0.028,0.0,0.0,0.0,0.0,0.0,0.11,0.21,0.0,0.0,0.13,0.0,0.52,0.0,0.35,0.0,0.07
-0.18493,0.389834,-0.902125,-0.224352,0.293005,-0.929416,-0.22,0.357,247.6,249.3,253.3,257.3,258.9,257.6,253.2,249.2,243.8,246.1,249.6,254.1,258.7,262.1,264.5,261.7,257.8,253.6,249.6,246.2,251.7,253.4,255.1,255.8,255.1,253.4,251.7,251.0,301.3,303.3,307.5,311.3,312.6,310.6,306.4,302.4,297.7,299.5,302.5,306.9,312.1,316.5,319.6,316.1,311.7,307.3,303.2,299.8,305.4,307.0,308.7,309.5,309.0,307.4,305.7,304.8,174.1,170.0,168.5,170.4,174.6,178.9,180.2,178.3,174.9,173.3,172.5,172.1,172.8,174.3,176.5,178.0,178.8,179.0,178.4,177.0,175.9,176.7,176.1,174.3,172.5,171.7,172.4,174.1,173.4,169.3,167.8,169.8,174.2,178.3,179.8,178.1,176.4,173.8,171.9,171.3,172.5,174.6,177.4,179.2,179.9,179.9,179.2,178.3,175.6,176.4,175.8,174.1,172.2,171.4,172.0,173.7,-17.1,-15.3,-11.1,-6.9,-5.2,-6.7,-11.2,-15.4,-21.2,-18.6,-14.8,-10.2,-5.5,-1.9,0.5,-2.4,-6.4,-10.8,-14.9,-18.5,-12.8,-11.0,-9.2,-8.5,-9.2,-11.0,-12.8,-13.5,35.9,37.8,41.7,45.2,46.4,44.5,40.7,36.9,32.7,34.3,36.9,41.0,45.9,50.2,53.5,49.9,45.6,41.4,37.6,34.6,39.8,41.3,42.9,43.7,43.2,41.7,40.1,39.3,-78.8,-82.9,-84.3,-82.3,-78.0,-73.7,-72.5,-74.5,-78.6,-79.8,-80.2,-80.3,-79.7,-78.4,-76.5,-74.7,-73.7,-73.5,-74.3,-76.1,-77.0,-76.1,-76.7,-78.5,-80.3,-81.2,-80.6,-78.8,-73.7,-77.7,-78.9,-76.7,-72.4,-68.5,-67.2,-69.1,-71.3,-73.6,-74.9,-75.1,-73.9,-72.2,-69.8,-67.8,-67.0,-67.1,-67.9,-69.2,-71.5,-70.6,-71.2,-72.8,-74.6,-75.6,-75.0,-73.4,484.8,483.7,482.6,482.1,482.5,483.8,484.7,485.2,488.8,485.5,482.6,480.9,481.5,483.2,485.4,484.3,483.1,483.1,484.4,486.6,485.1,484.9,484.4,484.0,483.8,484.0,484.5,485.0,449.2,448.9,447.9,446.6,445.8,446.1,447.1,448.8,452.6,450.2,447.5,445.4,445.3,446.5,448.6,446.9,446.0,446.2,447.7,450.3,448.6,448.1,447.7,447.6,447.9,448.4,448.9,449.0,18.0,-39.0,500.0,0.346,0.219,-0.018,0.0,0.0,0.0,0.0,0.0,0.21,0.15,0.0,0.0,0.15,0.0,0.39,0.0,0.22,0.0,0.07
-0.165016,0.403561,-0.899949,-0.222499,0.307038,-0.925322,-0.209,0.371,249.0,250.7,254.8,258.7,260.2,258.8,254.4,250.5,245.0,247.4,250.9,255.4,259.9,263.2,265.5,262.7,258.9,254.7,250.7,247.3,253.0,254.7,256.4,257.1,256.5,254.8,253.1,252.3,302.7,304.6,308.6,312.3,313.5,311.6,307.6,303.7,299.2,301.0,303.9,308.2,313.1,317.2,320.2,316.8,312.7,308.5,304.5,301.2,306.6,308.1,309.8,310.6,310.0,308.5,306.8,306.0,173.2,169.2,167.7,169.6,173.8,178.0,179.2,177.3,173.8,172.4,171.7,171.4,172.1,173.6,175.6,177.1,177.7,177.8,177.2,175.9,175.0,175.8,175.2,173.5,171.7,170.9,171.5,173.2,173.0,169.0,167.5,169.4,173.5,177.5,179.0,177.5,175.8,173.2,171.4,170.8,171.9,173.9,176.6,178.1,178.7,178.6,178.1,177.4,175.0,175.8,175.2,173.5,171.8,171.0,171.7,173.3,-15.9,-14.0,-9.7,-5.5,-3.9,-5.5,-10.1,-14.3,-20.2,-17.6,-13.7,-9.0,-4.3,-0.8,1.6,-1.3,-5.4,-9.8,-14.0,-17.6,-11.6,-9.9,-8.0,-7.2,-7.9,-9.7,-11.5,-12.3,39.2,41.2,45.2,48.8,49.9,48.0,44.1,40.2,35.9,37.6,40.4,44.6,49.4,53.7,57.0,53.4,49.1,44.8,40.9,37.8,43.2,44.7,46.3,47.1,46.6,45.1,43.5,42.7,-81.0,-85.0,-86.4,-84.3,-80.0,-75.8,-74.6,-76.7,-81.0,-82.0,-82.2,-82.2,-81.6,-80.4,-78.6,-76.9,-76.0,-75.9,-76.7,-78.5,-79.1,-78.2,-78.8,-80.5,-82.4,-83.3,-82.7,-81.0,-78.1,-82.2,-83.6,-81.4,-77.1,-73.1,-71.7,-73.5,-75.8,-78.1,-79.5,-79.8,-78.6,-76.9,-74.5,-72.6,-71.9,-71.9,-72.7,-73.8,-76.0,-75.1,-75.7,-77.4,-79.2,-80.1,-79.5,-77.8,492.0,490.9,489.9,489.6,490.1,491.4,492.1,492.5,496.0,492.7,489.9,488.4,489.0,490.8,493.1,491.8,490.5,490.4,491.7,493.8,492.5,492.3,491.9,491.5,491.2,491.4,491.8,492.3,473.6,473.7,472.9,471.6,470.6,470.5,471.4,473.0,476.7,474.4,472.0,470.1,470.1,471.3,473.3,471.4,470.3,470.3,471.7,474.3,473.1,472.6,472.2,472.2,472.6,473.2,473.5,473.5,18.9,-39.7,500.3,0.338,0.22,-0.011,0.0,0.0,0.0,0.0,0.0,0.28,0.13,0.0,0.0,0.07,0.0,0.37,0.0,0.17,0.0,0.0
-0.185635,0.372234,-0.909385,-0.240333,0.271901,-0.931832,-0.227,0.337,249.8,251.6,255.6,259.5,260.9,259.3,255.0,251.2,246.1,248.4,251.9,256.3,260.7,264.0,266.2,263.4,259.6,255.4,251.6,248.3,253.7,255.4,257.1,257.8,257.2,255.6,253.9,253.1,303.8,305.9,310.0,313.8,314.9,312.8,308.6,304.7,300.2,302.1,305.1,309.6,314.7,319.1,322.1,318.5,314.1,309.7,305.6,302.3,307.7,309.3,311.0,311.9,311.4,309.9,308.1,307.2,171.9,168.0,166.5,168.5,172.7,177.0,178.1,176.1,173.1,171.2,170.3,169.9,170.8,172.7,175.2,176.5,176.9,176.9,176.3,175.0,173.9,174.7,174.1,172.4,170.7,169.8,170.4,172.1,172.0,167.9,166.5,168.6,173.0,177.1,178.5,176.7,175.1,172.4,170.5,170.0,171.4,173.6,176.7,178.3,178.8,178.6,177.9,177.0,174.3,175.2,174.6,172.8,171.0,170.1,170.7,172.4,-15.1,-13.1,-8.8,-4.8,-3.3,-4.9,-9.5,-13.6,-19.1,-16.6,-12.8,-8.1,-3.4,0.0,2.4,-0.6,-4.7,-9.1,-13.1,-16.7,-10.9,-9.2,-7.3,-6.5,-7.1,-8.9,-10.7,-11.5,38.2,40.3,44.1,47.6,48.6,46.6,42.7,39.1,35.1,36.7,39.3,43.5,48.4,52.7,55.8,52.1,47.9,43.7,39.9,36.9,42.0,43.4,45.1,45.9,45.5,44.0,42.4,41.5,-82.7,-86.8,-88.1,-85.9,-81.5,-77.1,-76.0,-78.2,-82.1,-83.5,-84.1,-84.2,-83.3,-81.6,-79.3,-77.7,-77.1,-77.0,-77.9,-79.6,-80.6,-79.6,-80.2,-82.0,-83.9,-84.8,-84.2,-82.5,-75.0,-78.9,-80.1,-77.8,-73.5,-69.6,-68.5,-70.4,-72.5,-74.8,-76.2,-76.3,-74.9,-73.0,-70.4,-68.6,-68.0,-68.2,-69.1,-70.4,-72.8,-71.8,-72.3,-73.9,-75.8,-76.7,-76.2,-74.6,494.1,493.5,492.5,491.8,491.7,492.6,493.3,494.1,498.0,494.9,492.1,490.5,490.9,492.4,494.3,493.1,491.9,491.9,493.3,495.6,494.2,493.9,493.5,493.2,493.2,493.6,494.0,494.3,448.8,448.7,447.6,446.3,445.5,445.6,446.7,448.3,452.1,449.7,447.1,445.1,444.9,446.2,448.3,446.6,445.6,445.7,447.2,449.8,448.3,447.7,447.3,447.2,447.5,448.1,448.5,448.6,19.6,-39.8,498.1,0.333,0.221,-0.002,0.0,0.0,0.0,0.0,0.0,0.35,0.09,0.0,0.0,0.06,0.0,0.46,0.0,0.09,0.0,0.25
-0.204293,0.37952,-0.902346,-0.246458,0.274673,-0.929415,-0.241,0.343,250.5,252.3,256.3,260.1,261.5,260.0,255.7,252.0,247.3,249.3,252.5,256.9,261.6,265.1,267.6,264.6,260.5,256.2,252.4,249.3,254.6,256.2,257.8,258.6,258.0,256.4,254.7,254.0,304.6,306.7,310.8,314.5,315.5,313.4,309.3,305.4,301.3,303.2,306.1,310.5,315.6,319.9,323.0,319.3,314.8,310.4,306.3,303.1,308.5,310.0,311.7,312.6,312.2,310.7,309.0,308.1,171.1,167.1,165.6,167.7,172.0,176.3,177.5,175.4,172.3,170.3,169.3,168.9,170.0,171.9,174.6,175.9,176.3,176.3,175.6,174.3,173.2,174.0,173.4,171.7,169.9,169.0,169.6,171.3,171.4,167.3,165.8,167.7,171.9,176.0,177.5,175.9,174.3,171.6,169.6,169.0,170.4,172.8,176.0,177.2,177.5,177.2,176.5,175.9,173.5,174.3,173.7,172.0,170.2,169.4,170.1,171.8,-13.8,-12.0,-7.9,-4.0,-2.6,-4.1,-8.5,-12.4,-17.3,-15.1,-11.7,-7.2,-2.5,1.1,3.7,0.6,-3.6,-7.9,-11.9,-15.1,-9.7,-8.0,-6.3,-5.5,-6.1,-7.8,-9.5,-10.3,39.2,41.3,45.2,48.5,49.3,47.2,43.4,39.9,36.2,37.9,40.5,44.5,49.3,53.5,56.7,52.9,48.6,44.4,40.6,37.8,42.9,44.2,45.8,46.7,46.4,45.0,43.4,42.5,-81.1,-85.1,-86.3,-84.0,-79.6,-75.3,-74.4,-76.6,-80.7,-82.1,-82.6,-82.6,-81.5,-79.7,-77.2,-75.8,-75.2,-75.3,-76.3,-78.1,-78.9,-78.0,-78.5,-80.2,-82.1,-83.0,-82.5,-80.8,-75.9,-79.9,-81.2,-79.0,-74.7,-70.8,-69.5,-71.3,-73.6,-75.9,-77.4,-77.6,-76.1,-74.0,-71.2,-69.7,-69.3,-69.6,-70.5,-71.6,-73.7,-72.8,-73.4,-75.0,-76.8,-77.7,-77.1,-75.5,479.9,478.9,477.3,476.1,475.9,477.0,478.4,479.7,484.3,480.8,477.4,475.2,475.1,476.2,478.0,477.1,476.4,477.0,478.8,481.6,479.4,478.9,478.2,477.8,477.9,478.4,479.1,479.5,450.7,451.0,449.9,448.1,446.6,446.3,447.4,449.5,453.7,451.4,448.9,446.8,446.3,447.1,448.7,446.8,445.9,446.3,448.0,450.9,449.6,448.8,448.4,448.5,449.1,449.9,450.3,450.2,20.3,-40.2,496.0,0.334,0.218,0.001,0.0,0.0,0.0,0.0,0.0,0.37,0.04,0.0,0.0,0.03,0.0,0.64,0.0,0.05,0.01,0.63
-0.206042,0.383886,-0.900099,-0.204173,0.33967,-0.918116,-0.222,0.379,251.5,253.4,257.4,261.1,262.4,260.9,256.6,252.9,248.3,250.3,253.5,257.9,262.6,266.2,268.7,265.6,261.4,257.1,253.3,250.2,255.6,257.1,258.8,259.6,259.0,257.4,255.8,255.0,305.5,307.2,311.1,314.8,316.1,314.4,310.5,306.6,301.8,303.8,306.8,311.0,315.4,319.0,321.5,318.8,315.2,311.3,307.4,304.1,309.2,310.7,312.4,313.1,312.5,311.0,309.4,308.6,170.2,166.1,164.6,166.7,171.0,175.5,176.6,174.6,171.6,169.5,168.3,167.9,169.1,171.2,174.0,175.2,175.4,175.4,174.8,173.5,172.3,173.1,172.5,170.8,169.0,168.1,168.7,170.5,170.9,167.1,165.8,167.6,171.6,175.4,176.7,175.1,172.8,170.5,169.0,168.5,169.4,170.8,173.0,174.7,175.6,175.8,175.3,174.4,172.7,173.5,172.9,171.3,169.7,168.9,169.5,171.1,-12.6,-10.7,-6.7,-2.9,-1.6,-3.1,-7.5,-11.3,-16.0,-13.9,-10.6,-6.2,-1.4,2.2,4.7,1.6,-2.6,-7.0,-10.8,-14.0,-8.5,-6.9,-5.3,-4.5,-5.0,-6.6,-8.3,-9.1,45.2,47.1,51.3,55.3,56.8,54.9,50.8,46.5,41.5,43.5,46.5,51.0,55.9,60.1,63.1,59.9,55.8,51.5,47.4,43.9,49.4,51.1,52.8,53.6,53.0,51.3,49.5,48.8,-80.8,-84.9,-86.1,-83.7,-79.3,-75.0,-74.0,-76.3,-80.2,-81.8,-82.3,-82.3,-81.1,-79.2,-76.6,-75.3,-74.9,-75.1,-76.0,-77.7,-78.6,-77.7,-78.2,-79.8,-81.7,-82.7,-82.2,-80.5,-86.3,-90.4,-91.8,-89.7,-85.4,-81.4,-80.0,-81.8,-84.8,-86.9,-88.1,-88.4,-87.6,-86.5,-84.5,-82.3,-81.1,-80.8,-81.4,-82.7,-84.4,-83.6,-84.2,-85.9,-87.7,-88.5,-87.9,-86.2,472.8,472.0,470.3,468.9,468.4,469.4,470.8,472.3,477.3,473.8,470.4,468.0,467.7,468.7,470.2,469.3,468.7,469.4,471.4,474.4,472.1,471.5,470.8,470.4,470.6,471.3,471.9,472.3,509.4,508.9,508.4,508.1,508.4,508.9,509.5,510.0,512.4,510.0,507.8,506.5,507.3,509.5,512.2,510.3,508.6,508.0,508.8,510.7,510.0,510.0,509.7,509.5,509.4,509.5,509.7,509.9,20.7,-41.1,496.5,0.32,0.227,0.008,0.0,0.02,0.0,0.0,0.0,0.35,0.0,0.0,0.0,0.03,0.0,0.79,0.0,0.02,0.1,1.06
-0.190497,0.363744,-0.911812,-0.256358,0.282522,-0.924371,-0.239,0.338,252.1,254.0,258.1,261.9,263.3,261.7,257.3,253.4,248.5,250.7,254.0,258.5,263.1,266.6,269.0,266.0,261.8,257.5,253.7,250.6,256.1,257.7,259.5,260.3,259.7,258.1,256.4,255.6,306.0,308.1,312.0,315.6,316.6,314.5,310.5,306.8,302.7,304.5,307.4,311.7,316.6,320.8,323.8,320.2,315.9,311.6,307.7,304.6,309.7,311.2,312.9,313.8,313.3,311.8,310.2,309.3,169.1,164.9,163.4,165.4,169.7,174.2,175.4,173.4,170.7,168.4,167.2,166.7,167.7,169.8,172.7,173.9,174.2,174.2,173.6,172.5,171.2,172.0,171.3,169.6,167.7,166.9,167.6,169.3,169.9,165.9,164.6,166.7,170.9,174.8,176.2,174.4,172.4,169.8,168.0,167.6,169.1,171.4,174.5,175.9,176.3,176.0,175.2,174.2,172.1,172.9,172.4,170.7,168.9,168.1,168.6,170.3,-12.1,-10.2,-6.0,-2.1,-0.7,-2.3,-6.8,-10.8,-15.9,-13.6,-10.1,-5.6,-0.9,2.6,5.1,2.0,-2.2,-6.5,-10.4,-13.7,-8.0,-6.3,-4.6,-3.7,-4.3,-6.0,-7.8,-8.6,41.7,43.8,47.6,50.9,51.8,49.8,46.0,42.4,38.7,40.4,42.9,47.0,51.8,56.1,59.2,55.5,51.1,47.0,43.2,40.4,45.4,46.8,48.4,49.2,48.8,47.4,45.8,45.0,-82.4,-86.5,-87.9,-85.6,-81.1,-76.7,-75.6,-77.9,-81.5,-83.2,-84.0,-84.1,-83.0,-81.0,-78.4,-77.0,-76.5,-76.6,-77.5,-79.1,-80.2,-79.2,-79.8,-81.6,-83.5,-84.4,-83.8,-82.1,-79.6,-83.5,-84.6,-82.3,-77.9,-74.1,-73.0,-75.0,-77.7,-79.9,-81.2,-81.2,-79.7,-77.6,-74.9,-73.1,-72.6,-72.9,-74.0,-75.4,-77.3,-76.3,-76.8,-78.4,-80.3,-81.2,-80.8,-79.1,475.0,474.7,473.5,472.1,471.4,471.9,473.0,474.3,479.2,476.1,473.0,471.0,470.8,471.8,473.2,472.1,471.3,471.7,473.6,476.4,474.5,473.9,473.4,473.2,473.5,474.1,474.6,474.8,463.7,463.5,462.3,460.8,459.8,460.0,461.3,463.1,466.9,464.5,461.8,459.7,459.4,460.5,462.4,460.7,459.8,460.1,461.7,464.5,462.9,462.3,461.8,461.7,462.1,462.7,463.3,463.3,21.1,-41.9,495.6,0.315,0.232,0.016,0.0,0.02,0.0,0.0,0.0,0.33,0.0,0.0,0.01,0.08,0.0,0.86,0.0,0.15,0.1,1.01
-0.172274,0.374294,-0.911167,-0.222367,0.33795,-0.914518,-0.213,0.372,252.7,254.6,258.7,262.5,263.9,262.3,257.9,254.1,248.9,251.2,254.5,258.9,263.4,266.8,269.1,266.2,262.2,258.0,254.2,251.0,256.7,258.3,260.1,260.9,260.3,258.7,256.9,256.1,306.4,308.2,312.0,315.8,317.2,315.5,311.6,307.6,302.7,304.8,307.9,312.3,316.7,320.3,322.6,320.1,316.6,312.7,308.7,305.1,310.2,311.8,313.4,314.1,313.5,311.9,310.3,309.6,168.1,164.0,162.5,164.5,168.8,173.1,174.3,172.3,169.3,167.3,166.2,165.8,166.8,168.8,171.5,172.7,173.1,173.1,172.4,171.2,170.1,171.0,170.3,168.6,166.8,165.9,166.5,168.3,169.7,165.9,164.4,166.2,170.1,174.0,175.4,173.9,171.8,169.3,167.7,167.2,167.9,169.2,171.3,173.2,174.2,174.5,174.1,173.3,171.4,172.1,171.5,169.9,168.3,167.6,168.2,169.8,-11.8,-9.8,-5.5,-1.5,-0.1,-1.7,-6.3,-10.3,-15.9,-13.4,-9.8,-5.3,-0.6,2.9,5.3,2.3,-1.8,-6.2,-10.2,-13.6,-7.6,-5.9,-4.1,-3.2,-3.8,-5.6,-7.4,-8.3,45.7,47.5,51.7,55.7,57.3,55.5,51.4,47.1,41.9,44.0,47.1,51.7,56.6,60.8,63.7,60.7,56.7,52.4,48.1,44.4,49.9,51.6,53.3,54.0,53.3,51.7,50.0,49.3,-85.5,-89.7,-91.0,-88.8,-84.3,-79.9,-78.8,-81.0,-84.9,-86.5,-87.1,-87.2,-86.2,-84.4,-81.8,-80.4,-79.8,-79.9,-80.8,-82.4,-83.3,-82.4,-83.0,-84.8,-86.7,-87.7,-87.1,-85.3,-86.5,-90.6,-92.1,-90.2,-86.0,-82.0,-80.5,-82.1,-84.8,-87.0,-88.3,-88.8,-88.2,-87.3,-85.5,-83.1,-81.7,-81.3,-81.7,-82.9,-84.9,-84.1,-84.7,-86.4,-88.1,-88.9,-88.2,-86.6,487.0,486.6,485.6,484.7,484.3,484.9,485.6,486.6,491.1,488.1,485.2,483.4,483.5,484.7,486.3,485.2,484.1,484.3,485.9,488.5,486.9,486.4,486.0,485.8,486.0,486.4,486.9,487.0,502.8,502.3,502.0,502.1,502.6,503.2,503.5,503.7,505.5,503.2,501.2,500.2,501.4,504.1,507.1,505.0,503.1,502.2,502.5,504.1,503.8,503.8,503.7,503.5,503.3,503.2,503.3,503.6,21.4,-43.1,496.5,0.301,0.228,0.022,0.0,0.02,0.0,0.0,0.0,0.25,0.0,0.0,0.04,0.08,0.0,0.84,0.0,0.27,0.08,0.68
-0.188284,0.368097,-0.910524,-0.205263,0.316187,-0.926225,-0.211,0.357,253.4,255.4,259.5,263.4,264.7,263.1,258.6,254.8,249.8,252.1,255.5,259.9,264.5,268.0,270.3,267.3,263.2,258.9,255.1,251.9,257.5,259.1,260.9,261.7,261.2,259.5,257.7,256.9,307.3,309.2,313.1,316.9,318.2,316.4,312.4,308.4,303.4,305.6,308.8,313.1,317.5,321.0,323.2,320.7,317.2,313.4,309.4,305.9,311.0,312.6,314.3,315.1,314.5,312.9,311.3,310.5,166.9,162.8,161.3,163.4,167.8,172.2,173.4,171.3,168.1,166.1,165.1,164.7,165.9,168.0,170.8,171.9,172.2,172.0,171.4,170.1,169.1,169.9,169.3,167.5,165.7,164.8,165.4,167.2,168.5,164.7,163.3,165.2,169.2,173.0,174.4,172.8,170.6,168.2,166.7,166.2,167.0,168.3,170.5,172.4,173.5,173.8,173.3,172.3,170.3,171.1,170.5,168.9,167.2,166.4,167.0,168.6,-10.8,-8.8,-4.6,-0.6,0.7,-0.9,-5.5,-9.4,-14.6,-12.2,-8.7,-4.2,0.5,4.0,6.4,3.3,-0.8,-5.1,-9.1,-12.4,-6.7,-5.0,-3.2,-2.3,-2.9,-4.6,-6.4,-7.3,46.6,48.5,52.7,56.7,58.2,56.3,52.1,47.8,42.6,44.7,47.9,52.5,57.3,61.4,64.2,61.2,57.2,53.0,48.8,45.1,50.6,52.4,54.1,55.0,54.3,52.6,50.8,50.0,-84.9,-89.0,-90.3,-87.9,-83.4,-79.0,-78.0,-80.3,-84.3,-85.8,-86.4,-86.3,-85.2,-83.3,-80.7,-79.4,-79.0,-79.1,-80.1,-81.9,-82.6,-81.6,-82.2,-83.9,-85.9,-86.9,-86.3,-84.6,-87.5,-91.5,-92.9,-91.0,-86.8,-82.8,-81.4,-83.1,-85.7,-87.9,-89.2,-89.6,-88.9,-88.0,-86.2,-83.8,-82.3,-81.8,-82.4,-83.7,-85.8,-84.9,-85.5,-87.2,-89.0,-89.8,-89.2,-87.5,476.7,476.2,475.0,473.8,473.3,474.1,475.1,476.3,480.9,477.7,474.6,472.7,472.6,473.8,475.3,474.3,473.4,473.7,475.5,478.2,476.4,475.9,475.3,475.1,475.3,475.8,476.3,476.6,501.2,500.6,500.4,500.7,501.3,501.9,502.2,502.2,503.9,501.6,499.6,498.7,499.9,502.6,505.6,503.7,501.8,500.9,501.2,502.6,502.3,502.5,502.4,502.1,501.9,501.7,501.8,502.1,21.9,-44.4,497.4,0.29,0.228,0.031,0.08,0.27,0.0,0.14,0.0,0.22,0.0,0.0,0.04,0.08,0.07,0.65,0.0,0.37,0.0,0.47
-0.199247,0.353937,-0.913799,-0.270163,0.258554,-0.927449,-0.25,0.321,254.5,256.4,260.5,264.4,265.7,264.0,259.6,255.8,250.8,253.1,256.5,260.9,265.4,268.8,271.1,268.1,264.1,259.9,256.1,252.9,258.4,260.1,261.8,262.7,262.1,260.5,258.7,257.9,308.2,310.6,314.9,318.6,319.5,317.1,312.8,308.9,304.7,306.8,309.9,314.5,319.6,324.0,327.0,323.2,318.6,314.1,309.9,306.6,312.2,313.7,315.5,316.5,316.1,314.6,312.8,311.8,163.7,159.6,158.2,160.3,164.7,169.1,170.1,168.0,164.7,162.8,161.9,161.6,162.7,164.8,167.6,168.7,169.0,168.9,168.1,166.8,165.9,166.8,166.2,164.4,162.5,161.6,162.2,164.0,165.8,161.7,160.3,162.5,167.0,171.1,172.5,170.6,168.5,165.7,163.8,163.4,165.2,167.8,171.2,172.3,172.4,171.9,171.1,170.2,168.2,169.1,168.6,166.9,165.0,164.1,164.7,166.4,-9.9,-7.8,-3.6,0.4,1.7,0.0,-4.5,-8.5,-13.7,-11.3,-7.7,-3.2,1.5,4.9,7.3,4.2,0.1,-4.3,-8.2,-11.5,-5.8,-4.1,-2.2,-1.3,-1.9,-3.6,-5.5,-6.3,41.5,43.7,47.7,50.9,51.6,49.3,45.4,42.0,38.4,40.2,42.9,46.9,51.7,55.8,58.8,55.0,50.7,46.5,42.8,40.0,45.1,46.4,48.0,49.0,48.7,47.3,45.7,44.8,-89.3,-93.3,-94.5,-92.2,-87.7,-83.3,-82.4,-84.7,-88.9,-90.3,-90.8,-90.7,-89.5,-87.7,-85.1,-83.7,-83.2,-83.4,-84.5,-86.4,-87.0,-86.0,-86.5,-88.3,-90.2,-91.2,-90.7,-88.9,-79.0,-82.9,-83.9,-81.5,-77.1,-73.3,-72.2,-74.3,-77.0,-79.2,-80.5,-80.5,-78.8,-76.5,-73.6,-72.2,-72.0,-72.5,-73.6,-74.9,-76.5,-75.5,-76.0,-77.6,-79.4,-80.4,-80.0,-78.4,482.7,482.0,480.8,479.8,479.5,480.4,481.4,482.4,486.7,483.5,480.5,478.6,478.7,479.9,481.6,480.6,479.6,479.9,481.6,484.1,482.5,482.0,481.5,481.2,481.3,481.8,482.3,482.6,437.7,437.8,436.7,434.9,433.6,433.5,434.7,436.7,440.7,438.5,436.0,433.8,433.4,434.2,435.8,434.1,433.2,433.5,435.2,438.1,436.7,436.0,435.5,435.5,436.1,436.8,437.3,437.3,22.3,-45.9,491.6,0.279,0.242,0.047,0.2,0.52,0.0,0.26,0.0,0.12,0.0,0.0,0.03,0.01,0.22,0.41,0.0,0.26,0.09,0.57
-0.207393,0.369047,-0.905976,-0.286441,0.281423,-0.915834,-0.265,0.343,255.3,257.3,261.4,265.2,266.5,264.8,260.4,256.6,251.8,254.0,257.3,261.7,266.2,269.6,271.9,268.9,264.8,260.6,256.8,253.8,259.3,260.9,262.7,263.5,263.0,261.3,259.6,258.7,308.8,311.1,315.3,318.9,319.8,317.5,313.3,309.5,305.5,307.5,310.5,314.9,320.0,324.4,327.6,323.6,319.0,314.5,310.4,307.3,312.8,314.2,315.9,316.9,316.5,315.0,313.3,312.4,161.9,157.9,156.5,158.7,163.0,167.4,168.4,166.3,162.8,160.8,159.8,159.6,160.8,163.0,165.9,167.0,167.2,167.0,166.2,164.8,164.1,165.1,164.5,162.7,160.8,159.9,160.5,162.3,164.4,160.3,159.0,161.2,165.8,169.9,171.2,169.2,166.5,164.0,162.4,162.1,163.9,166.4,169.6,170.8,171.0,170.5,169.5,168.4,166.8,167.7,167.2,165.5,163.7,162.7,163.3,164.9,-9.0,-6.9,-2.7,1.2,2.5,0.8,-3.8,-7.7,-12.7,-10.4,-6.9,-2.4,2.3,5.7,8.1,5.0,0.9,-3.5,-7.4,-10.6,-4.9,-3.2,-1.4,-0.5,-1.1,-2.7,-4.6,-5.5,42.5,44.6,48.4,51.6,52.4,50.2,46.4,43.0,39.6,41.3,43.8,47.8,52.5,56.7,59.9,56.0,51.6,47.4,43.7,41.0,46.1,47.4,48.9,49.8,49.5,48.2,46.7,45.8,-91.0,-95.0,-96.2,-93.8,-89.2,-84.9,-84.0,-86.4,-90.9,-92.3,-92.7,-92.6,-91.3,-89.4,-86.7,-85.4,-85.0,-85.3,-86.4,-88.3,-88.7,-87.6,-88.1,-89.9,-91.8,-92.9,-92.4,-90.6,-81.1,-84.9,-85.9,-83.4,-79.0,-75.2,-74.2,-76.4,-79.7,-81.6,-82.6,-82.4,-80.7,-78.5,-75.8,-74.3,-74.1,-74.6,-75.9,-77.4,-78.6,-77.6,-78.0,-79.6,-81.4,-82.4,-82.0,-80.5,482.3,481.5,480.2,479.1,478.8,479.7,480.8,482.0,486.4,483.2,480.1,478.1,478.0,479.1,480.7,479.7,478.9,479.3,481.0,483.7,481.9,481.5,480.9,480.6,480.7,481.2,481.8,482.1,442.1,441.8,440.4,438.6,437.6,437.9,439.3,441.4,445.4,442.9,440.1,437.8,437.2,438.1,439.8,438.2,437.5,437.9,439.7,442.8,441.1,440.3,439.8,439.6,440.1,440.8,441.4,441.5,22.6,-47.7,491.3,0.278,0.252,0.057,0.37,0.78,0.0,0.39,0.0,0.02,0.0,0.0,0.0,0.01,0.39,0.21,0.0,0.18,0.19,0.76
-0.216759,0.376424,-0.900733,-0.276591,0.285662,-0.917548,-0.265,0.349,255.3,257.3,261.4,265.2,266.5,264.8,260.4,256.6,251.9,254.1,257.4,261.7,266.3,269.8,272.1,269.0,264.9,260.7,256.9,253.8,259.3,260.9,262.7,263.5,263.0,261.4,259.6,258.8,308.9,311.2,315.3,318.9,319.9,317.6,313.4,309.6,305.5,307.4,310.4,314.9,320.0,324.3,327.5,323.6,319.0,314.6,310.4,307.2,312.8,314.3,316.0,316.9,316.5,315.1,313.4,312.4,161.9,157.9,156.5,158.7,163.1,167.5,168.5,166.4,162.8,160.9,159.9,159.7,160.9,163.1,166.1,167.1,167.3,167.1,166.2,164.9,164.2,165.1,164.5,162.8,160.9,160.0,160.5,162.3,164.4,160.3,159.0,161.3,165.7,169.8,171.1,169.2,166.6,164.1,162.4,162.1,163.8,166.3,169.5,170.8,170.9,170.4,169.5,168.5,166.8,167.7,167.1,165.5,163.7,162.8,163.3,164.9,-8.9,-6.8,-2.6,1.2,2.5,0.8,-3.7,-7.6,-12.4,-10.2,-6.7,-2.3,2.3,5.8,8.3,5.1,0.9,-3.4,-7.3,-10.4,-4.8,-3.1,-1.3,-0.5,-1.0,-2.7,-4.4,-5.3,42.8,45.0,48.8,52.1,52.8,50.7,46.9,43.4,39.9,41.5,44.1,48.1,52.9,57.1,60.3,56.4,52.0,47.8,44.1,41.3,46.5,47.8,49.4,50.2,49.9,48.6,47.1,46.2,-89.9,-93.9,-95.0,-92.6,-88.0,-83.7,-82.9,-85.3,-89.8,-91.2,-91.6,-91.4,-90.0,-88.0,-85.3,-84.1,-83.8,-84.1,-85.3,-87.2,-87.5,-86.5,-87.0,-88.7,-90.6,-91.7,-91.2,-89.5,-81.7,-85.5,-86.5,-84.1,-79.7,-75.9,-74.9,-77.0,-80.2,-82.2,-83.3,-83.1,-81.4,-79.3,-76.5,-75.0,-74.8,-75.3,-76.5,-77.9,-79.3,-78.3,-78.7,-80.3,-82.1,-83.1,-82.7,-81.1,476.4,475.7,474.2,472.9,472.5,473.5,474.8,476.1,480.8,477.5,474.2,472.0,471.8,472.8,474.3,473.5,472.8,473.3,475.2,478.0,476.0,475.4,474.8,474.4,474.6,475.2,475.8,476.1,445.4,445.2,443.9,442.2,441.2,441.4,442.7,444.7,448.8,446.3,443.6,441.3,440.9,441.8,443.6,441.9,441.1,441.5,443.2,446.2,444.5,443.8,443.3,443.2,443.6,444.3,444.8,444.9,22.6,-47.9,491.1,0.288,0.246,0.062,0.54,0.8,0.0,0.49,0.0,0.09,0.0,0.0,0.0,0.01,0.52,0.1,0.0,0.08,0.52,1.04
-0.207233,0.368985,-0.906038,-0.297834,0.279901,-0.912661,-0.271,0.343,256.3,258.4,262.5,266.3,267.6,265.8,261.4,257.6,252.4,254.8,258.3,262.8,267.4,270.7,272.9,269.9,265.9,261.6,257.8,254.5,260.3,261.9,263.7,264.5,264.0,262.4,260.6,259.7,309.8,312.1,316.3,319.9,320.8,318.4,314.3,310.4,306.4,308.4,311.5,316.1,321.3,325.6,328.4,324.7,320.2,315.7,311.5,308.2,313.7,315.1,316.8,317.8,317.4,315.9,314.3,313.3,159.6,155.6,154.2,156.4,160.7,165.1,166.1,164.0,160.7,158.7,157.7,157.5,158.8,161.0,163.9,164.9,165.1,164.8,164.0,162.7,161.9,162.8,162.2,160.5,158.6,157.7,158.3,160.0,162.4,158.4,157.3,159.7,164.2,168.2,169.3,167.2,164.5,162.0,160.5,160.4,162.3,164.8,168.1,169.4,169.5,169.0,167.8,166.5,164.8,165.8,165.4,163.7,161.9,161.0,161.4,163.0,-7.9,-5.8,-1.5,2.4,3.6,1.9,-2.7,-6.6,-11.9,-9.4,-5.8,-1.2,3.5,6.9,9.1,6.0,1.9,-2.4,-6.4,-9.7,-3.8,-2.2,-0.3,0.6,0.0,-1.7,-3.5,-4.4,43.5,45.6,49.5,52.7,53.5,51.4,47.6,44.1,40.6,42.3,44.9,49.1,53.9,58.1,61.1,57.3,53.0,48.8,45.0,42.1,47.2,48.5,50.0,50.9,50.5,49.2,47.7,46.8,-92.6,-96.6,-97.8,-95.4,-90.9,-86.6,-85.7,-88.0,-92.3,-93.7,-94.2,-94.0,-92.7,-90.7,-88.1,-86.8,-86.5,-86.7,-87.8,-89.7,-90.3,-89.2,-89.8,-91.5,-93.4,-94.4,-93.9,-92.2,-83.3,-87.0,-87.8,-85.2,-80.8,-77.2,-76.3,-78.6,-81.9,-83.8,-84.7,-84.3,-82.5,-80.4,-77.7,-76.2,-75.9,-76.5,-77.8,-79.5,-80.8,-79.8,-80.1,-81.6,-83.4,-84.4,-84.1,-82.6,478.0,477.5,476.4,475.5,475.1,475.8,476.7,477.7,482.2,479.0,476.0,474.2,474.3,475.6,477.2,476.1,475.1,475.3,476.9,479.5,477.9,477.4,477.0,476.7,476.9,477.3,477.8,478.0,443.6,443.0,441.6,440.2,439.6,440.2,441.6,443.3,446.9,444.3,441.5,439.3,439.2,440.5,442.7,441.0,440.1,440.3,441.8,444.6,442.9,442.3,441.8,441.5,441.8,442.3,442.9,443.1,22.9,-49.2,487.1,0.286,0.253,0.074,0.7,0.86,0.0,0.58,0.0,0.09,0.0,0.0,0.0,0.01,0.46,0.04,0.0,0.04,0.95,1.42
-0.221217,0.372935,-0.901101,-0.303873,0.260225,-0.916485,-0.281,0.335,257.4,259.4,263.6,267.4,268.6,266.9,262.4,258.6,253.6,256.0,259.5,264.0,268.5,271.9,274.2,271.1,267.0,262.7,258.9,255.7,261.3,263.0,264.7,265.6,265.1,263.5,261.7,260.8,310.8,313.2,317.4,320.9,321.8,319.4,315.2,311.4,307.4,309.4,312.5,317.1,322.3,326.7,329.7,325.8,321.1,316.6,312.4,309.2,314.7,316.2,317.9,318.8,318.5,317.0,315.3,314.4,157.5,153.4,152.1,154.2,158.7,163.1,164.1,161.9,158.4,156.4,155.3,155.2,156.5,158.8,161.7,162.8,163.0,162.7,161.9,160.5,159.8,160.7,160.1,158.4,156.5,155.6,156.1,157.9,160.2,156.2,155.1,157.6,162.2,166.3,167.3,165.1,162.4,159.9,158.4,158.4,160.3,162.9,166.2,167.7,167.8,167.2,166.0,164.6,162.8,163.8,163.3,161.7,159.8,158.8,159.2,160.9,-6.8,-4.6,-0.4,3.5,4.7,2.9,-1.6,-5.5,-10.6,-8.1,-4.6,-0.0,4.6,8.0,10.3,7.2,3.0,-1.3,-5.2,-8.5,-2.7,-1.1,0.7,1.7,1.1,-0.5,-2.3,-3.2,43.6,45.7,49.4,52.5,53.3,51.2,47.5,44.1,40.7,42.4,44.9,48.9,53.7,57.9,61.0,57.1,52.7,48.6,44.9,42.2,47.1,48.4,49.9,50.8,50.5,49.2,47.7,46.8,-94.2,-98.3,-99.4,-97.0,-92.4,-88.1,-87.2,-89.6,-94.1,-95.6,-96.0,-95.8,-94.5,-92.4,-89.7,-88.4,-88.0,-88.3,-89.5,-91.5,-91.9,-90.8,-91.3,-93.0,-95.0,-96.0,-95.6,-93.8,-83.6,-87.2,-87.9,-85.3,-80.9,-77.3,-76.6,-79.0,-82.2,-84.0,-84.8,-84.4,-82.6,-80.4,-77.7,-76.1,-75.8,-76.4,-77.9,-79.7,-81.1,-80.0,-80.3,-81.8,-83.6,-84.6,-84.3,-82.9,475.4,474.9,473.7,472.6,472.2,472.9,473.9,475.0,479.5,476.4,473.3,471.4,471.4,472.6,474.1,473.0,472.1,472.4,474.1,476.8,475.1,474.6,474.1,473.9,474.1,474.6,475.1,475.3,434.4,433.7,432.2,430.7,430.1,430.8,432.4,434.2,437.9,435.1,432.2,429.9,429.6,430.8,433.0,431.4,430.7,431.1,432.7,435.5,433.6,433.0,432.4,432.1,432.3,432.9,433.6,433.9,23.3,-50.1,481.8,0.277,0.263,0.083,0.84,0.88,0.0,0.68,0.0,0.09,0.0,0.0,0.0,0.0,0.35,0.0,0.0,0.0,1.46,1.94
-0.211348,0.36718,-0.905821,-0.297185,0.25833,-0.91921,-0.272,0.33,258.4,260.5,264.6,268.4,269.6,267.9,263.4,259.6,254.5,256.8,260.3,264.6,269.1,272.5,274.9,271.9,267.8,263.6,259.8,256.6,262.3,264.0,265.7,266.6,266.1,264.5,262.7,261.8,311.8,314.3,318.5,322.1,323.0,320.6,316.3,312.4,308.3,310.3,313.5,318.1,323.3,327.5,330.4,326.6,322.1,317.6,313.4,310.1,315.7,317.2,319.0,320.0,319.6,318.1,316.4,315.4,155.7,151.6,150.3,152.3,156.7,161.1,162.1,160.0,156.9,154.8,153.7,153.3,154.4,156.5,159.3,160.6,160.8,160.7,160.0,158.8,157.9,158.8,158.2,156.5,154.6,153.7,154.3,156.1,158.8,154.8,153.8,156.4,161.0,164.9,165.9,163.7,161.0,158.5,157.1,157.1,159.0,161.5,164.8,166.3,166.6,166.0,164.8,163.3,161.4,162.4,162.0,160.4,158.5,157.4,157.9,159.5,-5.8,-3.6,0.6,4.5,5.8,4.0,-0.6,-4.5,-9.9,-7.4,-3.9,0.6,5.2,8.8,11.2,8.1,3.9,-0.4,-4.4,-7.7,-1.7,-0.0,1.8,2.7,2.2,0.5,-1.3,-2.2,45.0,47.2,51.1,54.3,55.1,52.9,49.0,45.6,42.0,43.7,46.4,50.5,55.3,59.4,62.4,58.6,54.3,50.1,46.4,43.6,48.6,50.0,51.6,52.5,52.2,50.8,49.2,48.3,-97.3,-101.5,-102.7,-100.3,-95.7,-91.3,-90.4,-92.7,-96.9,-98.4,-99.0,-99.0,-97.9,-95.9,-93.3,-91.8,-91.4,-91.6,-92.6,-94.3,-95.0,-94.0,-94.5,-96.2,-98.2,-99.2,-98.7,-96.9,-85.9,-89.5,-90.1,-87.5,-83.1,-79.5,-78.8,-81.3,-84.4,-86.2,-87.1,-86.6,-84.8,-82.8,-80.1,-78.4,-78.0,-78.5,-79.9,-81.8,-83.3,-82.2,-82.5,-84.0,-85.8,-86.9,-86.6,-85.1,481.6,481.4,480.4,479.2,478.6,479.0,479.9,481.0,485.8,482.7,479.8,478.0,477.9,478.9,480.4,479.2,478.2,478.5,480.2,482.9,481.3,480.8,480.4,480.3,480.5,481.0,481.4,481.6,439.3,438.6,437.3,436.1,435.7,436.3,437.6,439.2,442.7,440.0,437.3,435.1,435.1,436.5,438.8,437.2,436.3,436.5,437.9,440.5,438.8,438.3,437.7,437.5,437.6,438.1,438.7,438.9,23.6,-51.5,479.9,0.26,0.274,0.094,0.92,0.9,0.0,0.55,0.0,0.0,0.0,0.0,0.0,0.0,0.34,0.0,0.0,0.0,1.64,2.19
-0.207813,0.361308,-0.908994,-0.296503,0.270391,-0.915956,-0.27,0.333,259.6,261.7,265.9,269.6,270.8,269.0,264.6,260.8,255.6,258.0,261.5,265.9,270.2,273.5,275.7,272.8,268.9,264.8,261.0,257.8,263.5,265.1,266.9,267.8,267.3,265.7,263.9,263.0,312.8,315.2,319.5,323.0,323.7,321.2,317.0,313.2,309.1,311.4,314.5,319.0,324.0,328.0,330.8,327.0,322.6,318.3,314.2,310.9,316.5,318.0,319.7,320.7,320.4,319.0,317.2,316.2,155.0,151.0,149.6,151.7,156.0,160.3,161.3,159.2,156.3,154.3,153.1,152.8,153.9,156.1,158.9,159.9,160.0,159.8,159.2,158.1,157.2,158.1,157.5,155.8,154.0,153.1,153.7,155.4,158.6,154.7,153.8,156.3,160.8,164.6,165.6,163.4,160.4,158.2,156.9,157.0,159.0,161.5,164.7,165.9,165.8,165.2,163.9,162.5,161.2,162.2,161.8,160.2,158.4,157.4,157.8,159.3,-4.6,-2.4,2.0,5.9,7.1,5.3,0.6,-3.3,-8.9,-6.3,-2.6,1.9,6.5,10.0,12.3,9.2,5.1,0.8,-3.2,-6.6,-0.5,1.2,3.0,4.0,3.5,1.8,-0.1,-1.1,47.2,49.6,53.5,56.8,57.4,55.1,51.1,47.7,44.1,45.9,48.7,52.9,57.6,61.7,64.7,60.8,56.4,52.2,48.4,45.6,50.8,52.2,53.8,54.7,54.5,53.1,51.5,50.6,-99.9,-104.1,-105.3,-103.0,-98.3,-93.9,-92.9,-95.3,-99.2,-100.8,-101.5,-101.5,-100.3,-98.3,-95.6,-94.3,-94.0,-94.2,-95.2,-96.8,-97.5,-96.5,-97.0,-98.8,-100.8,-101.8,-101.3,-99.5,-88.5,-92.2,-92.9,-90.2,-85.8,-82.1,-81.4,-83.8,-87.5,-89.1,-89.8,-89.3,-87.4,-85.2,-82.6,-81.1,-80.9,-81.6,-83.1,-84.9,-85.9,-84.8,-85.1,-86.6,-88.5,-89.6,-89.3,-87.8,490.5,490.5,489.8,488.8,488.0,488.1,488.7,489.7,494.4,491.5,488.8,487.2,487.3,488.4,489.8,488.4,487.3,487.4,488.9,491.5,490.3,489.8,489.5,489.5,489.9,490.3,490.6,490.6,452.1,451.7,450.5,449.2,448.5,448.9,450.1,451.8,455.3,452.8,450.1,448.1,448.0,449.4,451.5,449.7,448.7,448.8,450.3,453.0,451.5,451.0,450.5,450.3,450.6,451.1,451.6,451.8,24.5,-53.4,484.5,0.245,0.277,0.106,0.99,0.88,0.0,0.32,0.0,0.0,0.0,0.0,0.0,0.0,0.57,0.0,0.0,0.0,1.51,2.25
